500 1000 3
1 7 7 6 3 4 6 9 5 8 7 3 9 3 6 8 3 3 3 4 7 7 10 8 3 1 7 3 1 9 5 8 3 10 6 10 7 7 8 5 5 6 10 9 8 1 9 8 4 9 10 3 1 10 10 8 4 3 3 8 5 3 10 10 2 10 8 8 9 3 9 4 7 6 6 8 7 8 5 6 6 10 3 3 3 2 1 4 2 10 4 7 5 9 2 5 9 10 4 5 10 1 5 4 10 9 7 1 3 8 8 2 9 7 4 2 4 3 2 6 9 2 9 2 4 1 4 2 10 10 1 3 6 10 8 4 4 5 4 7 6 10 4 9 8 6 4 8 2 5 10 6 3 7 3 7 9 6 5 9 9 4 4 2 5 3 4 10 1 5 6 4 2 8 5 1 10 8 3 4 6 2 10 8 8 7 2 6 6 3 3 8 1 7 3 10 2 9 1 7 8 4 8 8 1 10 6 5 10 10 7 5 10 3 6 8 5 7 7 3 9 4 6 6 10 10 2 9 2 3 7 9 9 3 5 7 5 10 4 9 8 10 10 1 9 3 5 4 3 8 9 10 5 5 1 7 10 1 10 9 6 10 4 8 6 9 9 2 4 8 4 5 8 9 8 1 6 9 6 6 4 7 4 5 7 9 4 4 9 7 2 4 3 2 9 4 4 4 1 9 2 4 9 8 9 5 4 5 6 5 8 5 3 6 10 8 5 4 3 8 2 1 8 5 3 10 10 2 6 3 5 10 2 10 3 2 10 5 2 3 5 1 6 9 6 8 5 3 10 1 10 8 8 8 6 2 7 6 9 3 6 2 9 9 9 1 6 1 4 4 6 2 4 3 2 3 6 1 2 8 5 3 8 7 10 3 9 6 3 2 9 9 5 5 2 8 2 2 5 6 6 1 2 9 1 1 4 7 2 3 10 4 8 2 3 6 3 6 8 4 8 2 8 3 1 9 5 4 9 8 9 1 4 8 8 3 9 6 6 10 9 7 10 4 6 9 4 8 2 3 6 5 3 3 4 10 7 6 6 4 7 6 1 10 6 2 5 10 9 7 8 1 4 4 4 3 8 7 5 3 5 5 2 2 10 6 3 7 7 9 9 3 7 6 3 2 3 5 10 3 
1 2 8
2 3 10
3 4 1
1 5 4
1 6 5
4 7 2
1 8 1
7 9 9
4 10 2
1 11 1
6 12 6
4 13 6
12 14 8
3 15 8
3 16 8
4 17 3
3 18 7
7 19 3
2 20 4
10 21 2
18 22 6
14 23 5
21 24 9
24 25 9
8 26 4
11 27 1
5 28 10
23 29 5
17 30 2
27 31 3
26 32 4
15 33 3
33 34 5
26 35 8
5 36 4
6 37 10
14 38 7
4 39 2
39 40 5
12 41 7
40 42 8
26 43 7
33 44 2
17 45 3
42 46 6
34 47 4
30 48 10
21 49 10
26 50 5
5 51 6
40 52 10
42 53 7
7 54 4
52 55 9
23 56 6
29 57 5
42 58 7
41 59 10
45 60 6
48 61 6
53 62 1
18 63 3
35 64 3
29 65 10
30 66 4
9 67 9
56 68 10
49 69 1
40 70 8
3 71 4
27 72 8
10 73 6
36 74 2
43 75 5
64 76 10
9 77 3
24 78 8
14 79 9
69 80 7
60 81 4
13 82 9
7 83 8
7 84 9
33 85 10
3 86 2
84 87 5
86 88 1
29 89 1
8 90 7
89 91 1
9 92 2
12 93 7
74 94 1
31 95 1
79 96 4
37 97 2
88 98 3
43 99 9
88 100 5
38 101 2
2 102 2
67 103 4
39 104 6
52 105 7
23 106 4
84 107 2
79 108 1
106 109 7
10 110 1
77 111 6
28 112 4
43 113 8
75 114 3
14 115 2
43 116 1
87 117 9
43 118 4
57 119 2
99 120 3
15 121 10
106 122 8
71 123 7
105 124 4
67 125 4
115 126 8
9 127 2
92 128 2
106 129 10
30 130 1
58 131 6
7 132 7
42 133 6
33 134 6
50 135 3
110 136 2
10 137 8
131 138 4
80 139 6
139 140 5
53 141 2
84 142 5
52 143 4
76 144 3
126 145 10
144 146 9
101 147 8
23 148 5
135 149 9
51 150 6
22 151 4
62 152 4
66 153 9
42 154 5
128 155 6
73 156 8
150 157 2
111 158 4
37 159 1
121 160 3
84 161 10
46 162 8
123 163 8
149 164 9
135 165 9
108 166 10
90 167 7
21 168 3
129 169 9
119 170 3
73 171 5
101 172 8
160 173 6
102 174 4
53 175 1
67 176 10
67 177 9
48 178 8
159 179 6
56 180 10
31 181 4
170 182 10
87 183 6
21 184 6
171 185 1
106 186 10
55 187 1
62 188 1
91 189 1
8 190 5
37 191 10
148 192 4
97 193 1
30 194 7
123 195 1
191 196 4
111 197 7
12 198 2
180 199 4
120 200 2
108 201 9
43 202 3
95 203 1
160 204 9
18 205 10
116 206 3
19 207 10
197 208 3
175 209 10
197 210 8
165 211 6
20 212 7
145 213 3
65 214 10
113 215 8
77 216 5
127 217 8
148 218 7
66 219 1
188 220 3
43 221 3
135 222 1
31 223 5
49 224 8
213 225 10
129 226 9
54 227 7
204 228 2
195 229 2
80 230 5
34 231 10
5 232 2
121 233 4
40 234 6
101 235 9
40 236 4
197 237 7
35 238 10
97 239 5
54 240 1
163 241 6
180 242 7
170 243 1
205 244 3
154 245 9
78 246 1
5 247 5
33 248 2
16 249 7
42 250 7
162 251 7
73 252 7
85 253 1
154 254 10
217 255 2
65 256 8
198 257 9
238 258 7
182 259 9
141 260 7
8 261 6
129 262 10
115 263 9
171 264 2
221 265 5
71 266 8
20 267 2
240 268 10
10 269 8
122 270 8
155 271 3
93 272 9
47 273 7
106 274 4
21 275 2
235 276 4
240 277 6
91 278 9
10 279 6
276 280 4
200 281 6
239 282 10
15 283 8
216 284 7
153 285 2
245 286 6
121 287 3
275 288 2
109 289 3
28 290 3
226 291 2
14 292 7
126 293 2
189 294 2
204 295 5
150 296 8
127 297 1
76 298 5
25 299 5
188 300 4
1 301 10
248 302 7
267 303 3
141 304 10
100 305 5
25 306 7
203 307 7
141 308 5
90 309 1
91 310 1
188 311 2
137 312 6
57 313 7
260 314 1
169 315 5
24 316 7
192 317 5
163 318 8
48 319 10
217 320 4
108 321 9
146 322 1
112 323 2
202 324 6
112 325 9
134 326 1
128 327 9
276 328 6
35 329 5
307 330 10
310 331 10
294 332 4
139 333 4
191 334 3
298 335 1
46 336 9
113 337 6
139 338 10
17 339 3
149 340 3
324 341 1
220 342 5
122 343 6
307 344 1
274 345 2
166 346 7
69 347 7
290 348 10
76 349 5
19 350 9
94 351 4
307 352 7
162 353 3
283 354 9
297 355 3
167 356 10
210 357 5
105 358 9
71 359 4
110 360 1
240 361 9
348 362 10
261 363 7
321 364 5
144 365 6
106 366 4
183 367 10
86 368 7
204 369 2
53 370 1
284 371 3
332 372 2
74 373 5
71 374 6
141 375 10
161 376 2
163 377 9
139 378 10
225 379 2
69 380 9
51 381 6
56 382 7
94 383 10
209 384 1
143 385 1
16 386 9
382 387 4
25 388 7
76 389 5
310 390 5
364 391 8
115 392 8
150 393 2
389 394 2
223 395 6
40 396 8
176 397 8
72 398 6
240 399 5
17 400 9
187 401 4
386 402 1
344 403 7
108 404 3
299 405 6
253 406 9
370 407 6
53 408 4
173 409 8
293 410 8
166 411 1
387 412 3
123 413 7
302 414 5
6 415 6
249 416 8
8 417 5
196 418 10
388 419 5
288 420 8
131 421 1
197 422 1
348 423 9
364 424 1
215 425 9
255 426 3
270 427 1
128 428 10
129 429 1
179 430 10
82 431 4
252 432 6
91 433 9
162 434 2
214 435 3
82 436 9
141 437 2
126 438 3
121 439 8
399 440 2
125 441 7
165 442 2
427 443 7
259 444 1
156 445 8
182 446 3
140 447 5
115 448 2
220 449 9
383 450 4
76 451 1
219 452 3
49 453 6
139 454 9
346 455 10
197 456 3
286 457 7
367 458 9
78 459 5
4 460 7
85 461 10
178 462 10
386 463 2
136 464 3
246 465 8
297 466 1
427 467 2
460 468 2
16 469 8
261 470 4
453 471 8
91 472 3
266 473 9
378 474 5
97 475 1
139 476 3
461 477 9
406 478 8
439 479 7
468 480 9
130 481 10
26 482 10
108 483 2
398 484 3
311 485 1
458 486 5
355 487 8
464 488 2
328 489 1
329 490 6
319 491 4
25 492 1
1 493 4
21 494 4
212 495 6
263 496 9
97 497 5
327 498 5
53 499 3
19 500 7
125 4 3
208 355 3
361 274 6
19 416 1
394 241 7
133 232 9
496 23 8
454 404 7
403 345 6
232 301 6
20 66 4
164 30 3
123 141 3
384 5 4
180 261 1
172 471 1
458 402 2
212 230 7
436 284 9
400 323 9
96 288 6
106 403 6
129 246 5
338 417 1
165 149 1
66 145 1
294 492 7
101 28 2
38 52 5
398 195 7
95 388 2
324 225 3
199 189 4
222 418 6
495 119 3
449 353 9
480 40 5
179 312 10
239 25 4
415 464 4
98 455 1
29 378 4
236 21 4
350 76 4
77 205 6
95 16 7
60 64 7
146 438 1
73 382 5
428 85 10
347 500 10
316 32 4
178 24 1
82 241 10
373 381 3
252 463 10
184 72 6
466 408 3
488 378 8
322 483 10
266 496 4
231 415 6
120 389 9
183 203 5
370 16 5
247 33 1
257 480 9
175 457 10
221 66 9
118 367 5
384 417 1
237 372 7
117 307 4
120 418 10
205 323 3
395 79 1
130 282 6
42 490 3
414 54 3
270 351 3
359 355 6
281 246 3
20 64 3
175 248 7
232 260 4
163 374 4
95 281 3
332 415 4
445 91 2
142 74 6
268 96 2
57 33 2
252 353 9
58 138 5
262 348 1
377 364 6
206 429 1
340 96 9
159 18 1
162 443 3
48 230 2
49 300 8
470 354 9
470 91 9
140 468 7
8 393 9
484 270 7
399 10 3
369 441 1
304 231 7
169 376 7
234 479 4
410 418 5
458 32 4
106 453 10
223 366 9
89 303 3
476 475 6
442 304 5
295 319 10
277 404 3
381 145 4
468 252 7
139 458 5
424 9 4
206 51 8
463 479 3
435 198 7
18 416 3
248 467 2
358 108 5
53 462 7
265 214 7
80 289 4
124 263 2
231 45 9
303 269 6
114 407 8
446 208 2
119 478 1
295 90 7
63 179 6
460 361 4
51 186 1
482 318 6
365 128 8
476 93 10
25 112 1
146 109 4
363 197 5
68 181 9
208 78 7
105 199 9
347 330 10
207 165 1
498 370 8
402 135 5
45 254 3
143 294 8
234 459 7
39 140 8
19 423 7
39 70 9
164 311 7
415 95 10
206 50 7
467 233 1
482 353 5
443 388 4
259 172 10
176 300 7
133 309 2
209 295 8
103 267 1
327 493 10
430 169 7
384 465 10
286 341 2
234 438 5
30 264 6
233 296 2
263 131 6
282 31 9
273 460 3
366 272 1
42 132 10
91 35 8
60 304 5
427 141 4
13 481 8
496 500 9
355 251 2
295 272 3
146 284 1
79 253 3
314 301 5
65 123 5
363 178 1
428 230 10
311 446 10
216 412 2
361 261 8
275 322 1
220 433 9
421 387 2
374 404 2
426 161 8
124 313 3
269 486 1
367 141 7
264 106 1
102 116 6
191 371 4
206 453 3
158 288 6
415 492 7
281 208 10
29 148 2
109 483 8
309 308 3
77 301 8
71 457 7
399 498 6
479 103 3
329 482 2
35 464 4
218 162 3
450 54 6
275 244 10
29 167 5
470 243 3
490 207 1
135 132 5
231 306 2
195 479 10
270 93 9
298 85 10
181 262 9
225 391 4
355 383 2
262 230 3
164 413 2
460 176 8
274 477 1
251 332 1
260 442 1
420 467 10
92 237 4
59 362 9
171 59 6
292 497 9
385 161 9
360 266 2
433 476 3
234 31 6
179 463 2
337 172 3
489 166 2
482 228 7
167 207 8
318 46 3
444 112 7
417 342 1
189 430 10
326 146 6
215 385 8
27 316 4
175 74 10
365 475 1
55 358 10
479 174 7
368 249 7
259 379 2
91 153 5
205 20 8
459 439 10
136 333 6
17 379 10
142 222 10
215 356 2
43 451 4
118 170 3
448 467 10
57 314 5
145 280 8
320 178 8
199 451 2
155 495 8
67 198 3
139 8 9
127 376 3
253 225 2
421 164 10
33 361 8
160 214 6
381 67 10
489 243 3
148 474 1
39 473 7
348 143 5
126 240 7
381 204 2
261 185 6
180 193 3
308 301 8
109 320 2
67 463 4
190 281 6
8 398 4
18 80 6
454 220 2
224 72 3
351 366 1
369 354 1
399 411 3
99 343 10
153 415 7
150 6 5
359 481 4
358 370 9
148 57 3
487 312 9
406 324 5
426 42 4
1 254 2
345 226 1
337 208 6
380 127 6
219 256 1
186 177 10
394 128 1
463 208 1
132 266 9
309 356 5
37 24 4
191 158 3
473 442 9
309 76 5
370 193 7
478 102 9
337 2 8
491 340 9
133 79 1
481 346 9
134 105 8
119 298 2
92 301 5
38 312 2
472 286 2
473 413 8
59 14 5
129 131 2
110 242 10
393 183 9
454 358 5
218 121 8
446 447 1
340 265 10
238 469 2
98 479 6
149 369 9
31 157 8
221 209 6
136 407 7
452 47 8
450 404 3
176 213 5
478 176 6
56 38 7
330 95 1
397 346 3
55 172 6
24 348 8
127 123 8
145 491 7
231 16 6
75 256 10
426 50 7
244 72 1
254 200 1
279 286 4
114 386 3
284 139 6
385 183 3
373 102 10
382 208 4
135 373 4
84 222 6
163 297 6
435 94 4
56 255 9
301 144 9
338 173 7
496 472 5
358 61 2
255 347 8
389 271 2
371 87 7
481 290 7
408 189 1
329 351 5
136 310 3
46 279 4
330 59 4
384 279 7
322 272 1
310 367 5
344 6 10
46 482 5
239 249 9
358 365 2
113 141 3
75 435 3
29 363 8
452 133 10
399 478 4
342 264 2
38 208 7
349 183 8
106 244 3
67 89 4
441 375 2
305 376 5
389 388 10
415 405 6
257 52 5
267 11 6
56 325 10
278 323 4
498 79 4
257 443 1
255 132 7
69 242 10
473 227 6
197 234 6
170 342 5
360 318 9
102 106 7
442 398 10
168 232 9
300 308 9
331 93 2
172 103 8
492 416 3
403 189 5
352 43 3
147 189 1
263 401 10
88 131 1
312 246 3
466 491 4
233 276 3
91 385 10
406 372 5
461 427 2
493 69 3
145 103 2
452 178 9
293 346 3
140 43 2
346 133 8
410 279 8
448 266 4
432 17 1
293 328 2
164 23 2
354 470 4
91 62 6
474 478 2
464 131 7
311 24 7
119 259 4
479 131 7
433 425 10
294 344 1
385 117 6
449 249 2
142 276 3
218 222 7
192 69 7
464 212 5
143 247 2
493 216 8
102 94 1
107 305 9
118 242 4
414 211 10
303 57 8
445 385 9
402 221 9
9 99 6
264 378 4
276 333 1
176 155 10
1 175 1
464 246 6
191 17 6
195 51 4
242 396 4
140 434 7
365 16 9
