5
200
17283 8662 0
14077 12328 0
3565 1739 0
4582 15426 0
431 10852 0
9781 12446 0
7345 14860 0
15333 494 0
16715 15334 0
2915 3610 0
12200 6061 0
11372 8138 0
7267 6938 0
7765 2567 0
7229 2170 0
8485 3249 0
415 10300 0
9344 2476 0
10272 9091 0
1364 2071 0
7334 3201 0
7585 6241 0
2218 17375 0
15088 3426 0
17604 7801 0
8147 11133 0
8440 17455 0
2012 212 0
18420 13835 0
9217 13686 0
6533 1090 0
18250 79 0
9821 7024 0
4828 3252 0
7090 9644 0
16983 10739 0
13535 4156 0
6472 18613 0
12531 8680 0
6488 3607 0
3898 1117 0
10723 1307 0
18834 10130 0
15027 10071 0
15461 13070 0
931 13695 0
6734 8668 0
261 236 0
11420 5542 0
3390 7468 0
18077 6552 0
14313 3088 0
9253 18061 0
10483 1331 0
5580 4812 0
1895 639 0
4993 3798 0
7910 1368 0
3082 7574 0
10595 359 0
10236 4151 0
18948 16333 0
17892 6628 0
783 731 0
1936 13548 0
11063 9321 0
12813 12711 0
12101 18353 0
13282 11286 0
1581 11041 0
2750 12444 0
14839 19642 0
11915 8683 0
7265 4967 0
8588 7910 0
8594 654 0
11604 8615 0
2105 1137 0
1458 1153 0
2155 11741 0
16201 16042 0
9199 9139 0
19636 18127 0
6232 6010 0
17563 13133 0
12612 18172 0
2511 1176 0
15005 16210 0
5311 2765 0
937 7084 0
7729 491 0
17324 1043 0
661 3484 0
2832 9152 0
8072 16683 0
11945 5558 0
5705 392 0
9972 1111 0
9344 3476 0
3286 1182 0
5552 3050 0
13749 14247 0
12327 1797 0
13742 10752 0
15867 19191 0
16817 11484 0
17474 8564 0
11705 6821 0
13599 7528 0
13466 5722 0
13080 8414 0
19877 2783 0
9875 4149 0
15662 15857 0
9039 1249 0
2678 15214 0
7562 17293 0
17450 296 0
11020 3961 0
4307 3141 0
9119 5557 0
18212 10729 0
2873 16207 0
9541 6082 0
11727 7729 0
18440 1335 0
12010 9741 0
14009 6837 0
5281 2385 0
10995 18866 0
19061 19744 0
4127 9083 0
16828 1730 0
3714 2208 0
11059 9469 0
12600 3165 0
7509 2894 0
4022 3401 0
6015 15 0
13179 4280 0
7639 16484 0
14062 15556 0
19147 15159 0
3245 1797 0
9635 11374 0
291 5919 0
7350 1232 0
11174 2710 0
9660 1376 0
17603 1994 0
13123 2223 0
6220 135 0
12668 8852 0
4442 12505 0
16405 3217 0
4390 2381 0
15392 3925 0
4890 12215 0
397 12816 0
14854 10861 0
1991 1237 0
3006 12084 0
14162 11678 0
14797 1459 0
6224 1577 0
15994 1479 0
14462 809 0
2047 18616 0
19441 11053 0
18594 16178 0
7532 806 0
3638 370 0
2265 2508 0
1952 1669 0
13482 8587 0
6356 1031 0
5822 659 0
11555 9492 0
14814 15793 0
4760 3874 0
1650 14222 0
547 14850 0
13210 6707 0
3909 9116 0
14507 566 0
13927 8827 0
7196 837 0
10889 10516 0
868 635 0
12751 3859 0
7883 8436 0
5094 1619 0
4872 1163 0
4120 3208 0
12904 8532 0
12214 4161 0
5620 6891 0
12611 18686 0
11288 15173 0
1779 8156 0
200
9688 8668 0
12034 16435 0
17355 4595 0
18024 3147 0
16831 1672 0
19595 12483 0
15036 10694 0
4662 13886 0
380 11553 0
3203 1129 0
16282 18516 0
6604 4454 0
1983 18290 0
3376 16497 0
4475 17744 0
6586 4526 0
8415 6721 0
11044 6572 0
10681 6679 0
15172 9533 0
14881 10710 0
11608 8379 0
4457 5687 0
6347 13165 0
7160 10322 0
12343 2554 0
1404 14103 0
3581 8846 0
13903 381 0
4771 6186 0
13115 3964 0
3377 8423 0
2062 3660 0
11751 11534 0
12820 8092 0
11490 961 0
2385 12101 0
6131 4500 0
2922 14135 0
12283 3777 0
12218 13857 0
15085 7340 0
9843 14775 0
5862 2284 0
16360 926 0
13988 14187 0
19662 17021 0
17165 15451 0
4028 4143 0
5153 19479 0
9715 6970 0
11120 8949 0
1465 5767 0
637 16393 0
18420 931 0
15509 19539 0
2869 19633 0
10133 5 0
7584 238 0
14938 12531 0
11053 15512 0
5242 4413 0
5983 14559 0
1897 15342 0
891 3276 0
3661 18267 0
9772 19544 0
5250 12915 0
4167 5866 0
3035 5290 0
14212 16930 0
382 16522 0
8222 12233 0
543 7661 0
14343 14609 0
1742 15623 0
13451 1247 0
6692 3140 0
6636 19064 0
1603 6444 0
3299 5576 0
10003 9773 0
13866 1974 0
572 9621 0
7173 5657 0
6074 4379 0
5386 13411 0
18004 14873 0
18991 2507 0
2454 11913 0
226 2335 0
3566 17303 0
4419 14991 0
10558 9231 0
10591 16988 0
6032 6395 0
7827 12542 0
4719 14235 0
15453 7883 0
18167 12442 0
83 11991 0
13890 15868 0
11956 18197 0
1455 7011 0
836 8582 0
4716 13499 0
139 5677 0
3892 10464 0
7850 12996 0
402 8854 0
2393 8003 0
15894 9092 0
3893 6058 0
2996 9686 0
13081 6495 0
15329 2099 0
335 5123 0
10092 2309 0
3237 16453 0
4955 3079 0
10520 6303 0
8177 1965 0
1539 14970 0
5694 3746 0
19598 3005 0
15552 18549 0
12687 8326 0
2954 8393 0
19730 18961 0
4031 11725 0
12807 18021 0
9243 16505 0
12265 4062 0
3957 11749 0
15802 9858 0
4690 7894 0
11021 14355 0
10129 18321 0
10906 13144 0
5661 11570 0
9455 6402 0
7284 15934 0
17569 17102 0
17335 16726 0
16600 796 0
10046 1042 0
12737 6791 0
10058 5548 0
704 2657 0
434 18843 0
19111 11836 0
12790 4075 0
8279 48 0
9669 14781 0
5981 7444 0
2037 19574 0
17278 19186 0
4172 7258 0
18537 1272 0
19995 736 0
10132 12027 0
12898 15421 0
64 16891 0
7850 7101 0
15306 810 0
16668 18149 0
9520 15341 0
6678 11939 0
159 14431 0
10619 2769 0
11732 5888 0
4241 5109 0
9693 9223 0
7339 12562 0
13061 19378 0
4102 14441 0
5344 12017 0
10188 2301 0
14763 10211 0
12184 8058 0
388 6656 0
5459 8227 0
17020 19217 0
5247 18790 0
2525 5821 0
2187 19886 0
2981 13668 0
14677 2924 0
14319 4476 0
14376 11424 0
19531 18646 0
6743 8873 0
7216 11431 0
1238 13119 0
7430 16454 0
16696 14195 0
12818 16538 0
12623 6659 0
3451 3484 0
10945 7373 0
200
8154 5341 0
107 6246 0
48 14677 0
12874 6876 0
17730 10248 0
5256 18608 0
14083 19347 0
13141 7359 0
17619 9485 0
2126 3349 0
9371 4187 0
7793 18129 0
13208 17560 0
14269 12872 0
42 3109 0
10988 18012 0
12691 13924 0
19023 19660 0
4060 19394 0
16823 3406 0
10649 4694 0
9984 17064 0
13311 10136 0
17606 4420 0
16146 14668 0
17816 12046 0
5839 5212 0
6187 16577 0
19129 6070 0
17981 5008 0
6955 11155 0
3562 7710 0
19193 2115 0
14100 6330 0
3843 15101 0
15240 11045 0
14200 7797 0
7311 14588 0
1819 2685 0
13007 1992 0
4910 18582 0
2391 5482 0
18043 901 0
15777 5761 0
1674 1886 0
13138 8344 0
15281 13340 0
19248 1465 0
12688 10682 0
15919 11176 0
19013 1846 0
5635 8683 0
13202 1117 0
7257 10491 0
1717 4307 0
13322 9860 0
570 15930 0
13188 17501 0
4715 13807 0
11722 14715 0
4058 4406 0
13167 1590 0
1552 3783 0
4408 5237 0
1190 16070 0
12022 18853 0
656 17471 0
13781 8816 0
545 16031 0
15236 13527 0
1323 19017 0
15986 5399 0
13233 16282 0
17768 17429 0
13998 13594 0
2158 9537 0
4795 2675 0
4522 7288 0
7658 1616 0
14574 16326 0
18055 8273 0
5005 16141 0
15721 9701 0
6277 1503 0
4353 10704 0
2047 11222 0
18200 14716 0
13567 3048 0
2761 18081 0
19334 5925 0
17926 9045 0
4456 19763 0
19489 10077 0
9191 9385 0
10825 19541 0
5268 18795 0
12084 19081 0
11008 15131 0
5979 12138 0
19570 13581 0
1279 5918 0
13558 15275 0
1532 15049 0
6012 17540 0
628 16832 0
16889 2147 0
13833 7684 0
8554 16413 0
19130 7858 0
10711 15249 0
9513 11137 0
7692 76 0
9097 14750 0
15208 8858 0
11615 11986 0
18077 1145 0
11319 9316 0
677 9414 0
7118 3487 0
3551 1761 0
18835 3821 0
19801 12094 0
7192 6622 0
12942 19922 0
14451 3366 0
6879 13501 0
6760 15981 0
13433 7392 0
16170 2838 0
3186 1333 0
16614 17548 0
18030 19760 0
19636 3869 0
14813 4922 0
7358 16638 0
1460 10906 0
16696 870 0
178 6028 0
14591 9323 0
427 4800 0
298 9310 0
3393 244 0
13039 3416 0
10143 2592 0
11397 6149 0
3064 13753 0
15509 300 0
10305 8293 0
11954 9042 0
1067 14366 0
3786 6742 0
11043 9882 0
5176 2482 0
17134 4800 0
18174 10643 0
12221 12830 0
8414 18187 0
13688 19568 0
14072 18914 0
14420 13632 0
1516 16389 0
1586 18233 0
9962 11383 0
9705 4525 0
15051 18249 0
9309 452 0
12674 4513 0
1605 6011 0
18584 1212 0
18211 9350 0
9362 9125 0
5479 6882 0
13095 15081 0
4485 9847 0
4130 19990 0
13485 7048 0
4642 9927 0
18008 13543 0
16372 4943 0
11075 6978 0
19601 3662 0
1416 4042 0
19659 13383 0
6855 7934 0
12987 8914 0
12179 10142 0
14176 17773 0
19836 13444 0
11008 1099 0
11976 16237 0
9480 11482 0
6608 18933 0
3070 11661 0
763 1463 0
18890 4083 0
8137 4316 0
1386 492 0
9807 1937 0
9423 425 0
5202 3344 0
200
18392 7795 0
11082 10714 0
2665 172 0
15076 9750 0
16617 15582 0
16586 3993 0
18633 18628 0
17530 7810 0
13968 12100 0
12233 11298 0
16041 9282 0
15640 5779 0
18968 2225 0
17186 6222 0
11944 11686 0
19100 14611 0
13378 12433 0
10747 1329 0
4260 604 0
12715 12441 0
15597 4958 0
15242 2130 0
18434 8590 0
14609 6330 0
10618 6900 0
17236 11139 0
11676 10548 0
13051 12924 0
14289 14884 0
14215 9362 0
16220 12061 0
19734 13784 0
17200 15212 0
10361 5294 0
19717 7337 0
1799 7667 0
12381 5417 0
9071 1758 0
18725 14865 0
14442 8825 0
13994 8332 0
12741 15606 0
19240 9319 0
12113 2385 0
9839 9038 0
12701 8724 0
17868 7413 0
19857 11800 0
15113 14295 0
15342 11918 0
17231 14242 0
17442 6652 0
18704 15688 0
18148 17608 0
14225 10838 0
16768 8904 0
18733 11854 0
9826 7995 0
19408 18158 0
17408 9631 0
16174 11031 0
15391 6118 0
14217 6242 0
11917 10688 0
2148 15146 0
18490 15835 0
18475 11564 0
10132 3760 0
13672 8898 0
16230 7827 0
18017 8550 0
8569 1286 0
19024 16117 0
11493 639 0
14292 9566 0
17659 9647 0
11813 4704 0
10490 9623 0
17375 12842 0
19348 18033 0
15313 9744 0
2274 673 0
17631 8295 0
13234 11233 0
11153 5273 0
51 10116 0
7352 3622 0
1644 9355 0
12285 7297 0
18412 9383 0
13485 11327 0
15989 10028 0
19197 3363 0
12440 7436 0
8507 291 0
10669 2463 0
16746 15095 0
19305 8042 0
17807 17522 0
10965 5616 0
9650 866 0
13668 11262 0
17655 16473 0
12210 10978 0
17817 5443 0
10178 16744 0
10994 7075 0
10935 19695 0
18525 12679 0
13010 2993 0
18460 18192 0
5579 4297 0
19620 1863 0
18205 9189 0
11467 13094 0
17536 5892 0
9801 4081 0
12702 4404 0
18948 15665 0
18873 14661 0
15164 12266 0
19197 13945 0
11800 1969 0
17603 14434 0
12329 7363 0
14294 3299 0
5564 5992 0
8006 4931 0
18165 13863 0
19982 10193 0
18385 16135 0
18450 5618 0
16954 5888 0
3268 2307 0
13210 10019 0
17499 17244 0
18420 7697 0
13058 2775 0
13719 6831 0
17322 15266 0
2863 15865 0
9052 4288 0
12886 7616 0
6150 5349 0
19552 15660 0
16986 10053 0
14033 9524 0
14213 4097 0
18173 3589 0
16016 13536 0
19341 9486 0
10921 7896 0
14684 13538 0
2296 13456 0
12239 3745 0
15778 12536 0
12812 11982 0
13022 3958 0
12454 11041 0
16038 7466 0
9815 3945 0
9121 3197 0
19115 5854 0
19010 17797 0
11770 8152 0
15243 5842 0
15906 10104 0
6802 9531 0
12696 5089 0
16361 4400 0
12730 9943 0
16000 6434 0
13876 10430 0
12260 8992 0
6812 6812 0
13631 5989 0
16890 11824 0
19969 2040 0
16651 11858 0
19616 10098 0
19566 16466 0
16298 6450 0
14289 11728 0
12066 10463 0
13026 1679 0
18013 7294 0
15398 11509 0
2090 6417 0
19064 11332 0
13542 10239 0
15145 4177 0
2291 1263 0
18060 17825 0
19036 11160 0
19125 15818 0
15477 1217 0
15434 11881 0
8306 3084 0
17198 12635 0
18172 10113 0
200
2945 17244 0
7094 15134 0
3096 15102 0
19737 18853 0
17809 9991 0
16476 8432 0
817 7434 0
5513 18205 0
16843 12593 0
18361 5347 0
15582 13741 0
16975 10856 0
19758 16632 0
8784 7304 0
5966 5223 0
5736 13104 0
19445 13291 0
18982 13399 0
12944 11074 0
17712 7608 0
16617 5741 0
7136 6967 0
6760 13384 0
17850 5988 0
4290 9962 0
16917 2670 0
11990 7929 0
10699 19682 0
17140 2920 0
19628 10147 0
14146 12241 0
7133 3021 0
1605 17943 0
12512 12410 0
16886 14137 0
17256 16942 0
19390 4578 0
16403 15820 0
18222 16598 0
15894 5510 0
18668 13628 0
14231 12963 0
10349 574 0
5137 8450 0
16147 10987 0
15060 3051 0
15984 10287 0
16816 12463 0
224 5868 0
14230 6774 0
4721 1883 0
10916 10180 0
14932 18392 0
2307 16460 0
7303 15807 0
19504 13377 0
12066 13295 0
10589 9718 0
6137 5096 0
8716 18946 0
9498 3956 0
19687 19891 0
15071 11800 0
16492 9246 0
9638 8952 0
12465 16560 0
16424 12743 0
1544 19015 0
6324 3087 0
6751 13294 0
19702 16816 0
4953 3388 0
5093 3845 0
11889 5898 0
19036 18214 0
17295 11989 0
13871 8662 0
9232 12026 0
17420 16696 0
16467 10192 0
13650 8263 0
16221 16077 0
15079 15497 0
19230 2384 0
17077 10461 0
15389 9440 0
13239 15279 0
5026 2208 0
18286 19029 0
3808 12251 0
15899 10969 0
18702 6804 0
13210 14253 0
17225 7453 0
10130 2944 0
11129 6252 0
17905 7091 0
18451 4006 0
18510 10321 0
18168 18089 0
16047 16036 0
13933 12777 0
8475 6256 0
16090 7486 0
17178 12663 0
7150 5562 0
19402 15717 0
2839 11471 0
1878 7753 0
18008 4436 0
13802 8863 0
8872 16315 0
18701 17848 0
18635 6593 0
17307 16973 0
9351 19821 0
19583 14023 0
9414 6702 0
12322 6320 0
15071 13529 0
7229 5068 0
5632 7331 0
13852 12530 0
18734 13831 0
12861 9435 0
16173 9592 0
17774 16955 0
6664 6307 0
18921 15872 0
12673 4773 0
4700 11142 0
7267 13005 0
18557 16786 0
13089 1643 0
15748 5404 0
19855 12160 0
18050 15103 0
4930 3893 0
5488 3562 0
7534 2414 0
19701 16893 0
18596 4689 0
12430 4112 0
19743 6704 0
1691 14836 0
17394 2060 0
16632 13072 0
17481 11439 0
19770 15976 0
11771 11203 0
18155 14527 0
11139 3985 0
11859 11144 0
14495 11536 0
14664 10390 0
17170 18414 0
15111 14531 0
19329 18352 0
14080 12427 0
5537 2579 0
11624 9663 0
978 3419 0
9620 8670 0
16609 16107 0
9895 7088 0
3467 5681 0
19873 8014 0
15795 15421 0
15698 7162 0
11481 6115 0
15028 913 0
15898 1973 0
18272 744 0
17378 12503 0
19251 6576 0
8038 7137 0
17552 12268 0
17645 7609 0
1257 4333 0
15621 11293 0
4697 10062 0
11017 8802 0
12956 17314 0
7661 4838 0
17989 2124 0
17888 15247 0
15017 11691 0
14378 13098 0
19317 19262 0
10180 18949 0
17756 16449 0
13702 7421 0
19678 11972 0
4138 10961 0
18371 16790 0
11550 14688 0
18309 14588 0
19555 8038 0
13739 12620 0
17388 998 0
