100 1000
445 958 285 287 603 884 955 797 112 420 37 675 147 213 59 923 520 359 330 413 223 83 815 554 913 548 578 268 891 458 911 100 670 433 275 483 672 618 190 594 980 736 774 809 264 8 489 190 206 766 984 634 558 595 588 116 346 412 162 410 954 121 442 375 5 255 795 778 375 851 723 111 56 762 605 203 188 637 865 485 208 2 24 894 210 858 4 866 470 233 795 241 233 284 212 494 118 218 859 333 
3 434
3 419
3 845
3 268
3 361
3 224
3 748
3 596
3 295
3 567
3 783
3 20
3 905
3 124
3 672
3 515
3 812
3 771
3 964
3 893
3 619
3 199
3 711
3 862
3 419
3 678
3 633
3 625
3 901
3 245
3 905
3 631
3 395
3 284
3 876
3 717
3 347
3 574
3 251
3 655
3 787
3 390
3 666
3 322
3 704
3 515
3 582
3 343
3 424
3 758
3 1000
3 11
3 958
3 26
3 366
3 306
3 426
3 559
3 940
3 263
3 276
3 779
3 797
3 83
3 29
3 131
3 755
3 236
3 285
3 786
3 780
3 370
3 495
3 25
3 563
3 449
3 638
3 86
3 627
3 751
3 929
3 567
3 665
3 954
3 672
3 151
3 843
3 922
3 196
3 707
3 194
3 625
3 981
3 594
3 422
3 22
3 732
3 970
3 450
3 123
3 78
3 766
3 632
3 58
3 867
3 112
3 345
3 982
3 360
3 67
3 909
3 836
3 236
3 272
3 138
3 589
3 175
3 141
3 649
3 391
3 691
3 426
3 79
3 856
3 188
3 981
3 94
3 708
3 526
3 339
3 152
3 402
3 249
3 339
3 725
3 558
3 984
3 220
3 711
3 30
3 350
3 218
3 755
3 421
3 278
3 671
3 223
3 702
3 700
3 883
3 717
3 116
3 104
3 147
3 106
3 626
3 289
3 764
3 152
3 726
3 57
3 699
3 877
3 625
3 346
3 455
3 606
3 438
3 147
3 41
3 184
3 819
3 915
3 619
3 916
3 651
3 15
3 688
3 148
3 5
3 714
3 993
3 402
3 422
3 849
3 22
3 611
3 727
3 102
3 688
3 759
3 787
3 996
3 436
3 68
3 68
3 346
3 393
3 242
3 786
3 484
3 991
3 909
3 511
3 586
3 881
3 367
3 999
3 431
3 572
3 769
3 536
3 300
3 210
3 689
3 767
3 765
3 135
3 753
3 679
3 869
3 422
3 903
3 923
3 240
3 261
3 190
3 927
3 847
3 155
3 231
3 422
3 546
3 16
3 664
3 785
3 118
3 737
3 508
3 63
3 933
3 297
3 165
3 58
3 172
3 197
3 783
3 527
3 120
3 686
3 319
3 527
3 261
3 762
3 999
3 96
3 509
3 9
3 734
3 732
3 274
3 665
3 390
3 882
3 513
3 979
3 444
3 248
3 692
3 643
3 568
3 164
3 356
3 159
3 639
3 58
3 665
3 145
3 119
3 6
3 799
3 410
3 318
3 837
3 769
3 31
3 684
3 787
3 552
3 242
3 420
3 531
3 75
3 778
3 364
3 236
3 786
3 476
3 71
3 430
3 114
3 383
3 795
3 150
3 560
3 585
3 721
3 349
3 343
3 366
3 549
3 631
3 123
3 159
3 785
3 306
3 912
3 670
3 823
3 9
3 736
3 647
3 986
3 300
3 725
3 668
3 624
3 272
3 793
3 22
3 394
3 789
3 14
3 866
3 866
3 991
3 426
3 721
3 764
3 70
3 392
3 102
3 161
3 157
3 27
3 912
3 183
3 551
3 632
3 253
3 903
3 296
3 462
3 434
3 202
3 937
3 526
3 440
3 664
3 506
3 787
3 60
3 686
3 906
3 47
3 723
3 284
3 987
3 464
3 843
3 349
3 282
3 824
3 714
3 859
3 61
3 278
3 177
3 593
3 916
3 299
3 675
3 238
3 705
3 147
3 340
3 256
3 271
3 598
3 118
3 804
3 781
3 644
3 957
3 244
3 688
3 695
3 114
3 772
3 358
3 209
3 948
3 677
3 373
3 875
3 895
3 976
3 547
3 68
3 382
3 530
3 872
3 705
3 355
3 766
3 624
3 241
3 426
3 367
3 250
3 894
3 54
3 988
3 261
3 269
3 8
3 192
3 766
3 63
3 120
3 482
3 252
3 619
3 361
3 780
3 856
3 408
3 856
3 671
3 344
3 808
3 281
3 925
3 211
3 668
3 240
3 452
3 361
3 213
3 77
3 376
3 747
3 387
3 525
3 187
3 37
3 786
3 427
3 277
3 495
3 482
3 551
3 191
3 341
3 477
3 329
3 112
3 170
3 510
3 539
3 723
3 104
3 741
3 155
3 942
3 52
3 832
3 399
3 683
3 949
3 958
3 205
3 749
3 566
3 676
3 134
3 594
3 325
3 351
3 158
3 872
3 159
3 108
3 738
3 897
3 620
3 792
3 426
3 950
3 276
3 493
3 406
3 941
3 5
3 331
3 209
3 765
3 239
3 264
3 430
3 74
3 552
3 402
3 46
3 379
3 830
3 586
3 806
3 830
3 666
3 740
3 467
3 775
3 763
3 520
3 941
3 830
3 615
3 999
3 951
3 800
3 61
3 692
3 447
3 956
3 552
3 669
3 574
3 205
3 142
3 259
3 450
3 860
3 50
3 887
3 162
3 381
3 990
3 367
3 794
3 940
3 526
3 356
3 949
3 9
3 438
3 526
3 541
3 638
3 570
3 157
3 528
3 590
3 539
3 872
3 976
3 828
3 572
3 270
3 502
3 295
3 854
3 133
3 908
3 709
3 654
3 586
3 837
3 498
3 23
3 92
3 275
3 793
3 95
3 225
3 519
3 22
3 242
3 155
3 648
3 199
3 857
3 147
3 705
3 675
3 848
3 818
3 633
3 437
3 20
3 671
3 175
3 98
3 394
3 631
3 572
3 706
3 300
3 495
3 285
3 895
3 25
3 660
3 750
3 85
3 889
3 601
3 821
3 285
3 555
3 263
3 894
3 412
3 376
3 80
3 157
3 233
3 850
3 542
3 782
3 91
3 572
3 42
3 897
3 98
3 907
3 719
3 739
3 168
3 846
3 835
3 639
3 965
3 423
3 598
3 645
3 333
3 151
3 562
3 622
3 898
3 84
3 531
3 838
3 204
3 945
3 689
3 680
3 70
3 534
3 281
3 513
3 120
3 632
3 969
3 299
3 405
3 661
3 193
3 829
3 230
3 477
3 853
3 163
3 125
3 170
3 654
3 314
3 684
3 244
3 609
3 413
3 784
3 460
3 464
3 960
3 527
3 116
3 134
3 200
3 213
3 11
3 497
3 438
3 884
3 530
3 69
3 334
3 755
3 649
3 269
3 188
3 456
3 304
3 821
3 441
3 614
3 336
3 3
3 631
3 307
3 659
3 671
3 413
3 689
3 440
3 594
3 272
3 155
3 756
3 198
3 365
3 116
3 119
3 677
3 299
3 564
3 718
3 981
3 84
3 709
3 792
3 790
3 86
3 436
3 958
3 34
3 785
3 103
3 126
3 443
3 800
3 996
3 613
3 301
3 364
3 188
3 706
3 76
3 905
3 690
3 865
3 488
3 348
3 60
3 621
3 933
3 358
3 169
3 774
3 970
3 952
3 852
3 532
3 826
3 717
3 782
3 802
3 12
3 431
3 479
3 862
3 799
3 747
3 373
3 47
3 674
3 932
3 278
3 64
3 89
3 316
3 158
3 565
3 441
3 248
3 148
3 5
3 3
3 405
3 528
3 801
3 729
3 469
3 194
3 240
3 270
3 804
3 735
3 520
3 903
3 341
3 460
3 196
3 121
3 524
3 481
3 626
3 394
3 712
3 580
3 245
3 441
3 90
3 810
3 102
3 713
3 888
3 110
3 482
3 246
3 354
3 901
3 230
3 968
3 690
3 770
3 808
3 638
3 592
3 956
3 120
3 278
3 1000
3 989
3 303
3 482
3 706
3 989
3 741
3 489
3 619
3 345
3 106
3 761
3 135
3 521
3 49
3 990
3 819
3 98
3 592
3 251
3 845
3 769
3 611
3 432
3 395
3 241
3 856
3 875
3 850
3 134
3 737
3 135
3 20
3 232
3 682
3 783
3 997
3 394
3 309
3 811
3 697
3 643
3 27
3 707
3 481
3 794
3 702
3 980
3 113
3 93
3 996
3 429
3 443
3 240
3 24
3 682
3 88
3 292
3 128
3 149
3 76
3 382
3 232
3 491
3 536
3 980
3 959
3 948
3 24
3 813
3 768
3 438
3 512
3 574
3 915
3 557
3 689
3 154
3 284
3 417
3 167
3 498
3 284
3 418
3 836
3 845
3 871
3 510
3 598
3 33
3 292
3 453
3 89
3 640
3 188
3 397
3 211
3 851
3 484
3 327
3 536
3 393
3 686
3 272
3 159
3 460
3 603
3 619
3 242
3 950
3 342
3 859
3 506
3 144
3 766
3 879
3 638
3 742
3 882
3 531
3 84
3 600
3 943
3 404
3 632
3 870
3 915
3 522
3 28
3 484
3 134
3 693
3 413
3 503
3 753
3 440
3 251
3 249
3 247
3 222
3 747
3 761
3 148
3 291
3 181
3 283
3 282
3 101
3 789
3 113
3 710
3 785
3 220
3 754
3 999
3 847
3 980
3 662
3 49
3 561
3 101
3 748
3 706
3 646
3 654
3 337
3 387
