100 1000
895 334 913 728 521 737 587 898 520 162 994 393 193 952 965 134 737 16 478 506 449 327 428 747 838 265 734 727 12 588 516 126 816 674 651 52 898 470 853 716 381 149 982 187 692 119 532 455 677 798 785 830 503 193 407 695 99 682 358 48 38 265 884 636 204 64 885 351 759 129 211 647 732 566 178 676 163 401 469 503 120 824 309 267 128 822 263 903 113 237 762 441 198 63 910 510 286 620 864 680 
3 334
3 822
3 336
3 865
3 459
3 162
3 532
3 201
3 589
3 639
3 459
3 31
3 405
3 673
3 511
3 435
3 667
3 987
3 283
3 905
3 278
3 541
3 513
3 210
3 394
3 283
3 491
3 62
3 117
3 586
3 260
3 423
3 879
3 583
3 330
3 666
3 468
3 209
3 627
3 820
3 585
3 997
3 609
3 516
3 899
3 848
3 675
3 878
3 888
3 983
3 382
3 961
3 614
3 131
3 801
3 178
3 349
3 551
3 744
3 733
3 971
3 729
3 771
3 84
3 76
3 370
3 719
3 673
3 893
3 108
3 264
3 724
3 187
3 965
3 53
3 364
3 991
3 581
3 114
3 466
3 984
3 630
3 299
3 854
3 370
3 668
3 245
3 96
3 14
3 821
3 416
3 688
3 354
3 741
3 920
3 297
3 427
3 64
3 54
3 232
3 296
3 180
3 474
3 26
3 856
3 556
3 944
3 502
3 695
3 27
3 960
3 392
3 574
3 674
3 994
3 97
3 15
3 538
3 684
3 239
3 159
3 369
3 75
3 421
3 191
3 840
3 54
3 16
3 265
3 474
3 509
3 814
3 457
3 475
3 311
3 960
3 879
3 111
3 669
3 982
3 853
3 464
3 775
3 575
3 100
3 784
3 261
3 521
3 645
3 253
3 388
3 607
3 788
3 395
3 916
3 145
3 836
3 567
3 946
3 323
3 345
3 334
3 288
3 619
3 587
3 967
3 653
3 492
3 970
3 292
3 33
3 985
3 530
3 699
3 145
3 658
3 31
3 757
3 907
3 686
3 582
3 846
3 645
3 924
3 325
3 627
3 360
3 201
3 866
3 990
3 396
3 26
3 849
3 900
3 814
3 567
3 519
3 954
3 5
3 709
3 64
3 489
3 667
3 812
3 15
3 60
3 680
3 613
3 59
3 914
3 177
3 279
3 174
3 682
3 573
3 45
3 616
3 118
3 651
3 855
3 284
3 104
3 25
3 854
3 781
3 758
3 141
3 107
3 912
3 860
3 895
3 824
3 124
3 217
3 231
3 693
3 422
3 3
3 214
3 531
3 902
3 699
3 329
3 906
3 989
3 646
3 715
3 339
3 938
3 643
3 59
3 500
3 917
3 422
3 81
3 667
3 374
3 614
3 143
3 607
3 250
3 833
3 479
3 773
3 335
3 314
3 6
3 579
3 893
3 508
3 609
3 32
3 906
3 484
3 455
3 906
3 426
3 947
3 835
3 309
3 592
3 704
3 676
3 50
3 817
3 589
3 36
3 842
3 680
3 301
3 320
3 769
3 241
3 348
3 734
3 820
3 510
3 346
3 98
3 951
3 392
3 79
3 949
3 60
3 837
3 762
3 68
3 335
3 705
3 125
3 128
3 780
3 499
3 129
3 27
3 344
3 862
3 572
3 389
3 489
3 983
3 377
3 201
3 13
3 619
3 202
3 68
3 954
3 886
3 1000
3 241
3 11
3 311
3 546
3 147
3 682
3 489
3 357
3 105
3 579
3 673
3 438
3 806
3 303
3 11
3 268
3 851
3 151
3 956
3 863
3 63
3 38
3 387
3 725
3 735
3 884
3 344
3 520
3 504
3 86
3 327
3 294
3 191
3 487
3 62
3 66
3 734
3 97
3 678
3 412
3 529
3 947
3 600
3 272
3 715
3 752
3 700
3 598
3 922
3 960
3 226
3 679
3 405
3 245
3 423
3 554
3 299
3 857
3 997
3 149
3 900
3 452
3 316
3 363
3 332
3 33
3 886
3 116
3 274
3 18
3 850
3 997
3 930
3 474
3 983
3 340
3 520
3 729
3 567
3 323
3 833
3 787
3 822
3 964
3 789
3 393
3 847
3 397
3 492
3 528
3 391
3 865
3 535
3 19
3 766
3 673
3 669
3 627
3 849
3 102
3 551
3 692
3 72
3 711
3 523
3 520
3 544
3 77
3 911
3 157
3 837
3 767
3 5
3 175
3 524
3 784
3 13
3 886
3 440
3 510
3 742
3 820
3 357
3 564
3 114
3 670
3 817
3 15
3 635
3 973
3 641
3 154
3 576
3 888
3 236
3 670
3 743
3 568
3 29
3 45
3 807
3 286
3 558
3 184
3 481
3 986
3 734
3 132
3 297
3 459
3 207
3 278
3 300
3 978
3 953
3 871
3 562
3 423
3 827
3 100
3 688
3 898
3 177
3 327
3 184
3 700
3 861
3 323
3 457
3 30
3 608
3 329
3 349
3 294
3 205
3 348
3 331
3 813
3 480
3 525
3 892
3 565
3 977
3 608
3 640
3 176
3 864
3 935
3 38
3 611
3 186
3 969
3 310
3 157
3 396
3 601
3 834
3 746
3 92
3 439
3 151
3 38
3 280
3 341
3 303
3 278
3 678
3 363
3 50
3 572
3 14
3 6
3 271
3 387
3 609
3 933
3 464
3 510
3 200
3 629
3 717
3 898
3 903
3 587
3 7
3 826
3 463
3 80
3 813
3 771
3 695
3 115
3 937
3 54
3 862
3 216
3 460
3 466
3 899
3 856
3 159
3 304
3 413
3 741
3 728
3 630
3 981
3 613
3 300
3 602
3 693
3 952
3 806
3 273
3 218
3 842
3 912
3 111
3 169
3 394
3 32
3 842
3 664
3 368
3 358
3 659
3 5
3 17
3 38
3 7
3 422
3 976
3 801
3 374
3 180
3 24
3 990
3 728
3 2
3 128
3 496
3 400
3 702
3 627
3 932
3 48
3 989
3 149
3 783
3 139
3 529
3 100
3 424
3 356
3 217
3 946
3 175
3 767
3 178
3 528
3 277
3 974
3 416
3 4
3 346
3 272
3 243
3 471
3 3
3 636
3 997
3 687
3 629
3 176
3 812
3 104
3 552
3 460
3 108
3 646
3 401
3 562
3 383
3 275
3 750
3 29
3 996
3 321
3 974
3 10
3 477
3 663
3 45
3 371
3 485
3 539
3 389
3 415
3 154
3 825
3 940
3 236
3 727
3 425
3 501
3 525
3 431
3 154
3 143
3 272
3 83
3 999
3 974
3 960
3 196
3 125
3 198
3 906
3 272
3 685
3 374
3 747
3 623
3 255
3 834
3 721
3 850
3 307
3 351
3 545
3 290
3 155
3 400
3 933
3 172
3 596
3 137
3 972
3 592
3 278
3 808
3 972
3 651
3 596
3 935
3 237
3 657
3 380
3 775
3 756
3 135
3 761
3 808
3 665
3 763
3 68
3 559
3 475
3 163
3 561
3 874
3 526
3 855
3 850
3 404
3 860
3 734
3 787
3 587
3 362
3 355
3 499
3 279
3 374
3 975
3 952
3 340
3 220
3 283
3 895
3 918
3 674
3 505
3 794
3 544
3 771
3 270
3 385
3 363
3 407
3 696
3 478
3 30
3 548
3 276
3 630
3 601
3 474
3 248
3 106
3 729
3 669
3 3
3 566
3 308
3 812
3 643
3 906
3 71
3 63
3 12
3 450
3 87
3 78
3 725
3 554
3 468
3 3
3 537
3 20
3 12
3 219
3 351
3 360
3 712
3 530
3 5
3 736
3 863
3 354
3 166
3 581
3 264
3 987
3 645
3 352
3 474
3 153
3 67
3 23
3 236
3 243
3 210
3 750
3 767
3 312
3 763
3 736
3 493
3 815
3 188
3 106
3 697
3 934
3 250
3 233
3 642
3 110
3 520
3 936
3 489
3 408
3 371
3 376
3 515
3 542
3 216
3 56
3 782
3 582
3 81
3 989
3 766
3 764
3 867
3 424
3 269
3 45
3 12
3 762
3 959
3 197
3 468
3 108
3 835
3 705
3 145
3 49
3 364
3 456
3 323
3 923
3 800
3 268
3 169
3 570
3 36
3 678
3 473
3 600
3 262
3 812
3 148
3 223
3 420
3 356
3 399
3 827
3 728
3 70
3 690
3 577
3 629
3 656
3 248
3 9
3 69
3 605
3 608
3 883
3 246
3 656
3 942
3 514
3 348
3 489
3 888
3 573
3 202
3 269
3 400
3 836
3 965
3 482
3 955
3 61
3 379
3 70
3 44
3 241
3 905
3 108
3 40
3 451
3 92
3 27
3 624
3 321
3 264
3 634
3 439
3 341
3 84
3 129
3 930
3 51
3 301
3 953
3 686
3 518
3 214
3 710
3 407
3 735
3 175
3 153
3 17
3 569
3 250
3 485
3 269
3 268
3 784
3 401
3 132
3 581
3 759
3 70
3 519
3 482
3 512
3 719
3 64
3 346
3 97
3 13
3 664
3 400
3 59
3 267
3 943
3 62
3 497
3 125
3 726
3 196
3 391
3 114
3 67
3 334
3 467
3 505
3 162
3 639
3 376
3 118
3 457
3 685
3 871
3 668
3 279
3 850
3 728
3 309
3 530
3 351
3 530
3 575
3 346
3 557
3 45
3 761
3 66
3 188
3 304
3 160
3 18
3 244
3 744
3 976
