100 1000
868 73 86 758 440 10 117 754 533 411 92 33 873 114 257 779 313 133 55 806 805 36 305 295 283 205 709 587 165 26 190 479 407 24 588 397 43 957 866 728 505 327 508 497 700 83 264 430 312 793 563 223 492 81 515 645 52 145 815 105 277 417 305 684 97 750 483 900 933 591 311 783 940 131 435 322 580 95 340 287 51 958 377 664 685 659 570 922 851 766 946 933 286 214 695 180 774 343 501 72 
3 304
3 537
3 360
3 589
3 232
3 841
3 409
3 91
3 160
3 208
3 702
3 299
3 880
3 582
3 39
3 498
3 287
3 62
3 795
3 356
3 189
3 153
3 854
3 220
3 952
3 541
3 390
3 878
3 699
3 615
3 1000
3 439
3 570
3 752
3 148
3 340
3 997
3 206
3 394
3 714
3 510
3 411
3 591
3 343
3 974
3 139
3 121
3 13
3 825
3 907
3 338
3 103
3 395
3 911
3 516
3 38
3 461
3 448
3 641
3 617
3 162
3 706
3 363
3 456
3 569
3 715
3 636
3 154
3 481
3 892
3 181
3 26
3 927
3 216
3 75
3 419
3 931
3 630
3 816
3 27
3 452
3 139
3 369
3 644
3 224
3 776
3 330
3 183
3 18
3 908
3 330
3 160
3 670
3 481
3 195
3 900
3 768
3 231
3 810
3 474
3 351
3 698
3 380
3 985
3 732
3 856
3 444
3 451
3 177
3 785
3 545
3 878
3 745
3 423
3 688
3 986
3 57
3 204
3 525
3 978
3 658
3 220
3 959
3 993
3 764
3 328
3 331
3 77
3 656
3 231
3 481
3 472
3 100
3 944
3 433
3 878
3 273
3 694
3 816
3 489
3 159
3 853
3 950
3 35
3 708
3 552
3 917
3 462
3 501
3 778
3 150
3 471
3 242
3 6
3 859
3 331
3 604
3 562
3 426
3 811
3 949
3 568
3 82
3 239
3 645
3 274
3 800
3 113
3 119
3 615
3 732
3 310
3 155
3 213
3 705
3 687
3 167
3 43
3 106
3 326
3 384
3 7
3 282
3 631
3 251
3 16
3 383
3 709
3 978
3 422
3 564
3 260
3 187
3 223
3 675
3 995
3 331
3 859
3 371
3 225
3 467
3 632
3 959
3 812
3 60
3 764
3 103
3 750
3 175
3 339
3 525
3 561
3 965
3 923
3 222
3 359
3 793
3 123
3 111
3 593
3 98
3 872
3 51
3 299
3 334
3 302
3 345
3 86
3 727
3 796
3 461
3 673
3 739
3 480
3 688
3 23
3 2
3 335
3 662
3 266
3 608
3 606
3 74
3 473
3 322
3 885
3 694
3 874
3 6
3 726
3 245
3 168
3 199
3 202
3 818
3 133
3 780
3 33
3 3
3 576
3 23
3 505
3 406
3 642
3 781
3 220
3 336
3 889
3 928
3 877
3 328
3 799
3 372
3 339
3 673
3 493
3 962
3 975
3 652
3 924
3 245
3 549
3 816
3 147
3 945
3 226
3 26
3 489
3 742
3 570
3 183
3 465
3 439
3 130
3 970
3 42
3 664
3 437
3 544
3 890
3 216
3 268
3 672
3 841
3 591
3 753
3 474
3 378
3 616
3 4
3 271
3 782
3 695
3 840
3 479
3 768
3 822
3 882
3 454
3 821
3 458
3 197
3 245
3 467
3 19
3 342
3 543
3 706
3 85
3 645
3 780
3 224
3 661
3 508
3 287
3 608
3 420
3 792
3 846
3 410
3 238
3 101
3 151
3 244
3 765
3 773
3 310
3 994
3 942
3 837
3 311
3 507
3 194
3 315
3 177
3 29
3 430
3 137
3 737
3 396
3 763
3 479
3 133
3 815
3 690
3 124
3 792
3 441
3 635
3 522
3 988
3 993
3 411
3 125
3 918
3 233
3 690
3 846
3 815
3 714
3 243
3 877
3 627
3 52
3 639
3 255
3 187
3 718
3 564
3 236
3 591
3 195
3 447
3 498
3 322
3 315
3 352
3 967
3 834
3 204
3 839
3 935
3 326
3 61
3 138
3 659
3 824
3 794
3 726
3 884
3 124
3 338
3 285
3 520
3 861
3 82
3 709
3 871
3 711
3 829
3 342
3 284
3 169
3 912
3 307
3 790
3 488
3 498
3 321
3 217
3 882
3 489
3 661
3 352
3 902
3 669
3 251
3 612
3 146
3 102
3 759
3 235
3 189
3 605
3 255
3 202
3 896
3 552
3 145
3 346
3 410
3 980
3 306
3 52
3 158
3 284
3 340
3 567
3 398
3 665
3 97
3 772
3 230
3 412
3 552
3 211
3 794
3 1000
3 606
3 18
3 382
3 452
3 697
3 571
3 391
3 179
3 167
3 488
3 837
3 539
3 111
3 382
3 568
3 716
3 823
3 834
3 272
3 368
3 966
3 964
3 842
3 841
3 803
3 461
3 399
3 814
3 789
3 481
3 297
3 160
3 85
3 831
3 659
3 466
3 474
3 893
3 931
3 644
3 655
3 468
3 19
3 48
3 396
3 210
3 97
3 906
3 687
3 252
3 451
3 149
3 433
3 441
3 238
3 576
3 990
3 36
3 731
3 261
3 476
3 56
3 136
3 180
3 989
3 939
3 129
3 892
3 248
3 724
3 243
3 717
3 785
3 555
3 995
3 604
3 216
3 984
3 731
3 544
3 915
3 251
3 57
3 738
3 12
3 187
3 428
3 346
3 832
3 972
3 399
3 843
3 939
3 350
3 456
3 415
3 853
3 947
3 968
3 402
3 604
3 112
3 977
3 34
3 240
3 490
3 752
3 465
3 412
3 785
3 432
3 948
3 354
3 501
3 878
3 569
3 797
3 910
3 477
3 949
3 928
3 272
3 796
3 376
3 533
3 508
3 232
3 548
3 32
3 989
3 376
3 793
3 150
3 230
3 414
3 156
3 333
3 736
3 495
3 605
3 247
3 817
3 383
3 363
3 68
3 798
3 728
3 401
3 511
3 649
3 78
3 113
3 503
3 63
3 942
3 600
3 234
3 796
3 261
3 786
3 306
3 122
3 379
3 587
3 520
3 778
3 857
3 573
3 402
3 84
3 656
3 530
3 812
3 811
3 795
3 157
3 352
3 263
3 647
3 918
3 101
3 563
3 946
3 686
3 207
3 993
3 881
3 183
3 43
3 608
3 167
3 460
3 80
3 130
3 828
3 831
3 372
3 980
3 37
3 297
3 8
3 46
3 292
3 69
3 23
3 21
3 506
3 24
3 124
3 741
3 97
3 731
3 138
3 739
3 25
3 445
3 113
3 846
3 85
3 115
3 789
3 660
3 196
3 225
3 385
3 920
3 800
3 97
3 192
3 383
3 506
3 265
3 538
3 861
3 885
3 772
3 219
3 626
3 572
3 783
3 526
3 203
3 966
3 175
3 17
3 388
3 480
3 889
3 320
3 318
3 246
3 910
3 525
3 996
3 821
3 265
3 277
3 527
3 796
3 881
3 886
3 662
3 44
3 541
3 804
3 696
3 344
3 719
3 764
3 733
3 83
3 379
3 927
3 343
3 369
3 307
3 360
3 47
3 302
3 243
3 954
3 437
3 86
3 611
3 928
3 582
3 143
3 883
3 37
3 507
3 341
3 8
3 990
3 415
3 455
3 711
3 44
3 439
3 801
3 115
3 450
3 770
3 744
3 80
3 322
3 782
3 244
3 314
3 215
3 774
3 909
3 658
3 963
3 955
3 347
3 982
3 102
3 310
3 880
3 514
3 769
3 543
3 585
3 422
3 462
3 365
3 169
3 690
3 917
3 502
3 611
3 886
3 891
3 293
3 296
3 679
3 926
3 68
3 552
3 904
3 650
3 160
3 942
3 209
3 524
3 751
3 2
3 516
3 172
3 597
3 585
3 513
3 806
3 45
3 506
3 997
3 885
3 562
3 638
3 913
3 313
3 29
3 558
3 486
3 129
3 382
3 895
3 897
3 985
3 668
3 885
3 712
3 763
3 711
3 467
3 695
3 833
3 23
3 244
3 28
3 92
3 188
3 227
3 960
3 304
3 343
3 904
3 131
3 70
3 579
3 543
3 345
3 543
3 479
3 249
3 94
3 626
3 640
3 929
3 377
3 965
3 980
3 655
3 300
3 476
3 268
3 178
3 244
3 916
3 100
3 92
3 458
3 239
3 348
3 404
3 465
3 840
3 898
3 206
3 342
3 48
3 515
3 387
3 672
3 543
3 845
3 316
3 413
3 674
3 1000
3 8
3 688
3 161
3 324
3 101
3 948
3 935
3 788
3 189
3 104
3 24
3 833
3 791
3 72
3 216
3 869
3 142
3 356
3 424
3 891
3 862
3 880
3 479
3 592
3 300
3 308
3 76
3 440
3 17
3 870
3 986
3 914
3 364
3 724
3 889
3 744
3 886
3 669
3 510
3 960
3 42
3 850
3 429
3 599
3 14
3 862
3 649
3 472
3 685
3 491
3 683
3 432
3 947
3 717
3 447
3 760
3 835
3 790
3 728
3 103
3 432
3 820
3 505
3 164
3 662
3 703
3 494
3 412
3 298
3 796
3 199
3 794
3 704
3 982
3 431
3 101
3 850
3 742
3 194
3 995
3 109
3 651
3 875
3 751
3 165
3 550
3 661
3 894
3 173
3 581
3 312
3 798
3 72
3 741
3 795
3 653
3 186
3 571
3 343
3 423
3 251
3 391
