100 1000
644 240 895 207 48 363 796 679 937 877 797 156 127 78 615 683 84 948 529 332 474 234 665 31 386 280 384 319 143 466 869 868 661 265 264 781 442 139 465 699 552 114 514 943 103 245 295 114 147 606 471 966 344 617 396 811 689 149 897 825 643 622 493 138 599 923 526 491 791 370 585 508 187 742 696 4 270 14 240 136 865 1000 501 656 905 354 185 459 73 330 821 266 248 543 192 470 82 152 473 958 
3 423
3 485
3 874
3 346
3 517
3 732
3 640
3 43
3 309
3 941
3 376
3 174
3 173
3 530
3 21
3 389
3 794
3 735
3 561
3 177
3 526
3 253
3 466
3 909
3 948
3 249
3 304
3 849
3 754
3 13
3 322
3 335
3 285
3 436
3 479
3 578
3 248
3 976
3 268
3 690
3 127
3 313
3 656
3 973
3 828
3 518
3 459
3 279
3 73
3 175
3 885
3 295
3 66
3 72
3 366
3 152
3 565
3 487
3 193
3 587
3 288
3 490
3 314
3 97
3 551
3 898
3 368
3 496
3 305
3 690
3 329
3 706
3 852
3 335
3 853
3 406
3 215
3 13
3 671
3 961
3 228
3 610
3 139
3 66
3 928
3 868
3 481
3 710
3 140
3 726
3 249
3 116
3 779
3 497
3 316
3 43
3 622
3 474
3 536
3 714
3 241
3 220
3 395
3 169
3 642
3 340
3 770
3 270
3 142
3 988
3 736
3 601
3 571
3 108
3 527
3 667
3 982
3 845
3 197
3 629
3 741
3 962
3 483
3 995
3 750
3 667
3 220
3 98
3 921
3 490
3 404
3 174
3 35
3 28
3 465
3 286
3 79
3 387
3 232
3 687
3 842
3 544
3 957
3 285
3 639
3 456
3 684
3 403
3 316
3 933
3 326
3 477
3 462
3 316
3 936
3 911
3 346
3 964
3 341
3 312
3 100
3 598
3 415
3 342
3 686
3 110
3 959
3 189
3 764
3 458
3 491
3 303
3 576
3 503
3 65
3 625
3 195
3 769
3 68
3 302
3 46
3 788
3 300
3 748
3 421
3 831
3 470
3 871
3 139
3 672
3 22
3 662
3 230
3 577
3 640
3 409
3 827
3 382
3 529
3 533
3 532
3 63
3 222
3 93
3 27
3 614
3 811
3 560
3 225
3 487
3 158
3 715
3 509
3 189
3 383
3 462
3 761
3 82
3 373
3 613
3 324
3 404
3 429
3 448
3 213
3 125
3 173
3 490
3 506
3 88
3 845
3 702
3 636
3 632
3 526
3 950
3 901
3 750
3 577
3 353
3 540
3 572
3 863
3 923
3 873
3 41
3 457
3 362
3 650
3 961
3 959
3 394
3 723
3 295
3 155
3 295
3 371
3 71
3 534
3 227
3 802
3 992
3 407
3 800
3 358
3 326
3 330
3 500
3 936
3 111
3 566
3 191
3 579
3 117
3 116
3 929
3 129
3 772
3 635
3 517
3 281
3 90
3 368
3 798
3 582
3 6
3 814
3 951
3 456
3 565
3 467
3 784
3 419
3 790
3 136
3 261
3 604
3 826
3 184
3 887
3 889
3 618
3 7
3 785
3 4
3 131
3 672
3 661
3 888
3 740
3 51
3 322
3 873
3 14
3 162
3 937
3 374
3 522
3 250
3 94
3 40
3 286
3 143
3 253
3 683
3 898
3 379
3 838
3 103
3 941
3 863
3 985
3 743
3 522
3 354
3 576
3 698
3 358
3 516
3 971
3 193
3 423
3 466
3 294
3 668
3 203
3 329
3 843
3 594
3 157
3 129
3 323
3 724
3 434
3 356
3 850
3 546
3 459
3 511
3 16
3 611
3 803
3 171
3 991
3 908
3 996
3 486
3 324
3 778
3 660
3 453
3 241
3 508
3 28
3 665
3 877
3 936
3 54
3 83
3 79
3 163
3 546
3 741
3 363
3 132
3 138
3 525
3 916
3 986
3 738
3 330
3 799
3 710
3 872
3 531
3 426
3 617
3 340
3 708
3 119
3 577
3 827
3 917
3 170
3 924
3 882
3 59
3 643
3 169
3 686
3 662
3 725
3 426
3 49
3 604
3 264
3 115
3 647
3 697
3 715
3 207
3 930
3 57
3 320
3 805
3 329
3 396
3 737
3 330
3 575
3 948
3 771
3 260
3 973
3 164
3 388
3 157
3 241
3 881
3 683
3 683
3 545
3 930
3 794
3 957
3 953
3 460
3 203
3 144
3 139
3 540
3 41
3 435
3 552
3 740
3 833
3 927
3 283
3 840
3 697
3 529
3 51
3 362
3 20
3 811
3 337
3 277
3 648
3 343
3 486
3 994
3 17
3 625
3 601
3 776
3 819
3 552
3 669
3 276
3 877
3 520
3 116
3 349
3 807
3 722
3 646
3 454
3 523
3 931
3 766
3 766
3 4
3 524
3 442
3 327
3 727
3 45
3 484
3 961
3 230
3 251
3 320
3 283
3 589
3 562
3 751
3 513
3 861
3 32
3 135
3 641
3 315
3 369
3 805
3 843
3 454
3 547
3 578
3 695
3 894
3 98
3 737
3 899
3 877
3 847
3 545
3 648
3 880
3 795
3 303
3 152
3 935
3 69
3 973
3 257
3 68
3 86
3 15
3 680
3 703
3 41
3 607
3 175
3 864
3 39
3 756
3 968
3 749
3 612
3 44
3 786
3 778
3 733
3 80
3 590
3 266
3 861
3 286
3 554
3 794
3 927
3 607
3 803
3 494
3 413
3 403
3 53
3 846
3 416
3 137
3 40
3 57
3 252
3 876
3 317
3 200
3 104
3 848
3 293
3 384
3 844
3 257
3 276
3 932
3 369
3 600
3 15
3 840
3 345
3 112
3 98
3 704
3 126
3 937
3 301
3 157
3 722
3 87
3 229
3 644
3 394
3 789
3 781
3 754
3 362
3 653
3 734
3 924
3 764
3 283
3 813
3 771
3 996
3 961
3 936
3 437
3 758
3 832
3 176
3 600
3 711
3 797
3 761
3 374
3 503
3 955
3 649
3 704
3 861
3 830
3 373
3 907
3 91
3 567
3 516
3 156
3 492
3 972
3 718
3 762
3 643
3 984
3 948
3 854
3 846
3 626
3 566
3 299
3 283
3 435
3 896
3 665
3 392
3 640
3 646
3 291
3 996
3 854
3 481
3 640
3 123
3 762
3 94
3 202
3 596
3 190
3 486
3 147
3 387
3 395
3 187
3 162
3 791
3 807
3 343
3 99
3 397
3 440
3 787
3 850
3 550
3 790
3 30
3 285
3 445
3 264
3 683
3 468
3 567
3 945
3 255
3 390
3 418
3 539
3 28
3 223
3 231
3 904
3 151
3 136
3 819
3 607
3 680
3 700
3 282
3 527
3 866
3 95
3 275
3 524
3 847
3 546
3 188
3 406
3 451
3 28
3 156
3 617
3 425
3 642
3 4
3 868
3 651
3 510
3 891
3 141
3 234
3 589
3 737
3 280
3 203
3 858
3 985
3 821
3 166
3 277
3 17
3 46
3 614
3 558
3 732
3 518
3 22
3 169
3 655
3 516
3 660
3 594
3 632
3 175
3 651
3 79
3 517
3 189
3 179
3 678
3 904
3 70
3 998
3 445
3 683
3 213
3 553
3 574
3 507
3 772
3 634
3 917
3 117
3 590
3 305
3 130
3 449
3 591
3 205
3 226
3 30
3 278
3 385
3 205
3 9
3 734
3 966
3 162
3 343
3 395
3 169
3 96
3 648
3 958
3 831
3 460
3 662
3 124
3 940
3 666
3 628
3 521
3 503
3 571
3 734
3 911
3 683
3 975
3 725
3 235
3 921
3 946
3 817
3 973
3 376
3 407
3 443
3 421
3 999
3 605
3 145
3 101
3 779
3 891
3 338
3 162
3 668
3 426
3 892
3 957
3 328
3 845
3 223
3 255
3 414
3 715
3 642
3 486
3 520
3 386
3 289
3 466
3 719
3 288
3 750
3 412
3 9
3 872
3 322
3 281
3 204
3 448
3 608
3 447
3 992
3 920
3 414
3 158
3 470
3 464
3 616
3 585
3 305
3 146
3 386
3 85
3 232
3 747
3 640
3 318
3 210
3 378
3 493
3 628
3 170
3 332
3 783
3 527
3 684
3 198
3 50
3 889
3 261
3 851
3 447
3 295
3 614
3 760
3 741
3 153
3 621
3 217
3 704
3 2
3 285
3 128
3 239
3 247
3 251
3 394
3 154
3 931
3 372
3 691
3 115
3 388
3 674
3 486
3 497
3 176
3 428
3 306
3 64
3 144
3 471
3 704
3 996
3 837
3 877
3 913
3 409
3 476
3 931
3 253
3 247
3 928
3 307
3 75
3 727
3 301
3 786
3 106
3 31
3 180
3 852
3 791
3 557
3 739
3 651
3 679
3 697
3 142
3 892
3 245
3 421
3 669
3 167
3 218
3 420
3 986
3 241
3 210
3 133
3 183
3 238
3 867
3 962
3 210
3 433
3 796
3 423
3 534
3 979
3 256
3 945
3 439
3 918
3 471
3 648
3 596
3 352
3 170
3 416
3 932
3 951
3 185
3 805
3 614
3 899
3 331
3 104
3 381
3 584
3 401
3 653
3 253
3 800
3 480
3 795
3 218
3 352
3 828
3 923
3 158
3 398
3 348
3 599
3 212
3 66
3 644
3 839
3 604
3 247
3 139
