100 1000
506 181 708 622 526 51 850 706 458 987 816 566 335 590 303 832 514 645 777 230 849 109 832 204 115 723 815 353 209 131 436 293 51 245 488 782 118 779 822 731 322 294 669 908 767 26 259 994 111 516 847 984 46 45 699 775 842 527 112 161 258 265 40 262 754 608 241 411 937 522 845 119 556 713 301 557 166 115 999 561 603 574 727 603 186 157 42 937 156 299 522 162 915 827 608 805 747 478 544 578 
3 770
3 729
3 373
3 905
3 249
3 187
3 91
3 363
3 371
3 736
3 887
3 51
3 37
3 689
3 203
3 120
3 364
3 752
3 724
3 91
3 655
3 839
3 245
3 169
3 534
3 559
3 713
3 2
3 186
3 987
3 197
3 83
3 824
3 372
3 683
3 255
3 910
3 578
3 49
3 507
3 847
3 296
3 109
3 705
3 477
3 258
3 890
3 294
3 103
3 469
3 440
3 359
3 165
3 79
3 497
3 725
3 491
3 528
3 752
3 59
3 851
3 395
3 227
3 847
3 134
3 552
3 882
3 855
3 879
3 876
3 407
3 291
3 285
3 322
3 273
3 897
3 818
3 201
3 226
3 10
3 547
3 68
3 905
3 395
3 932
3 65
3 125
3 695
3 389
3 926
3 350
3 107
3 948
3 284
3 684
3 517
3 758
3 692
3 898
3 519
3 716
3 195
3 421
3 145
3 199
3 71
3 214
3 318
3 578
3 362
3 674
3 876
3 70
3 834
3 261
3 771
3 834
3 576
3 795
3 70
3 454
3 671
3 951
3 605
3 708
3 761
3 645
3 466
3 979
3 339
3 286
3 384
3 9
3 974
3 774
3 620
3 330
3 922
3 395
3 787
3 301
3 713
3 923
3 831
3 68
3 581
3 674
3 589
3 770
3 914
3 807
3 166
3 941
3 5
3 831
3 332
3 186
3 661
3 611
3 190
3 107
3 368
3 623
3 312
3 168
3 978
3 774
3 795
3 43
3 780
3 698
3 50
3 555
3 751
3 886
3 331
3 360
3 642
3 736
3 473
3 863
3 307
3 478
3 422
3 526
3 495
3 288
3 996
3 463
3 740
3 906
3 511
3 75
3 977
3 115
3 91
3 831
3 498
3 352
3 76
3 725
3 76
3 38
3 572
3 531
3 493
3 103
3 760
3 993
3 280
3 265
3 775
3 264
3 505
3 953
3 207
3 712
3 234
3 842
3 627
3 44
3 482
3 884
3 377
3 243
3 290
3 790
3 833
3 462
3 345
3 66
3 987
3 595
3 363
3 945
3 152
3 449
3 287
3 736
3 231
3 840
3 481
3 700
3 768
3 145
3 785
3 801
3 10
3 26
3 440
3 443
3 982
3 60
3 295
3 320
3 859
3 793
3 956
3 303
3 378
3 944
3 858
3 297
3 584
3 692
3 922
3 982
3 704
3 353
3 403
3 174
3 774
3 996
3 555
3 109
3 855
3 507
3 550
3 817
3 46
3 821
3 253
3 464
3 544
3 468
3 712
3 413
3 956
3 336
3 948
3 332
3 88
3 593
3 104
3 453
3 445
3 680
3 358
3 736
3 276
3 908
3 636
3 230
3 953
3 584
3 540
3 384
3 758
3 575
3 924
3 822
3 856
3 874
3 544
3 902
3 718
3 47
3 991
3 991
3 388
3 103
3 166
3 381
3 448
3 343
3 271
3 168
3 672
3 650
3 400
3 815
3 234
3 12
3 906
3 542
3 850
3 946
3 395
3 441
3 129
3 398
3 162
3 660
3 908
3 790
3 302
3 780
3 35
3 3
3 516
3 105
3 403
3 355
3 830
3 381
3 273
3 956
3 473
3 496
3 496
3 117
3 305
3 455
3 674
3 379
3 661
3 575
3 476
3 658
3 608
3 821
3 743
3 648
3 39
3 600
3 391
3 993
3 247
3 148
3 351
3 566
3 393
3 429
3 972
3 376
3 693
3 284
3 900
3 220
3 749
3 721
3 268
3 221
3 250
3 516
3 413
3 154
3 669
3 418
3 165
3 315
3 389
3 493
3 901
3 29
3 56
3 936
3 621
3 737
3 219
3 274
3 50
3 194
3 456
3 867
3 794
3 873
3 28
3 671
3 394
3 547
3 65
3 551
3 467
3 925
3 141
3 684
3 996
3 903
3 227
3 382
3 575
3 937
3 75
3 46
3 826
3 262
3 241
3 392
3 240
3 901
3 786
3 261
3 636
3 166
3 663
3 143
3 890
3 181
3 430
3 344
3 740
3 174
3 108
3 915
3 896
3 422
3 408
3 868
3 293
3 24
3 954
3 7
3 892
3 970
3 325
3 97
3 870
3 696
3 946
3 907
3 212
3 985
3 242
3 28
3 941
3 387
3 297
3 807
3 407
3 859
3 26
3 334
3 650
3 761
3 493
3 575
3 284
3 127
3 207
3 6
3 496
3 929
3 996
3 255
3 28
3 488
3 329
3 89
3 508
3 309
3 647
3 255
3 29
3 319
3 403
3 724
3 722
3 988
3 566
3 38
3 816
3 489
3 63
3 694
3 764
3 197
3 960
3 111
3 684
3 677
3 16
3 257
3 326
3 267
3 825
3 117
3 13
3 984
3 794
3 887
3 539
3 897
3 946
3 229
3 107
3 54
3 412
3 924
3 62
3 727
3 403
3 833
3 317
3 483
3 316
3 304
3 46
3 394
3 973
3 527
3 274
3 740
3 241
3 804
3 426
3 501
3 36
3 804
3 808
3 582
3 759
3 384
3 690
3 686
3 171
3 249
3 585
3 567
3 535
3 24
3 962
3 782
3 466
3 623
3 829
3 671
3 83
3 667
3 978
3 287
3 921
3 460
3 158
3 804
3 611
3 61
3 363
3 328
3 347
3 357
3 699
3 627
3 783
3 894
3 210
3 125
3 970
3 958
3 930
3 62
3 766
3 246
3 760
3 160
3 938
3 654
3 2
3 315
3 787
3 312
3 778
3 840
3 120
3 166
3 963
3 586
3 183
3 661
3 434
3 264
3 7
3 438
3 894
3 689
3 155
3 763
3 874
3 887
3 325
3 429
3 335
3 365
3 223
3 839
3 909
3 490
3 527
3 805
3 605
3 496
3 778
3 394
3 783
3 239
3 5
3 525
3 245
3 425
3 334
3 665
3 656
3 852
3 384
3 534
3 930
3 168
3 683
3 754
3 583
3 275
3 733
3 555
3 712
3 331
3 946
3 77
3 191
3 30
3 267
3 377
3 138
3 526
3 328
3 693
3 853
3 295
3 544
3 847
3 878
3 486
3 371
3 160
3 174
3 663
3 774
3 961
3 664
3 282
3 705
3 261
3 163
3 10
3 824
3 56
3 105
3 35
3 904
3 55
3 112
3 858
3 514
3 95
3 620
3 336
3 238
3 211
3 977
3 47
3 824
3 862
3 670
3 359
3 123
3 53
3 457
3 887
3 200
3 657
3 682
3 877
3 282
3 498
3 961
3 443
3 149
3 675
3 277
3 580
3 589
3 98
3 903
3 284
3 153
3 908
3 600
3 685
3 28
3 178
3 470
3 954
3 861
3 330
3 547
3 659
3 744
3 881
3 497
3 744
3 3
3 585
3 293
3 28
3 999
3 108
3 56
3 348
3 184
3 186
3 321
3 495
3 18
3 952
3 323
3 434
3 589
3 996
3 550
3 160
3 750
3 48
3 167
3 706
3 394
3 430
3 962
3 226
3 717
3 806
3 16
3 277
3 857
3 333
3 331
3 826
3 569
3 957
3 845
3 524
3 130
3 179
3 652
3 531
3 334
3 792
3 652
3 65
3 359
3 958
3 67
3 964
3 176
3 700
3 31
3 613
3 87
3 971
3 493
3 926
3 444
3 212
3 255
3 352
3 756
3 315
3 357
3 398
3 426
3 339
3 256
3 397
3 116
3 76
3 810
3 267
3 404
3 616
3 495
3 758
3 518
3 620
3 272
3 338
3 205
3 439
3 350
3 14
3 928
3 985
3 246
3 448
3 255
3 908
3 385
3 465
3 422
3 370
3 654
3 486
3 132
3 767
3 936
3 615
3 592
3 721
3 463
3 904
3 420
3 245
3 386
3 520
3 651
3 33
3 214
3 934
3 61
3 393
3 936
3 67
3 433
3 130
3 47
3 108
3 806
3 531
3 500
3 534
3 499
3 160
3 33
3 862
3 574
3 985
3 664
3 252
3 136
3 585
3 200
3 670
3 900
3 328
3 978
3 180
3 465
3 274
3 863
3 840
3 891
3 317
3 529
3 763
3 841
3 287
3 50
3 444
3 476
3 741
3 816
3 899
3 757
3 774
3 28
3 125
3 562
3 959
3 537
3 809
3 49
3 761
3 937
3 19
3 687
3 336
3 57
3 594
3 393
3 441
3 717
3 763
3 371
3 189
3 989
3 712
3 715
3 363
3 132
3 423
3 970
3 824
3 282
3 931
3 494
3 127
3 897
3 694
3 833
3 281
3 981
3 209
3 158
3 971
3 916
3 426
3 148
3 170
3 724
3 643
3 992
3 63
3 200
3 39
3 499
3 214
3 506
3 350
3 346
3 891
3 98
3 35
3 320
3 490
3 163
3 823
3 328
3 356
3 228
3 814
3 449
3 167
3 148
3 402
3 14
3 557
3 502
3 995
3 374
3 750
3 216
3 632
3 548
3 489
3 256
3 24
3 997
3 820
3 791
3 541
3 747
3 229
3 875
