100 1000
494 878 73 453 593 207 425 728 959 593 58 711 961 494 491 985 254 184 226 486 94 466 98 358 503 715 863 83 971 458 757 519 640 725 734 73 84 797 522 632 25 978 621 272 889 2 367 782 155 120 570 616 381 680 687 504 884 827 621 943 152 943 285 805 739 66 259 665 563 699 61 500 731 441 550 954 9 861 5 634 475 449 579 813 476 449 485 215 3 32 198 860 221 591 443 638 481 431 459 400 
3 925
3 431
3 480
3 216
3 26
3 542
3 757
3 409
3 567
3 925
3 647
3 805
3 216
3 562
3 877
3 209
3 384
3 754
3 740
3 338
3 315
3 551
3 323
3 246
3 938
3 117
3 889
3 846
3 580
3 75
3 567
3 171
3 288
3 637
3 242
3 190
3 678
3 966
3 988
3 12
3 441
3 971
3 766
3 888
3 8
3 980
3 512
3 260
3 335
3 305
3 732
3 447
3 308
3 934
3 750
3 240
3 494
3 159
3 905
3 582
3 577
3 576
3 246
3 596
3 992
3 91
3 837
3 956
3 887
3 128
3 607
3 62
3 530
3 501
3 856
3 198
3 901
3 143
3 156
3 745
3 387
3 934
3 759
3 436
3 888
3 256
3 859
3 703
3 897
3 282
3 599
3 126
3 237
3 841
3 978
3 619
3 10
3 884
3 578
3 375
3 273
3 161
3 407
3 985
3 157
3 540
3 37
3 176
3 974
3 618
3 107
3 374
3 619
3 400
3 748
3 530
3 790
3 514
3 54
3 623
3 187
3 175
3 503
3 878
3 349
3 100
3 878
3 511
3 532
3 242
3 603
3 830
3 881
3 925
3 803
3 531
3 73
3 841
3 452
3 187
3 930
3 498
3 687
3 976
3 735
3 384
3 250
3 274
3 573
3 633
3 163
3 714
3 422
3 452
3 773
3 370
3 530
3 906
3 279
3 264
3 777
3 106
3 674
3 832
3 983
3 210
3 638
3 576
3 451
3 680
3 474
3 122
3 296
3 1000
3 646
3 710
3 469
3 295
3 839
3 142
3 220
3 660
3 240
3 213
3 892
3 54
3 592
3 254
3 817
3 741
3 139
3 598
3 189
3 548
3 383
3 214
3 476
3 324
3 579
3 719
3 492
3 660
3 294
3 398
3 622
3 69
3 955
3 855
3 176
3 467
3 719
3 729
3 539
3 370
3 566
3 283
3 310
3 643
3 168
3 707
3 678
3 809
3 846
3 756
3 34
3 364
3 141
3 537
3 282
3 904
3 916
3 287
3 619
3 706
3 733
3 355
3 290
3 968
3 15
3 818
3 434
3 556
3 115
3 358
3 166
3 462
3 444
3 410
3 609
3 10
3 332
3 634
3 402
3 240
3 811
3 708
3 407
3 473
3 188
3 884
3 744
3 312
3 367
3 727
3 682
3 271
3 436
3 58
3 100
3 294
3 443
3 932
3 450
3 348
3 478
3 476
3 158
3 557
3 402
3 408
3 354
3 667
3 143
3 262
3 304
3 487
3 468
3 346
3 826
3 123
3 385
3 466
3 836
3 233
3 472
3 18
3 156
3 732
3 674
3 698
3 679
3 160
3 892
3 252
3 457
3 149
3 683
3 855
3 400
3 406
3 196
3 615
3 131
3 257
3 880
3 944
3 923
3 933
3 677
3 492
3 833
3 682
3 423
3 417
3 954
3 478
3 399
3 58
3 139
3 790
3 739
3 594
3 880
3 811
3 433
3 359
3 907
3 991
3 32
3 393
3 799
3 883
3 204
3 493
3 951
3 740
3 55
3 161
3 627
3 82
3 324
3 487
3 398
3 648
3 14
3 197
3 120
3 186
3 339
3 671
3 955
3 672
3 554
3 583
3 982
3 414
3 764
3 559
3 484
3 34
3 849
3 911
3 490
3 984
3 430
3 431
3 653
3 9
3 595
3 514
3 803
3 562
3 719
3 602
3 512
3 439
3 496
3 389
3 577
3 614
3 109
3 410
3 957
3 730
3 860
3 431
3 87
3 261
3 208
3 487
3 292
3 760
3 888
3 756
3 34
3 436
3 704
3 140
3 897
3 676
3 661
3 132
3 267
3 930
3 398
3 430
3 395
3 402
3 635
3 705
3 600
3 750
3 350
3 748
3 716
3 41
3 231
3 831
3 920
3 769
3 113
3 96
3 61
3 178
3 923
3 201
3 10
3 885
3 279
3 858
3 771
3 480
3 634
3 667
3 260
3 865
3 322
3 690
3 290
3 607
3 617
3 978
3 683
3 305
3 529
3 288
3 432
3 605
3 858
3 798
3 237
3 82
3 650
3 667
3 148
3 19
3 356
3 841
3 31
3 905
3 835
3 949
3 186
3 886
3 320
3 301
3 644
3 172
3 474
3 826
3 264
3 649
3 857
3 568
3 749
3 116
3 938
3 951
3 331
3 551
3 962
3 872
3 813
3 666
3 220
3 610
3 532
3 543
3 613
3 2
3 528
3 796
3 276
3 300
3 680
3 284
3 354
3 533
3 514
3 980
3 466
3 408
3 610
3 650
3 992
3 360
3 543
3 543
3 493
3 991
3 260
3 530
3 389
3 320
3 653
3 514
3 444
3 54
3 221
3 532
3 744
3 727
3 361
3 181
3 531
3 921
3 813
3 987
3 391
3 593
3 180
3 746
3 933
3 128
3 848
3 455
3 88
3 961
3 37
3 672
3 935
3 182
3 695
3 518
3 7
3 532
3 383
3 942
3 969
3 855
3 244
3 294
3 824
3 989
3 814
3 9
3 154
3 355
3 175
3 236
3 913
3 435
3 586
3 648
3 935
3 406
3 920
3 234
3 231
3 710
3 227
3 715
3 33
3 24
3 735
3 218
3 711
3 424
3 454
3 793
3 670
3 995
3 57
3 863
3 957
3 688
3 196
3 752
3 123
3 61
3 974
3 993
3 629
3 338
3 95
3 192
3 559
3 586
3 195
3 282
3 934
3 463
3 134
3 9
3 776
3 940
3 504
3 55
3 222
3 636
3 148
3 836
3 643
3 981
3 341
3 795
3 68
3 243
3 440
3 410
3 843
3 228
3 251
3 748
3 670
3 702
3 96
3 807
3 513
3 536
3 465
3 819
3 139
3 6
3 404
3 12
3 581
3 884
3 953
3 781
3 283
3 136
3 162
3 762
3 213
3 845
3 1000
3 976
3 906
3 2
3 104
3 106
3 944
3 368
3 66
3 117
3 394
3 259
3 406
3 49
3 534
3 851
3 548
3 594
3 6
3 49
3 509
3 713
3 92
3 329
3 256
3 476
3 864
3 213
3 828
3 390
3 325
3 742
3 568
3 412
3 849
3 636
3 175
3 489
3 880
3 118
3 505
3 37
3 582
3 460
3 665
3 596
3 981
3 251
3 89
3 874
3 724
3 224
3 145
3 422
3 173
3 277
3 810
3 738
3 362
3 283
3 896
3 259
3 953
3 954
3 998
3 236
3 298
3 743
3 257
3 533
3 529
3 243
3 881
3 174
3 44
3 485
3 937
3 254
3 841
3 177
3 953
3 457
3 908
3 494
3 634
3 975
3 315
3 850
3 242
3 496
3 194
3 488
3 745
3 39
3 297
3 687
3 72
3 106
3 277
3 246
3 588
3 935
3 795
3 628
3 331
3 515
3 208
3 235
3 913
3 554
3 924
3 600
3 37
3 62
3 596
3 541
3 721
3 334
3 637
3 301
3 400
3 200
3 405
3 891
3 177
3 722
3 976
3 474
3 594
3 606
3 439
3 391
3 226
3 322
3 409
3 688
3 17
3 177
3 533
3 941
3 508
3 349
3 464
3 814
3 56
3 533
3 51
3 776
3 978
3 584
3 280
3 5
3 760
3 628
3 67
3 887
3 819
3 26
3 642
3 171
3 197
3 642
3 658
3 950
3 252
3 40
3 722
3 960
3 125
3 996
3 703
3 954
3 661
3 820
3 323
3 637
3 954
3 243
3 562
3 134
3 203
3 937
3 10
3 859
3 619
3 881
3 671
3 589
3 125
3 990
3 565
3 756
3 135
3 451
3 38
3 620
3 378
3 961
3 916
3 705
3 267
3 340
3 823
3 954
3 538
3 672
3 384
3 613
3 701
3 687
3 42
3 473
3 14
3 729
3 418
3 94
3 105
3 786
3 940
3 39
3 171
3 586
3 244
3 940
3 288
3 786
3 901
3 824
3 736
3 888
3 993
3 913
3 480
3 495
3 228
3 145
3 529
3 135
3 160
3 613
3 89
3 485
3 628
3 778
3 259
3 821
3 723
3 55
3 563
3 96
3 618
3 601
3 459
3 103
3 400
3 353
3 563
3 933
3 4
3 110
3 87
3 542
3 585
3 497
3 29
3 477
3 671
3 53
3 447
3 561
3 784
3 628
3 335
3 584
3 486
3 560
3 410
3 999
3 364
3 419
3 770
3 286
3 474
3 567
3 918
3 161
3 783
3 750
3 891
3 100
3 316
3 546
3 811
3 572
3 543
3 93
3 595
3 425
3 938
3 931
3 535
3 634
3 619
3 778
3 84
3 651
3 404
3 52
3 562
3 574
3 9
3 586
3 525
3 958
3 703
3 553
3 101
3 900
3 965
3 15
3 228
3 219
3 442
3 932
3 720
3 552
3 947
3 263
3 295
3 603
3 435
3 560
3 457
3 957
3 448
3 508
3 802
3 286
3 994
3 813
3 436
3 783
3 548
3 882
