100 1000
653 840 125 301 984 988 945 552 951 748 207 391 847 180 901 497 863 602 394 841 902 61 84 186 384 7 697 530 980 786 500 956 204 182 984 674 571 819 145 494 870 471 63 367 650 280 336 806 463 533 870 405 387 998 559 505 947 458 974 11 963 869 5 185 250 163 751 664 688 309 212 497 215 295 683 36 14 799 4 129 880 38 550 603 650 550 736 286 636 612 315 590 385 645 31 667 890 82 120 389 
3 989
3 501
3 819
3 941
3 40
3 54
3 971
3 291
3 247
3 215
3 284
3 528
3 528
3 878
3 138
3 713
3 258
3 223
3 99
3 272
3 418
3 964
3 33
3 128
3 262
3 249
3 766
3 30
3 853
3 768
3 10
3 287
3 751
3 161
3 465
3 735
3 825
3 304
3 853
3 756
3 482
3 322
3 381
3 590
3 42
3 148
3 966
3 141
3 200
3 444
3 958
3 732
3 885
3 535
3 266
3 9
3 445
3 341
3 432
3 21
3 484
3 771
3 566
3 925
3 876
3 383
3 272
3 709
3 479
3 930
3 79
3 180
3 80
3 646
3 325
3 429
3 684
3 855
3 994
3 412
3 890
3 171
3 450
3 859
3 57
3 669
3 578
3 941
3 803
3 709
3 667
3 316
3 760
3 371
3 359
3 993
3 492
3 383
3 188
3 21
3 330
3 140
3 25
3 32
3 23
3 235
3 967
3 81
3 542
3 145
3 402
3 182
3 570
3 480
3 134
3 174
3 176
3 638
3 157
3 361
3 832
3 63
3 737
3 716
3 79
3 765
3 184
3 109
3 551
3 105
3 786
3 949
3 534
3 466
3 91
3 310
3 120
3 863
3 789
3 910
3 128
3 78
3 796
3 627
3 703
3 580
3 995
3 120
3 510
3 236
3 617
3 228
3 56
3 639
3 337
3 547
3 265
3 683
3 258
3 410
3 32
3 615
3 65
3 902
3 672
3 167
3 304
3 336
3 205
3 428
3 96
3 5
3 977
3 45
3 611
3 452
3 182
3 798
3 246
3 663
3 354
3 385
3 796
3 425
3 218
3 998
3 580
3 858
3 768
3 577
3 827
3 766
3 136
3 905
3 845
3 212
3 950
3 426
3 315
3 757
3 137
3 155
3 213
3 377
3 54
3 159
3 104
3 86
3 918
3 391
3 120
3 103
3 224
3 529
3 358
3 963
3 890
3 628
3 610
3 425
3 664
3 23
3 762
3 765
3 291
3 695
3 577
3 734
3 798
3 748
3 800
3 346
3 999
3 990
3 896
3 762
3 943
3 459
3 554
3 879
3 55
3 738
3 677
3 254
3 464
3 441
3 991
3 178
3 670
3 538
3 793
3 546
3 450
3 521
3 756
3 923
3 150
3 824
3 931
3 450
3 473
3 771
3 260
3 600
3 302
3 209
3 126
3 826
3 458
3 512
3 472
3 114
3 155
3 543
3 803
3 661
3 443
3 414
3 409
3 726
3 378
3 866
3 321
3 49
3 53
3 499
3 131
3 483
3 390
3 662
3 807
3 267
3 454
3 450
3 821
3 940
3 576
3 11
3 905
3 555
3 434
3 405
3 588
3 790
3 410
3 236
3 809
3 194
3 553
3 269
3 751
3 794
3 660
3 672
3 209
3 881
3 219
3 910
3 229
3 409
3 113
3 701
3 327
3 415
3 248
3 868
3 234
3 513
3 185
3 717
3 862
3 662
3 734
3 553
3 261
3 637
3 834
3 573
3 230
3 846
3 413
3 552
3 179
3 492
3 389
3 142
3 900
3 921
3 125
3 30
3 221
3 392
3 448
3 757
3 839
3 52
3 385
3 833
3 673
3 193
3 906
3 777
3 853
3 984
3 246
3 95
3 671
3 510
3 468
3 34
3 27
3 737
3 465
3 334
3 682
3 652
3 259
3 786
3 860
3 368
3 169
3 260
3 702
3 848
3 747
3 773
3 516
3 857
3 420
3 679
3 943
3 974
3 155
3 765
3 756
3 286
3 879
3 895
3 827
3 585
3 177
3 423
3 983
3 310
3 378
3 209
3 474
3 236
3 992
3 643
3 381
3 745
3 776
3 127
3 291
3 718
3 587
3 416
3 955
3 440
3 934
3 65
3 67
3 381
3 360
3 980
3 275
3 253
3 573
3 942
3 561
3 366
3 449
3 869
3 111
3 735
3 445
3 498
3 593
3 328
3 736
3 73
3 380
3 306
3 397
3 683
3 633
3 667
3 970
3 280
3 780
3 530
3 334
3 571
3 497
3 860
3 384
3 245
3 539
3 898
3 89
3 152
3 130
3 82
3 2
3 30
3 645
3 105
3 385
3 648
3 702
3 536
3 260
3 160
3 597
3 222
3 504
3 506
3 399
3 887
3 526
3 682
3 239
3 383
3 448
3 706
3 708
3 782
3 708
3 110
3 102
3 760
3 812
3 962
3 16
3 485
3 572
3 83
3 845
3 838
3 140
3 29
3 291
3 198
3 362
3 718
3 800
3 795
3 796
3 696
3 82
3 94
3 506
3 662
3 603
3 583
3 735
3 504
3 602
3 47
3 242
3 645
3 543
3 502
3 556
3 538
3 126
3 254
3 529
3 133
3 798
3 81
3 878
3 934
3 672
3 170
3 261
3 682
3 180
3 252
3 601
3 680
3 2
3 527
3 786
3 990
3 771
3 834
3 874
3 323
3 305
3 873
3 520
3 53
3 866
3 910
3 557
3 769
3 592
3 393
3 860
3 211
3 214
3 898
3 792
3 586
3 784
3 238
3 606
3 113
3 754
3 739
3 465
3 810
3 903
3 753
3 471
3 358
3 267
3 369
3 770
3 246
3 567
3 810
3 499
3 54
3 501
3 98
3 678
3 868
3 772
3 829
3 381
3 273
3 825
3 489
3 104
3 930
3 590
3 511
3 667
3 198
3 563
3 536
3 165
3 563
3 757
3 64
3 88
3 781
3 836
3 744
3 155
3 80
3 565
3 330
3 765
3 99
3 701
3 103
3 205
3 376
3 249
3 817
3 730
3 395
3 796
3 169
3 51
3 837
3 480
3 824
3 340
3 47
3 76
3 840
3 497
3 142
3 758
3 73
3 388
3 405
3 455
3 840
3 783
3 158
3 700
3 228
3 126
3 360
3 347
3 887
3 51
3 156
3 228
3 933
3 776
3 186
3 311
3 981
3 106
3 502
3 266
3 738
3 946
3 895
3 181
3 578
3 688
3 71
3 925
3 722
3 950
3 95
3 517
3 663
3 237
3 739
3 197
3 428
3 416
3 138
3 741
3 540
3 750
3 197
3 743
3 683
3 405
3 373
3 379
3 898
3 359
3 246
3 786
3 536
3 234
3 307
3 796
3 399
3 787
3 403
3 902
3 79
3 177
3 843
3 448
3 945
3 719
3 7
3 707
3 776
3 892
3 254
3 14
3 73
3 467
3 614
3 251
3 693
3 336
3 613
3 835
3 411
3 330
3 113
3 107
3 28
3 771
3 365
3 64
3 477
3 469
3 914
3 561
3 532
3 894
3 170
3 896
3 144
3 864
3 466
3 707
3 645
3 840
3 258
3 118
3 623
3 387
3 47
3 633
3 719
3 705
3 86
3 742
3 141
3 162
3 474
3 912
3 748
3 357
3 683
3 749
3 316
3 631
3 708
3 795
3 398
3 756
3 314
3 532
3 240
3 525
3 752
3 698
3 332
3 768
3 624
3 832
3 655
3 723
3 59
3 998
3 37
3 479
3 893
3 783
3 828
3 623
3 826
3 719
3 956
3 411
3 995
3 445
3 737
3 601
3 611
3 124
3 717
3 441
3 444
3 57
3 339
3 784
3 25
3 6
3 457
3 211
3 549
3 164
3 754
3 713
3 739
3 678
3 649
3 249
3 668
3 869
3 146
3 905
3 788
3 864
3 437
3 980
3 565
3 368
3 693
3 725
3 373
3 692
3 457
3 649
3 453
3 989
3 672
3 546
3 764
3 380
3 570
3 326
3 558
3 139
3 835
3 17
3 502
3 428
3 887
3 628
3 965
3 935
3 86
3 828
3 506
3 712
3 700
3 537
3 376
3 158
3 59
3 779
3 672
3 471
3 307
3 509
3 358
3 679
3 398
3 940
3 379
3 399
3 342
3 297
3 499
3 12
3 335
3 920
3 288
3 833
3 403
3 58
3 664
3 144
3 167
3 235
3 251
3 451
3 979
3 176
3 141
3 85
3 234
3 363
3 110
3 253
3 682
3 175
3 900
3 501
3 196
3 924
3 802
3 61
3 169
3 133
3 547
3 462
3 616
3 540
3 160
3 499
3 574
3 2
3 368
3 478
3 234
3 592
3 18
3 494
3 835
3 418
3 695
3 436
3 343
3 700
3 14
3 660
3 325
3 22
3 750
3 51
3 473
3 479
3 492
3 194
3 774
3 668
3 599
3 195
3 766
3 608
3 907
3 657
3 504
3 352
3 210
3 748
3 55
3 594
3 926
3 878
3 952
3 611
3 601
3 331
3 237
3 641
3 834
3 136
3 300
3 652
3 697
3 351
3 162
3 609
3 832
3 48
3 604
3 361
3 679
3 338
3 199
3 689
3 645
3 167
3 822
3 422
3 841
3 190
3 124
3 360
3 824
3 671
3 339
3 925
3 742
3 311
3 292
3 259
3 948
3 949
3 399
3 295
3 459
3 51
3 316
3 546
3 329
3 499
3 232
