100 1000
96 336 446 250 969 811 109 880 351 445 265 460 232 680 158 931 158 333 142 406 454 459 597 738 403 79 22 920 544 217 249 953 182 643 98 784 260 372 591 759 107 923 457 608 377 190 52 788 329 707 16 606 350 391 397 956 253 125 562 80 685 653 422 791 950 799 298 189 799 415 545 60 77 708 477 37 789 974 693 494 286 327 150 43 897 898 295 421 548 887 795 625 274 922 372 692 563 529 275 975 
3 648
3 954
3 529
3 311
3 677
3 354
3 861
3 738
3 887
3 579
3 844
3 558
3 300
3 179
3 383
3 988
3 270
3 855
3 60
3 822
3 814
3 785
3 669
3 913
3 442
3 630
3 73
3 529
3 202
3 880
3 683
3 982
3 94
3 930
3 125
3 167
3 948
3 340
3 968
3 433
3 914
3 474
3 95
3 216
3 66
3 772
3 386
3 846
3 866
3 866
3 287
3 976
3 606
3 360
3 157
3 825
3 545
3 311
3 525
3 698
3 277
3 825
3 402
3 572
3 847
3 607
3 339
3 804
3 355
3 871
3 984
3 365
3 139
3 55
3 856
3 826
3 107
3 744
3 647
3 141
3 512
3 856
3 197
3 824
3 500
3 880
3 455
3 969
3 763
3 23
3 756
3 521
3 220
3 864
3 335
3 233
3 648
3 573
3 204
3 729
3 187
3 878
3 720
3 503
3 851
3 642
3 369
3 874
3 968
3 257
3 684
3 921
3 656
3 477
3 232
3 431
3 99
3 338
3 386
3 675
3 702
3 149
3 616
3 446
3 292
3 621
3 812
3 377
3 255
3 344
3 577
3 766
3 958
3 16
3 410
3 541
3 374
3 282
3 495
3 769
3 621
3 993
3 839
3 764
3 374
3 107
3 863
3 989
3 830
3 449
3 600
3 999
3 393
3 994
3 781
3 245
3 776
3 843
3 786
3 742
3 457
3 358
3 941
3 871
3 811
3 662
3 516
3 697
3 48
3 145
3 924
3 845
3 263
3 570
3 877
3 168
3 963
3 246
3 987
3 412
3 945
3 857
3 968
3 325
3 491
3 396
3 553
3 814
3 381
3 605
3 38
3 392
3 865
3 179
3 603
3 523
3 510
3 325
3 322
3 917
3 640
3 125
3 370
3 164
3 913
3 917
3 392
3 959
3 949
3 321
3 121
3 742
3 523
3 331
3 390
3 157
3 476
3 311
3 57
3 177
3 439
3 506
3 769
3 313
3 516
3 896
3 695
3 723
3 244
3 431
3 338
3 669
3 146
3 244
3 969
3 706
3 21
3 301
3 399
3 887
3 282
3 485
3 610
3 944
3 667
3 960
3 386
3 326
3 456
3 621
3 243
3 478
3 511
3 867
3 611
3 17
3 73
3 125
3 175
3 2
3 628
3 738
3 701
3 546
3 381
3 447
3 886
3 985
3 854
3 304
3 739
3 29
3 734
3 814
3 225
3 111
3 903
3 963
3 705
3 590
3 360
3 935
3 89
3 991
3 980
3 739
3 417
3 144
3 422
3 205
3 423
3 609
3 303
3 124
3 371
3 267
3 592
3 6
3 111
3 34
3 711
3 438
3 879
3 581
3 307
3 709
3 958
3 56
3 583
3 884
3 920
3 830
3 344
3 186
3 793
3 115
3 656
3 895
3 865
3 55
3 475
3 998
3 448
3 328
3 734
3 794
3 731
3 477
3 644
3 913
3 854
3 612
3 712
3 740
3 713
3 73
3 624
3 699
3 233
3 121
3 687
3 388
3 430
3 253
3 387
3 831
3 586
3 569
3 770
3 834
3 662
3 838
3 369
3 895
3 882
3 857
3 610
3 280
3 994
3 145
3 831
3 492
3 157
3 404
3 406
3 372
3 355
3 552
3 335
3 34
3 492
3 572
3 16
3 468
3 856
3 389
3 697
3 255
3 913
3 401
3 384
3 980
3 335
3 707
3 65
3 12
3 183
3 428
3 448
3 234
3 995
3 564
3 872
3 386
3 681
3 618
3 160
3 419
3 747
3 394
3 514
3 290
3 5
3 1000
3 597
3 441
3 647
3 295
3 905
3 963
3 256
3 183
3 779
3 480
3 38
3 399
3 351
3 585
3 632
3 791
3 986
3 437
3 594
3 953
3 310
3 767
3 914
3 393
3 374
3 91
3 256
3 700
3 61
3 170
3 666
3 122
3 83
3 751
3 75
3 953
3 65
3 191
3 511
3 213
3 65
3 609
3 351
3 176
3 240
3 979
3 536
3 429
3 990
3 395
3 276
3 656
3 912
3 732
3 173
3 983
3 665
3 925
3 274
3 95
3 299
3 301
3 196
3 974
3 952
3 763
3 638
3 670
3 458
3 96
3 6
3 512
3 377
3 365
3 477
3 425
3 966
3 284
3 628
3 541
3 850
3 936
3 352
3 344
3 473
3 897
3 194
3 976
3 285
3 983
3 16
3 128
3 779
3 234
3 139
3 128
3 506
3 972
3 260
3 876
3 791
3 959
3 692
3 827
3 71
3 871
3 647
3 461
3 792
3 115
3 465
3 257
3 980
3 416
3 556
3 608
3 609
3 812
3 340
3 282
3 701
3 652
3 126
3 675
3 275
3 247
3 465
3 71
3 474
3 194
3 487
3 329
3 193
3 592
3 945
3 631
3 532
3 778
3 313
3 120
3 407
3 609
3 629
3 431
3 423
3 116
3 450
3 769
3 965
3 745
3 800
3 933
3 611
3 41
3 668
3 537
3 386
3 739
3 569
3 20
3 207
3 771
3 494
3 707
3 20
3 925
3 167
3 520
3 571
3 258
3 554
3 964
3 321
3 433
3 128
3 840
3 640
3 438
3 19
3 669
3 409
3 493
3 388
3 691
3 735
3 186
3 935
3 38
3 736
3 841
3 72
3 316
3 681
3 372
3 277
3 622
3 452
3 817
3 381
3 418
3 220
3 809
3 76
3 884
3 670
3 174
3 193
3 789
3 924
3 713
3 272
3 479
3 33
3 775
3 742
3 639
3 422
3 849
3 45
3 428
3 176
3 801
3 15
3 23
3 902
3 586
3 659
3 401
3 97
3 51
3 241
3 569
3 536
3 56
3 408
3 290
3 419
3 547
3 283
3 304
3 589
3 597
3 646
3 491
3 356
3 238
3 326
3 587
3 440
3 117
3 136
3 684
3 379
3 598
3 270
3 335
3 97
3 335
3 489
3 302
3 783
3 135
3 422
3 947
3 805
3 546
3 302
3 120
3 152
3 992
3 278
3 740
3 375
3 669
3 1000
3 526
3 321
3 650
3 428
3 270
3 388
3 399
3 977
3 104
3 845
3 332
3 333
3 565
3 516
3 58
3 639
3 506
3 568
3 701
3 623
3 50
3 536
3 755
3 938
3 37
3 82
3 872
3 88
3 575
3 247
3 235
3 421
3 926
3 95
3 310
3 161
3 348
3 85
3 632
3 361
3 913
3 699
3 431
3 921
3 755
3 239
3 922
3 608
3 720
3 332
3 309
3 373
3 98
3 462
3 879
3 922
3 428
3 446
3 478
3 242
3 812
3 995
3 524
3 18
3 961
3 274
3 636
3 66
3 403
3 179
3 79
3 302
3 65
3 888
3 47
3 182
3 72
3 766
3 623
3 318
3 375
3 978
3 40
3 221
3 239
3 741
3 444
3 281
3 7
3 506
3 223
3 499
3 780
3 36
3 290
3 526
3 226
3 73
3 174
3 902
3 348
3 341
3 523
3 43
3 631
3 790
3 854
3 482
3 4
3 28
3 376
3 515
3 628
3 641
3 502
3 345
3 745
3 159
3 297
3 669
3 610
3 948
3 845
3 442
3 931
3 206
3 814
3 706
3 238
3 537
3 795
3 262
3 615
3 666
3 877
3 848
3 213
3 801
3 58
3 18
3 968
3 574
3 922
3 575
3 160
3 75
3 431
3 743
3 14
3 922
3 812
3 167
3 602
3 686
3 810
3 476
3 45
3 573
3 900
3 745
3 841
3 533
3 894
3 756
3 765
3 676
3 778
3 14
3 336
3 548
3 382
3 809
3 907
3 584
3 131
3 894
3 178
3 659
3 281
3 444
3 166
3 67
3 688
3 877
3 668
3 854
3 508
3 36
3 823
3 27
3 80
3 851
3 206
3 157
3 193
3 825
3 682
3 519
3 186
3 252
3 251
3 80
3 81
3 901
3 485
3 660
3 394
3 496
3 211
3 400
3 638
3 696
3 249
3 849
3 948
3 929
3 424
3 217
3 252
3 777
3 97
3 82
3 406
3 260
3 225
3 723
3 935
3 731
3 975
3 763
3 387
3 905
3 331
3 270
3 529
3 962
3 91
3 829
3 628
3 228
3 519
3 528
3 809
3 178
3 836
3 355
3 143
3 677
3 405
3 759
3 481
3 982
3 217
3 478
3 260
3 433
3 317
3 977
3 892
3 563
3 980
3 608
3 991
3 942
3 478
3 418
3 830
3 488
3 444
3 944
3 678
3 563
3 482
3 700
3 426
3 589
3 424
3 693
3 342
3 901
3 75
3 893
3 760
3 958
3 263
3 980
3 945
3 855
3 27
3 487
3 560
3 835
3 556
3 871
3 337
3 953
3 517
3 249
3 210
3 398
3 183
3 83
3 708
3 199
3 606
3 795
3 49
3 57
3 34
3 196
3 748
3 604
3 420
3 58
3 977
3 238
3 637
3 181
3 294
3 36
3 622
