100 100
810313250 740492566
456064258 792208706
35318318 313293111
794285775 926941508
478339125 291430022
423238251 591373298
36258513 312904373
346514988 977607445
60405509 144110092
624206825 832348591
40809747 625157781
57418471 378696901
657979238 526581580
577110613 882768988
689477480 193855893
662274299 79122859
32871301 123427473
617021245 350483880
775524953 344731489
413589968 460001756
26829576 372214644
590093819 876175560
695953552 792266761
72929811 532960011
655127893 27836505
273474041 285349700
885836982 586621346
119195368 957208884
301430520 591648467
112839819 35002479
480876371 367626498
555529210 408644400
772173732 412759112
698895758 70912147
535752578 450787396
6117530 407775543
676587607 162329285
599973508 657861477
552361866 302863686
882029339 292630774
464180976 418523877
879107237 135864108
973780413 412017485
778677936 966668012
823498456 451418486
828892835 958036462
313178469 124374745
818486074 927589707
481277653 989464336
351176219 84877258
696658707 768155155
645494098 405919712
595058548 43566506
248768462 164385316
559771453 939245077
281964967 417128501
384272285 271080278
30343415 777391280
311216476 464253261
653318480 904319326
365363664 341682208
516501717 133664668
223323349 61453110
129289159 758225149
712107640 283901092
294751337 986517042
300827159 138768333
185678478 538389314
282560265 17164000
988557098 471556948
190276992 406226615
321210802 857901424
38844304 610591851
992439258 856929223
204482604 534010113
439295324 916481866
98760284 609073810
752143123 821296627
994831274 276757390
928481933 14086173
778561945 582042740
151689454 690105350
712556386 961631915
622717176 543941317
377108213 702845857
747488668 501739231
336203819 865696155
634732051 350737856
792357678 871258692
520475447 135022286
226348106 574245089
699159802 787867334
209785202 785222559
527264444 239229982
135593688 234498083
787720556 605733767
564171795 699474691
156821654 459788629
705526974 351327406
745897636 141415569
