100 100
57 61
83 52
48 53
72 84
12 20
49 95
21 72
1 54
46 98
52 3
75 77
38 52
71 27
92 73
7 7
86 19
48 76
77 54
53 8
21 63
69 40
59 23
89 48
93 72
3 26
17 46
54 90
63 52
28 84
43 92
75 1
41 44
78 4
80 88
36 46
70 97
32 96
44 17
31 82
17 83
86 31
26 19
3 7
43 46
51 51
25 73
59 98
53 94
90 60
65 13
43 44
28 56
13 93
33 32
16 39
31 49
93 12
54 44
26 87
57 90
20 30
6 39
83 90
25 46
23 6
83 78
89 94
49 21
9 98
93 12
63 12
44 50
9 42
97 2
6 42
13 68
56 50
61 31
48 53
97 47
60 91
82 38
83 25
26 6
97 26
41 6
61 7
16 77
62 3
37 68
79 12
90 57
71 49
37 87
52 14
59 81
37 94
40 7
29 96
9 18
