100 100
44029170 393499750
282059412 927917889
445915896 811511051
770487445 197895247
676018882 965647983
180139108 322666510
204667060 104783637
430500810 284889089
82338413 833955641
114299526 279638411
149756715 998867702
322951810 567250038
699769472 770822748
940724674 625359401
655640556 400550886
294312573 663904693
115634803 960971048
921721755 802481566
574104338 437221376
534229946 340179720
235026040 656522948
175518238 833821247
497950137 56472298
980011825 631005107
88692610 589164021
512523611 96520206
372895523 526188034
976911425 17411850
48589300 458886805
253727632 511990389
627069576 170406763
915722901 600686498
659416744 371601787
997287507 78222537
677642731 634487851
290718762 581446887
834376731 382261389
660269271 584010807
636798389 918902040
845904941 864269761
172719641 611986338
346316148 273483176
282936220 204815525
72934742 159627466
852982609 735140676
328773786 516398969
482762186 559269409
940743570 304524967
740403118 612934328
823014654 717000904
334358916 945687839
981840817 766597501
53035232 717488790
668709170 868607626
705105533 691108450
555102359 360693066
776139621 583826044
713722049 261786209
881076939 268455437
126807283 655606632
810841869 718396575
589976592 356201104
145342324 333909056
622945920 607406516
625623221 742342404
377064238 553978077
336132759 574707483
247469335 71895195
682897736 110168582
493266536 244360649
755938218 282069540
477910836 57365100
697155327 479078327
167919868 161486313
437432773 590125644
684210907 393103090
265952280 686941240
853454477 265776977
984499100 365761444
746359675 117676033
245287117 390619497
212829558 640558125
734493179 266824104
919094475 397148060
648676419 654926079
234505510 163484838
936936460 583156218
158472364 85045996
262505255 40007228
246078570 976797246
432004495 655615422
961149643 216311193
5553844 120253112
462801846 357472296
252923026 713336701
237152523 937494580
344045845 344225870
606054092 827698421
978768306 571383092
998952046 704246852
