100 100
80 77
85 36
51 75
20 35
67 57
42 3
52 23
54 94
32 38
46 41
42 18
54 12
27 16
67 43
58 32
26 64
22 2
12 15
41 46
41 70
10 60
6 13
32 48
99 91
93 41
8 48
42 42
35 27
35 98
73 93
2 45
97 86
97 1
30 100
26 79
24 58
37 38
96 6
83 38
60 10
30 19
30 8
52 33
23 78
37 73
81 94
15 92
2 95
66 99
8 6
96 54
92 66
10 28
8 28
46 66
13 48
65 42
41 9
32 67
38 31
62 89
15 74
63 37
98 23
5 7
5 67
95 85
73 17
65 64
24 99
56 96
54 30
35 35
64 29
45 18
69 87
60 76
14 33
60 57
14 43
14 68
72 48
60 84
56 9
83 25
43 41
74 14
29 96
97 26
19 91
27 9
37 19
42 44
14 74
22 68
76 34
85 5
39 2
17 35
5 51
