100 100
274677627 389331869
214001335 517118969
770365550 82060743
618072981 334654175
768986637 65375445
537993329 71562495
195553824 346092772
533436913 818811703
206898464 517952092
383464624 876619061
860984642 658220926
764338538 557832161
300731138 5615393
935398748 61812186
554776576 684739692
831486058 294225326
933625615 302486532
49204515 516456284
909100980 838755460
379746255 634517051
569580032 321556064
785776013 716567200
42140620 457901611
606124352 99185021
487944918 593811256
829297586 452300139
859317303 962490756
979851785 804398763
528448127 273630268
777971022 372728066
610888136 363829446
114013614 232802403
738294345 700285040
8640436 132665039
123244462 514651156
96539286 379485771
441879793 558126150
784710003 976470895
658525877 460893438
979944814 461921796
29280506 10885071
27465770 541702753
228792058 676117067
897540820 503927968
596828198 788694933
654740171 207531578
818913562 153537132
309949267 810390479
164885122 140310600
57033359 210590777
71898492 163335774
797809480 208564881
215346453 627235263
808533332 964395604
556177686 691473155
905824163 411459704
215575215 691176771
450554992 827374848
157923505 824922877
585360138 999964901
464905618 470025982
510665310 656116404
266340551 588145057
425298421 392180735
541065463 25038125
924449957 603723939
308538205 89061080
176639796 618665752
904602656 999309113
656055587 7006259
903906779 43353382
948411839 571103751
781860217 590469246
137506959 799075976
825943641 557317036
805497784 715450464
8385349 812352879
364772001 548595582
698269282 624623998
224129532 387814553
733747425 866436839
355022990 730867149
71858713 892574264
213271121 346663491
405088099 365677825
446635733 258089210
560759837 795915623
398412017 730996989
669322585 773081194
54935114 607117034
95369288 889246514
294757036 282376201
237168214 659343674
821776364 689082803
970992154 96784112
658519937 488868754
504327232 243764956
532522912 496356007
493462839 689819609
39106399 53878352
