598 1
677 
417 
379 
893 
832 
739 
274 
400 
423 
887 
68 
823 
929 
88 
471 
951 
541 
350 
487 
230 
610 
671 
805 
305 
310 
152 
102 
280 
765 
556 
309 
15 
437 
619 
531 
81 
719 
447 
366 
56 
1 
427 
376 
816 
970 
709 
706 
853 
285 
133 
752 
137 
474 
110 
942 
875 
609 
741 
3 
421 
41 
504 
533 
20 
496 
890 
198 
653 
811 
532 
741 
702 
88 
373 
496 
347 
146 
420 
89 
731 
205 
453 
910 
618 
923 
419 
134 
447 
559 
950 
96 
825 
223 
789 
958 
637 
463 
133 
699 
771 
52 
426 
136 
627 
710 
773 
173 
306 
377 
816 
342 
545 
469 
766 
323 
15 
117 
774 
581 
686 
358 
761 
782 
180 
137 
593 
921 
123 
66 
357 
202 
426 
585 
50 
678 
101 
777 
853 
230 
947 
623 
974 
880 
311 
365 
631 
663 
738 
488 
606 
108 
702 
863 
334 
4 
774 
341 
893 
380 
412 
617 
209 
883 
978 
827 
116 
423 
78 
90 
474 
35 
360 
812 
769 
279 
189 
533 
320 
144 
561 
668 
139 
538 
57 
282 
238 
555 
495 
900 
224 
297 
425 
619 
514 
999 
620 
931 
591 
892 
492 
32 
607 
501 
696 
912 
327 
812 
324 
268 
675 
64 
326 
560 
390 
551 
829 
942 
681 
2 
295 
382 
74 
256 
531 
626 
967 
117 
838 
318 
236 
764 
729 
109 
697 
851 
242 
554 
336 
678 
306 
916 
781 
727 
472 
342 
327 
828 
476 
525 
510 
993 
958 
323 
29 
72 
544 
308 
209 
350 
489 
79 
67 
647 
924 
943 
531 
157 
48 
179 
205 
237 
713 
243 
529 
819 
503 
84 
781 
672 
973 
365 
214 
184 
405 
763 
159 
417 
33 
530 
216 
352 
261 
877 
891 
846 
356 
279 
531 
195 
65 
195 
670 
314 
799 
138 
285 
502 
290 
971 
769 
83 
744 
151 
688 
848 
82 
709 
24 
963 
479 
667 
139 
861 
675 
575 
540 
56 
59 
749 
833 
662 
541 
746 
954 
124 
806 
304 
985 
783 
3 
82 
402 
525 
660 
387 
773 
496 
38 
978 
49 
774 
881 
289 
307 
389 
81 
774 
335 
205 
280 
337 
679 
726 
92 
479 
306 
579 
189 
871 
46 
983 
177 
307 
49 
855 
43 
769 
108 
488 
922 
282 
841 
379 
614 
546 
151 
526 
201 
114 
924 
846 
947 
611 
946 
401 
398 
780 
533 
56 
83 
549 
988 
428 
180 
732 
797 
89 
500 
576 
582 
729 
212 
677 
569 
930 
344 
248 
48 
642 
281 
899 
674 
761 
740 
794 
924 
481 
203 
767 
396 
786 
378 
171 
970 
297 
213 
182 
599 
241 
479 
442 
650 
434 
222 
883 
193 
41 
414 
249 
709 
953 
707 
8 
746 
896 
251 
999 
845 
69 
155 
65 
518 
1 
641 
457 
560 
307 
538 
289 
591 
953 
253 
653 
250 
363 
95 
891 
160 
26 
152 
830 
559 
449 
694 
755 
859 
587 
592 
387 
509 
117 
662 
802 
244 
93 
656 
711 
504 
492 
556 
581 
772 
792 
236 
314 
883 
589 
575 
198 
479 
356 
30 
622 
894 
668 
985 
722 
222 
401 
788 
771 
426 
50 
269 
305 
174 
79 
191 
124 
415 
427 
195 
930 
559 
790 
829 
184 
999 
959 
469 
268 
645 
664 
576 
147 
649 
225 
230 
462 
299 
834 
77 
626 
215 
675 
582 
712 
467 
742 
926 
778 
552 
464 
752 
103 
999 
372 
648 
913 
686 
169 
955 
69 
947 
813 
694 
971 
169 
513 
908 
799 
113 
774 
684 
471 
434 
808 
42 
53 
308 
491 
293 
567 
345 
572 
353 
677 
93 
