344 1
293 
888 
964 
706 
473 
270 
33 
625 
952 
410 
16 
985 
610 
224 
966 
151 
925 
264 
651 
568 
481 
67 
438 
631 
642 
995 
579 
523 
262 
888 
27 
168 
312 
520 
866 
493 
740 
495 
950 
486 
523 
183 
942 
202 
82 
657 
402 
264 
166 
589 
394 
462 
994 
615 
962 
338 
149 
226 
860 
100 
918 
281 
814 
299 
905 
44 
709 
999 
838 
944 
122 
728 
984 
642 
436 
381 
515 
125 
438 
71 
370 
273 
459 
799 
344 
239 
199 
141 
37 
155 
80 
851 
843 
113 
701 
489 
226 
499 
870 
362 
785 
905 
180 
951 
653 
178 
513 
594 
959 
979 
211 
822 
289 
718 
301 
245 
569 
12 
55 
594 
146 
221 
488 
456 
31 
671 
481 
714 
625 
182 
347 
469 
107 
771 
764 
355 
891 
440 
190 
57 
44 
675 
168 
827 
411 
881 
233 
607 
830 
717 
210 
543 
355 
49 
27 
507 
288 
652 
25 
854 
727 
180 
607 
656 
61 
646 
362 
972 
26 
332 
338 
42 
291 
150 
605 
232 
727 
444 
102 
981 
639 
707 
654 
438 
210 
590 
570 
580 
79 
391 
750 
854 
660 
838 
271 
171 
950 
505 
239 
666 
890 
853 
293 
198 
340 
676 
59 
780 
502 
415 
612 
375 
92 
582 
925 
326 
61 
821 
915 
3 
220 
633 
614 
720 
519 
524 
661 
550 
200 
197 
970 
670 
51 
188 
87 
691 
183 
932 
913 
279 
664 
58 
395 
245 
476 
741 
406 
87 
693 
974 
24 
481 
879 
762 
891 
597 
138 
397 
24 
241 
121 
745 
443 
742 
580 
848 
145 
370 
932 
775 
95 
137 
717 
891 
316 
567 
896 
296 
490 
665 
466 
304 
89 
4 
111 
569 
165 
158 
619 
874 
769 
676 
914 
814 
91 
779 
286 
602 
354 
300 
586 
164 
78 
361 
365 
997 
862 
461 
808 
233 
648 
604 
635 
323 
925 
245 
93 
486 
330 
441 
803 
394 
998 
967 
827 
476 
889 
742 
714 
9 
762 
527 
498 
4 
412 
25 
47 
710 
986 
567 
860 
941 
896 
48 
