500 1000 30
57 9 51 94 58 75 66 28 59 29 65 5 14 21 25 23 53 5 83 76 100 38 29 58 34 61 51 48 78 36 70 63 31 38 22 16 96 5 29 54 30 70 60 55 43 30 7 2 42 66 87 49 87 56 49 96 64 76 79 66 27 66 80 29 58 67 76 71 50 77 20 78 48 84 68 47 21 50 2 100 80 59 56 54 74 16 26 84 23 90 52 3 4 12 15 18 73 30 86 52 28 51 94 93 5 27 94 42 28 31 83 52 91 44 79 87 69 41 87 59 93 80 58 53 53 14 85 65 75 5 36 25 44 19 28 35 29 36 46 26 35 90 70 62 8 45 33 89 28 51 10 45 79 35 73 56 76 15 81 36 78 6 29 55 67 44 94 33 42 76 77 76 34 9 30 84 75 95 54 41 42 35 77 63 68 94 83 93 64 38 61 64 52 78 76 83 20 91 42 91 82 33 76 9 99 27 23 5 29 24 59 66 72 44 6 24 65 48 2 53 82 16 39 88 19 24 71 58 29 15 93 27 3 80 12 68 12 79 65 85 92 23 24 38 77 100 98 95 12 24 71 8 19 39 6 28 62 48 2 46 73 2 66 46 44 69 80 99 7 21 95 74 92 27 93 77 45 91 19 98 44 56 1 75 65 58 5 46 72 86 33 37 31 89 83 74 73 37 41 34 100 67 79 74 79 95 65 68 55 76 35 18 20 92 23 76 31 99 11 61 46 83 63 46 83 4 44 22 57 80 36 67 94 50 16 96 23 46 59 47 95 95 69 16 50 26 59 90 19 40 73 43 78 44 49 72 83 5 39 10 73 56 15 52 14 35 73 25 51 22 76 77 91 31 71 4 16 77 48 3 77 6 92 9 71 8 26 72 70 100 29 53 78 38 26 6 79 25 17 56 50 98 59 75 57 43 78 12 82 95 65 30 69 24 29 41 61 74 98 19 59 94 54 81 85 63 75 58 5 62 96 62 88 52 52 97 73 64 46 73 39 42 45 63 79 46 22 61 58 24 82 38 46 72 26 55 66 42 87 55 21 90 1 94 66 83 9 52 73 57 83 25 39 85 23 21 6 76 92 81 71 4 58 75 33 2 76 75 64 73 13 52 43 63 6 73 4 36 66 65 
1 2 64
2 3 47
3 4 46
4 5 20
1 6 9
5 7 18
6 8 79
3 9 53
8 10 27
2 11 51
1 12 11
4 13 2
5 14 64
2 15 29
7 16 40
1 17 74
11 18 36
3 19 30
1 20 71
12 21 69
13 22 94
21 23 34
18 24 13
1 25 24
10 26 39
14 27 9
19 28 92
7 29 19
21 30 29
15 31 11
12 32 98
11 33 44
32 34 51
10 35 18
29 36 100
21 37 60
9 38 78
16 39 3
36 40 57
19 41 48
16 42 56
6 43 88
6 44 43
37 45 53
24 46 36
42 47 9
43 48 87
15 49 62
22 50 85
42 51 73
5 52 15
28 53 39
12 54 33
29 55 13
19 56 14
43 57 81
46 58 37
49 59 75
40 60 62
13 61 4
28 62 8
1 63 55
3 64 65
63 65 75
50 66 11
34 67 73
50 68 2
31 69 28
34 70 56
34 71 18
51 72 4
45 73 20
5 74 38
22 75 87
1 76 55
66 77 9
19 78 49
58 79 16
27 80 84
35 81 10
38 82 19
81 83 56
83 84 21
33 85 42
50 86 27
54 87 68
14 88 24
82 89 78
47 90 62
76 91 69
83 92 83
50 93 83
90 94 45
81 95 61
61 96 95
88 97 12
36 98 76
31 99 90
70 100 61
45 101 66
5 102 89
47 103 42
90 104 96
67 105 17
70 106 76
86 107 82
84 108 17
72 109 40
21 110 18
40 111 41
71 112 54
35 113 62
102 114 81
76 115 77
38 116 28
40 117 19
41 118 95
64 119 25
19 120 2
67 121 78
118 122 40
89 123 7
97 124 57
65 125 85
73 126 69
11 127 72
94 128 20
64 129 12
128 130 44
79 131 15
20 132 82
94 133 13
102 134 1
15 135 47
88 136 71
58 137 51
33 138 20
77 139 35
100 140 17
5 141 35
94 142 55
9 143 37
101 144 35
97 145 26
7 146 100
132 147 76
84 148 30
3 149 85
123 150 97
49 151 74
101 152 38
62 153 25
69 154 83
25 155 9
121 156 62
66 157 7
88 158 19
102 159 89
5 160 20
127 161 71
9 162 56
121 163 63
156 164 2
17 165 61
129 166 82
3 167 93
144 168 59
11 169 18
124 170 7
40 171 25
72 172 82
131 173 36
2 174 49
60 175 55
35 176 1
32 177 29
6 178 21
65 179 58
155 180 17
79 181 20
8 182 81
48 183 99
84 184 33
58 185 11
156 186 42
39 187 26
134 188 100
142 189 36
36 190 84
7 191 33
22 192 49
54 193 82
25 194 85
133 195 89
20 196 1
135 197 55
50 198 76
153 199 94
53 200 18
63 201 58
29 202 98
115 203 53
84 204 95
10 205 79
157 206 42
189 207 85
141 208 37
199 209 47
37 210 29
32 211 96
7 212 51
136 213 69
14 214 77
213 215 38
37 216 56
82 217 3
28 218 56
69 219 93
206 220 44
186 221 62
18 222 42
126 223 51
162 224 15
85 225 33
175 226 48
141 227 79
11 228 77
91 229 40
107 230 73
76 231 76
140 232 54
154 233 44
73 234 15
91 235 59
97 236 77
100 237 86
192 238 8
81 239 4
18 240 48
149 241 71
222 242 55
24 243 87
216 244 62
18 245 6
71 246 46
77 247 30
18 248 93
138 249 92
121 250 31
1 251 99
78 252 81
144 253 73
93 254 10
123 255 78
141 256 94
253 257 60
251 258 64
214 259 24
253 260 97
103 261 62
74 262 100
133 263 82
98 264 17
113 265 76
203 266 4
141 267 18
93 268 72
149 269 20
180 270 52
172 271 71
100 272 29
74 273 24
58 274 40
174 275 43
182 276 3
80 277 59
275 278 71
96 279 27
41 280 96
177 281 7
79 282 40
75 283 58
68 284 75
107 285 10
280 286 100
48 287 8
256 288 70
78 289 47
225 290 48
47 291 85
121 292 29
130 293 12
170 294 49
103 295 51
104 296 42
204 297 10
50 298 63
18 299 16
197 300 90
288 301 97
99 302 52
72 303 22
261 304 80
107 305 24
259 306 31
289 307 71
31 308 12
275 309 18
64 310 95
144 311 51
42 312 27
114 313 88
312 314 81
53 315 75
289 316 63
113 317 35
305 318 38
116 319 25
282 320 59
206 321 41
64 322 37
167 323 61
23 324 28
70 325 9
134 326 86
77 327 88
259 328 61
75 329 92
44 330 30
161 331 18
265 332 68
15 333 38
164 334 24
243 335 30
326 336 7
95 337 68
7 338 6
277 339 79
77 340 60
297 341 91
76 342 87
128 343 46
130 344 75
103 345 84
221 346 39
134 347 99
272 348 52
73 349 20
242 350 18
242 351 49
35 352 60
295 353 61
135 354 6
115 355 3
99 356 73
62 357 72
290 358 16
318 359 65
343 360 81
85 361 78
324 362 35
30 363 100
257 364 62
263 365 95
313 366 23
339 367 92
64 368 52
346 369 29
115 370 52
205 371 12
279 372 4
7 373 90
364 374 10
356 375 26
318 376 13
155 377 10
81 378 62
351 379 23
17 380 44
153 381 91
44 382 70
134 383 95
109 384 32
222 385 53
223 386 64
95 387 44
342 388 5
109 389 92
299 390 3
379 391 74
37 392 77
302 393 35
143 394 75
320 395 11
315 396 93
127 397 36
62 398 51
313 399 28
153 400 1
239 401 40
185 402 96
352 403 36
300 404 28
92 405 59
81 406 99
128 407 42
358 408 61
73 409 97
232 410 2
258 411 78
263 412 93
268 413 21
196 414 5
95 415 41
91 416 27
5 417 34
175 418 7
208 419 79
364 420 6
240 421 19
251 422 5
14 423 26
53 424 65
22 425 3
111 426 28
269 427 42
232 428 62
154 429 95
424 430 46
252 431 49
415 432 23
281 433 36
137 434 19
386 435 97
370 436 14
415 437 56
318 438 49
284 439 98
138 440 33
267 441 65
155 442 5
336 443 19
388 444 89
309 445 27
273 446 99
259 447 50
32 448 72
88 449 57
387 450 22
293 451 19
362 452 98
61 453 48
388 454 12
402 455 28
58 456 48
390 457 50
215 458 17
55 459 55
341 460 22
375 461 36
241 462 85
220 463 27
371 464 39
450 465 57
389 466 68
142 467 67
4 468 79
75 469 55
315 470 98
27 471 58
138 472 100
206 473 96
408 474 79
23 475 98
308 476 38
236 477 23
334 478 97
398 479 36
298 480 74
404 481 35
343 482 8
89 483 88
430 484 48
47 485 62
58 486 2
91 487 82
483 488 10
37 489 59
232 490 82
490 491 28
418 492 51
6 493 33
250 494 75
121 495 28
191 496 65
15 497 21
348 498 50
238 499 72
74 500 5
188 281 31
323 394 4
25 481 49
210 193 56
104 466 99
104 124 3
1 184 68
320 12 73
264 281 33
305 481 9
409 153 81
363 282 72
53 12 62
370 408 58
161 86 23
82 92 70
222 496 24
42 94 32
19 427 3
171 49 47
291 353 59
36 110 18
445 21 94
12 110 8
173 237 57
189 179 48
108 158 89
480 257 58
241 176 86
271 30 27
438 430 76
256 52 99
175 63 86
162 274 64
393 316 35
434 434 89
79 129 73
143 485 15
489 352 50
318 335 56
435 463 44
47 144 72
469 329 37
190 211 16
424 353 62
494 319 7
6 404 100
103 302 9
281 409 20
254 360 83
132 207 75
359 408 27
218 8 74
370 367 31
144 415 24
331 79 1
183 215 74
173 25 34
374 348 73
222 152 41
267 487 83
180 322 97
229 486 68
31 82 16
274 449 53
386 198 87
387 166 60
117 276 38
331 388 81
92 61 88
395 105 86
58 472 51
117 360 60
71 324 70
147 188 51
345 137 98
274 64 74
436 7 91
172 98 77
110 5 73
276 165 63
335 380 39
344 392 4
40 267 24
166 182 98
464 111 20
409 72 60
314 401 3
309 278 49
339 263 49
337 298 53
221 367 64
384 368 16
318 306 20
205 480 39
334 114 9
77 316 8
293 73 86
1 82 44
9 438 36
447 359 29
193 31 3
106 454 15
207 251 40
314 445 28
474 238 80
290 416 49
204 207 19
6 169 61
79 111 7
482 101 78
230 128 69
320 15 24
150 357 39
384 419 67
121 424 28
144 227 14
74 279 97
263 303 65
417 462 81
393 292 56
23 274 25
120 322 56
277 327 11
28 94 78
429 247 56
99 323 66
303 300 39
242 99 22
148 101 99
6 240 55
271 12 84
204 174 68
417 52 86
112 42 67
34 437 44
451 78 1
270 253 35
320 164 5
448 435 87
414 97 55
419 393 6
492 12 17
181 263 43
255 416 3
2 22 32
432 447 83
459 436 85
491 142 49
53 216 58
458 105 4
197 433 42
222 497 56
317 341 54
481 335 5
222 365 58
454 307 77
277 215 52
149 34 20
153 110 19
34 135 73
210 134 15
336 283 84
315 192 80
216 484 56
405 492 83
252 412 66
68 34 94
71 145 87
81 198 62
191 170 92
346 269 82
320 420 86
244 411 55
419 471 60
39 295 33
346 144 74
474 20 12
5 65 92
374 430 64
437 342 85
302 268 24
173 132 95
40 377 71
470 318 30
179 483 53
409 444 69
396 210 9
115 17 79
416 11 1
5 312 47
458 231 87
406 428 88
232 135 49
491 142 44
21 182 94
167 228 90
112 70 8
62 222 1
80 223 56
396 428 23
16 280 57
493 349 85
129 478 77
259 78 43
451 404 44
91 424 83
96 497 26
276 121 45
130 95 32
484 142 96
298 299 12
76 134 6
386 324 47
225 487 57
451 234 44
129 395 58
401 91 96
96 151 30
102 36 17
167 262 21
412 37 24
325 70 16
442 65 22
123 75 28
195 260 34
458 433 76
99 93 34
95 102 21
397 381 35
25 272 46
408 355 67
244 79 57
486 308 95
177 167 53
411 455 90
118 299 58
429 18 75
496 306 46
386 266 77
167 214 72
258 424 85
43 173 37
261 341 83
186 285 70
473 21 58
464 156 76
464 162 89
181 127 27
336 278 95
106 139 39
462 378 13
122 353 33
370 106 62
384 487 30
464 297 81
463 211 18
443 467 93
105 182 78
73 336 67
203 475 5
336 471 37
435 67 42
250 215 70
263 376 8
363 270 94
230 88 21
145 428 48
380 348 7
85 240 59
411 98 84
90 136 43
382 261 99
19 114 95
254 212 9
370 35 84
386 495 91
17 179 48
129 217 36
217 16 72
273 186 76
91 292 65
453 17 97
288 306 17
266 245 13
158 328 45
365 376 37
298 234 96
52 152 51
367 99 27
347 130 3
322 286 45
131 66 49
318 229 44
346 310 40
430 280 15
397 345 70
121 113 15
203 87 5
222 4 45
109 115 70
203 161 27
115 87 75
499 337 100
26 7 74
107 315 40
170 254 44
179 253 88
268 188 71
426 254 27
203 304 2
239 188 48
229 61 84
131 260 1
414 294 84
199 250 57
315 285 84
97 219 48
38 178 2
344 483 85
255 323 6
98 436 73
241 317 38
22 253 8
208 123 47
198 456 47
437 164 10
135 96 32
411 50 29
197 79 78
383 267 82
141 172 53
184 162 79
254 234 25
178 176 72
167 196 63
420 245 87
436 19 21
459 146 76
422 449 13
358 8 32
498 23 71
13 296 82
499 214 74
53 323 73
50 302 72
174 97 2
415 276 99
26 101 81
349 77 88
10 104 15
185 433 71
421 138 4
499 392 11
118 205 80
149 80 33
464 326 37
148 152 69
273 454 70
351 17 84
463 436 15
454 341 69
336 383 62
343 491 54
147 242 44
7 336 86
440 7 3
163 291 57
48 391 4
271 469 72
419 391 79
333 386 72
455 248 64
445 380 68
277 178 4
319 27 25
138 319 39
40 80 77
371 313 91
57 68 15
397 88 49
86 351 46
168 247 48
169 140 8
456 314 100
430 118 77
494 289 56
180 380 94
32 243 84
77 145 100
32 335 53
186 280 89
224 56 64
254 426 7
356 390 50
310 351 30
315 385 89
266 380 38
12 417 46
490 288 25
461 461 29
485 379 20
163 492 86
231 85 61
463 168 68
82 222 6
190 20 89
79 138 38
336 212 89
254 125 87
265 447 4
139 187 22
135 384 93
367 251 36
346 390 5
20 112 73
65 458 57
365 215 68
240 132 25
8 479 33
495 451 45
241 330 35
288 144 90
413 30 26
186 381 49
462 408 90
400 390 79
457 106 17
499 379 50
124 122 82
54 257 20
265 199 26
180 79 77
215 367 67
287 363 45
212 453 56
469 115 60
197 443 57
70 332 59
179 278 84
240 158 54
498 493 8
51 134 56
439 267 10
381 142 97
484 470 76
226 269 32
168 287 57
435 380 39
387 134 44
149 182 36
387 140 25
489 364 33
317 496 67
238 150 38
377 69 92
273 388 34
312 91 31
394 266 40
485 123 29
170 263 74
435 51 88
143 335 74
72 206 33
382 229 63
137 142 37
170 65 39
248 138 79
319 67 82
307 287 4
247 237 45
414 421 31
259 207 46
338 99 43
455 249 68
327 186 78
205 158 36
145 328 88
92 408 56
172 385 66
9 80 61
418 118 8
218 79 51
348 137 71
94 83 75
438 148 24
72 280 100
288 16 5
418 268 80
259 102 84
111 3 39
339 445 69
113 374 62
307 104 53
17 183 69
210 236 48
288 472 88
46 34 54
213 222 71
466 193 34
475 72 22
