500 1000 92
66 85 47 73 13 86 76 78 54 15 90 63 72 64 92 21 31 63 20 44 24 3 2 41 28 16 40 62 3 41 2 86 88 56 35 27 100 10 53 60 10 73 44 64 38 74 77 36 66 96 54 4 20 86 56 90 70 65 78 72 71 49 21 2 26 68 89 43 44 89 55 26 18 19 7 79 98 78 88 82 84 48 4 36 2 74 26 65 98 6 47 64 75 32 2 96 86 70 35 40 68 97 47 4 49 20 84 4 88 75 2 48 34 81 68 37 77 56 9 5 86 96 100 19 99 3 39 95 40 64 74 49 39 29 24 94 8 24 14 8 78 44 9 92 6 60 65 64 23 67 82 28 13 59 12 69 25 76 5 17 67 97 62 53 52 64 55 7 66 40 58 73 89 87 4 41 7 86 20 63 66 72 63 94 56 6 51 16 56 43 20 84 33 31 23 50 39 25 16 68 83 87 79 17 46 94 41 70 5 35 71 37 14 28 63 2 78 37 29 56 28 41 30 76 7 21 42 89 14 71 7 13 35 41 20 28 46 24 56 9 5 30 87 49 49 13 69 3 20 98 20 17 83 88 56 37 13 70 1 9 50 23 52 48 80 80 55 5 70 63 56 82 48 63 65 69 60 39 83 94 21 2 19 51 36 19 40 84 31 97 91 31 52 50 84 44 79 71 19 32 38 50 44 87 27 5 1 6 27 26 39 8 1 89 73 22 84 23 95 7 48 15 39 28 92 95 24 19 54 44 95 74 18 26 74 57 70 66 36 12 73 61 42 4 18 47 35 28 31 2 75 5 15 53 48 36 65 76 32 99 37 4 15 74 76 1 51 88 53 53 66 66 9 97 24 69 14 14 92 44 53 36 6 15 27 11 32 74 50 19 90 90 31 85 33 29 77 97 76 79 21 47 100 2 43 8 33 32 29 87 67 36 83 100 88 61 14 66 15 58 27 56 59 19 57 60 83 86 29 15 76 58 7 82 77 54 41 33 67 59 22 96 71 11 49 86 5 62 16 24 65 59 15 49 99 47 94 80 19 2 77 68 76 62 17 15 74 1 1 21 41 15 72 55 39 86 46 13 61 38 79 48 29 51 42 71 18 84 42 92 94 72 9 37 1 18 27 72 41 43 
1 2 22
2 3 37
2 4 1
1 5 74
3 6 40
5 7 79
2 8 87
3 9 21
5 10 46
10 11 24
8 12 92
9 13 14
8 14 60
14 15 36
8 16 45
12 17 18
9 18 58
14 19 80
4 20 93
19 21 92
17 22 66
7 23 81
18 24 53
20 25 84
18 26 40
14 27 62
13 28 38
4 29 45
18 30 37
10 31 76
3 32 96
29 33 20
24 34 48
21 35 63
29 36 62
22 37 49
21 38 78
32 39 86
4 40 33
8 41 67
19 42 74
10 43 51
21 44 65
31 45 91
3 46 92
30 47 63
10 48 50
25 49 36
36 50 97
10 51 24
25 52 90
46 53 97
27 54 60
52 55 77
54 56 12
5 57 95
5 58 81
32 59 22
4 60 89
18 61 56
18 62 18
60 63 2
14 64 98
30 65 79
34 66 99
44 67 62
56 68 76
51 69 85
65 70 74
9 71 44
16 72 14
37 73 90
60 74 83
49 75 43
29 76 65
58 77 93
60 78 52
9 79 92
24 80 23
74 81 75
39 82 75
43 83 44
16 84 92
31 85 35
47 86 16
51 87 66
58 88 13
54 89 69
5 90 57
70 91 49
67 92 20
43 93 85
25 94 4
19 95 53
9 96 42
60 97 34
12 98 65
8 99 30
72 100 40
56 101 39
79 102 1
2 103 3
88 104 2
21 105 89
2 106 73
24 107 27
63 108 33
99 109 84
72 110 38
19 111 52
29 112 55
102 113 9
37 114 12
55 115 68
112 116 5
107 117 45
18 118 92
40 119 64
104 120 35
94 121 26
83 122 15
49 123 59
65 124 70
86 125 15
97 126 1
11 127 5
73 128 98
99 129 72
82 130 80
15 131 62
41 132 18
117 133 87
61 134 89
106 135 6
107 136 97
45 137 78
39 138 25
39 139 29
15 140 65
106 141 15
98 142 12
2 143 2
80 144 98
117 145 13
41 146 79
22 147 36
55 148 18
71 149 50
54 150 19
92 151 14
7 152 91
105 153 41
16 154 39
123 155 53
145 156 64
17 157 39
109 158 64
138 159 18
70 160 83
143 161 84
82 162 71
92 163 18
163 164 41
107 165 34
96 166 53
20 167 74
10 168 34
138 169 10
7 170 69
132 171 15
47 172 14
12 173 60
124 174 19
84 175 71
98 176 92
143 177 97
99 178 91
77 179 68
47 180 42
12 181 4
45 182 96
72 183 56
110 184 50
23 185 60
24 186 89
58 187 57
2 188 2
27 189 18
165 190 94
106 191 5
5 192 19
130 193 3
37 194 75
48 195 2
80 196 36
101 197 14
163 198 9
17 199 55
26 200 53
84 201 40
136 202 43
128 203 2
93 204 32
42 205 2
160 206 6
93 207 63
83 208 78
107 209 32
58 210 9
96 211 76
18 212 16
25 213 29
74 214 85
63 215 5
68 216 35
215 217 94
204 218 12
121 219 98
159 220 2
136 221 29
61 222 49
69 223 78
44 224 48
20 225 81
104 226 87
48 227 35
67 228 74
85 229 10
82 230 6
78 231 12
22 232 90
224 233 42
206 234 37
26 235 58
106 236 83
13 237 98
213 238 39
83 239 98
202 240 69
64 241 1
223 242 30
173 243 53
103 244 97
10 245 57
136 246 81
107 247 100
236 248 62
240 249 36
213 250 22
113 251 5
84 252 96
164 253 18
12 254 3
190 255 58
191 256 23
64 257 95
122 258 92
158 259 55
227 260 36
206 261 20
88 262 50
159 263 77
117 264 22
219 265 82
128 266 74
165 267 42
166 268 62
112 269 58
180 270 19
112 271 35
188 272 8
22 273 76
60 274 56
74 275 91
121 276 64
76 277 11
186 278 66
188 279 91
132 280 65
157 281 33
273 282 37
26 283 78
5 284 29
27 285 17
154 286 29
62 287 4
59 288 50
263 289 54
251 290 62
265 291 63
94 292 11
138 293 27
56 294 5
205 295 98
240 296 17
295 297 45
29 298 64
53 299 25
102 300 40
81 301 6
226 302 49
27 303 86
82 304 92
255 305 8
287 306 51
67 307 85
238 308 27
133 309 43
291 310 33
117 311 90
36 312 90
19 313 29
291 314 58
183 315 10
93 316 96
292 317 73
4 318 76
16 319 23
44 320 89
125 321 48
282 322 77
65 323 47
65 324 31
12 325 70
150 326 84
51 327 92
40 328 72
224 329 24
214 330 68
305 331 73
271 332 24
99 333 97
275 334 47
307 335 80
244 336 2
163 337 88
134 338 2
90 339 32
178 340 88
168 341 96
55 342 4
172 343 67
53 344 81
338 345 56
30 346 73
343 347 4
42 348 91
233 349 35
163 350 45
152 351 36
339 352 72
204 353 21
204 354 72
195 355 46
97 356 92
7 357 17
286 358 40
291 359 94
78 360 71
28 361 70
198 362 97
114 363 11
307 364 93
31 365 92
271 366 34
257 367 15
17 368 19
121 369 64
63 370 92
156 371 30
285 372 11
274 373 33
148 374 78
153 375 42
263 376 28
104 377 33
267 378 56
197 379 14
80 380 79
254 381 54
108 382 58
299 383 52
260 384 96
286 385 1
159 386 58
197 387 82
116 388 81
158 389 94
148 390 61
146 391 26
165 392 75
268 393 13
131 394 68
339 395 24
379 396 40
270 397 79
45 398 97
272 399 84
399 400 57
158 401 34
3 402 75
360 403 76
99 404 23
71 405 43
369 406 69
114 407 39
260 408 39
72 409 53
379 410 90
294 411 1
379 412 94
117 413 98
168 414 16
127 415 63
253 416 50
20 417 96
209 418 18
99 419 69
359 420 48
349 421 69
343 422 78
21 423 14
162 424 12
310 425 99
169 426 22
233 427 59
15 428 45
28 429 81
322 430 28
284 431 51
241 432 56
71 433 59
15 434 69
163 435 65
52 436 93
293 437 76
372 438 100
418 439 4
185 440 15
99 441 46
307 442 83
157 443 90
436 444 41
314 445 47
6 446 75
187 447 83
414 448 38
186 449 39
186 450 20
185 451 11
259 452 65
372 453 16
338 454 90
311 455 70
252 456 24
338 457 36
155 458 63
144 459 93
36 460 77
283 461 50
326 462 79
96 463 56
275 464 12
447 465 37
106 466 9
13 467 84
313 468 87
134 469 77
172 470 31
95 471 92
120 472 29
468 473 69
118 474 21
52 475 60
371 476 30
294 477 47
214 478 70
62 479 64
24 480 75
190 481 53
200 482 15
163 483 97
80 484 41
34 485 62
115 486 6
190 487 41
422 488 26
36 489 92
122 490 59
126 491 86
335 492 83
271 493 30
225 494 28
124 495 39
246 496 33
109 497 3
144 498 44
271 499 81
332 500 85
163 50 93
357 324 16
236 68 9
474 417 56
83 402 32
449 350 19
442 290 51
112 155 56
290 407 68
185 480 55
54 110 20
88 488 98
335 425 62
450 291 97
373 473 63
412 451 76
30 358 23
290 472 13
287 498 21
239 458 60
235 168 39
350 380 94
98 74 94
155 66 93
40 488 17
421 266 78
130 421 55
245 177 27
422 36 49
235 27 5
317 29 1
456 348 80
236 422 36
304 320 37
58 221 52
255 193 75
54 170 84
375 344 73
168 295 61
204 285 29
439 257 94
452 142 74
378 181 67
41 132 55
379 479 89
142 261 62
318 10 43
87 150 39
404 295 1
95 494 85
68 388 67
3 265 39
382 194 41
118 163 45
205 22 98
133 58 79
366 303 91
177 407 49
92 361 67
427 71 33
113 361 64
55 378 80
411 143 12
182 322 28
181 324 24
85 45 94
83 70 32
195 324 66
399 84 37
49 54 79
154 392 20
456 414 16
6 167 79
295 279 53
326 214 11
466 336 95
33 389 29
449 277 24
21 326 43
364 281 73
181 363 62
426 178 86
410 261 51
338 497 59
21 322 65
386 332 75
241 24 96
376 53 12
130 409 86
159 463 18
345 182 67
175 44 38
160 214 71
317 469 90
281 496 27
122 306 77
317 325 14
270 191 36
297 362 70
162 403 41
273 254 93
206 392 22
105 58 16
212 484 90
118 138 88
450 474 67
323 84 25
377 296 35
279 492 31
82 401 74
110 35 8
416 364 35
432 417 18
175 232 31
405 15 40
462 427 74
471 300 25
241 499 79
34 39 22
291 319 38
5 208 69
237 173 50
380 425 24
424 350 78
96 182 14
156 145 48
423 236 37
353 489 87
497 109 28
289 170 32
131 146 12
191 407 23
190 1 9
335 118 31
308 463 73
142 115 10
436 300 48
373 203 27
345 320 96
108 20 18
99 65 53
19 122 91
121 372 73
40 375 84
115 285 43
208 134 54
276 91 89
260 441 33
284 491 89
382 48 15
205 408 60
34 153 52
42 481 86
167 110 28
27 26 97
445 438 74
402 231 63
459 233 46
274 376 30
460 32 94
270 292 24
489 239 61
361 92 98
431 217 61
113 348 67
325 138 42
194 38 94
332 475 97
63 320 17
446 355 7
117 181 72
382 459 28
363 483 47
85 37 30
317 267 98
274 223 69
473 105 45
372 198 28
390 407 71
10 128 95
487 137 6
418 35 38
453 319 4
355 247 31
161 357 53
61 463 32
428 192 98
384 421 54
45 420 48
149 312 43
443 186 76
128 225 8
438 480 4
247 407 8
495 92 10
45 1 1
402 23 67
186 446 37
490 100 93
254 137 95
187 457 83
433 328 70
303 349 95
396 194 3
318 239 32
441 313 73
249 43 51
55 357 69
376 353 5
365 193 5
193 329 37
8 115 6
96 434 38
444 325 15
28 112 59
210 277 75
343 480 26
417 45 3
145 218 50
216 431 32
217 489 59
458 489 82
221 441 50
450 454 17
246 385 61
131 164 24
495 477 43
171 151 66
120 31 43
304 222 82
278 500 3
338 189 21
168 470 65
66 261 8
125 441 68
121 62 72
73 494 55
327 418 81
450 408 63
61 442 1
343 244 57
16 443 35
388 147 92
472 30 26
230 138 38
269 265 57
183 67 20
38 187 56
193 278 94
477 31 44
389 27 15
172 10 4
286 203 31
88 21 22
195 81 85
391 80 18
474 142 17
115 496 70
132 144 32
371 452 66
370 328 27
408 424 61
472 132 77
196 183 45
2 167 40
111 220 7
127 482 23
75 345 37
132 69 88
267 456 78
491 438 79
152 130 1
290 258 67
364 190 7
41 361 46
464 15 35
268 240 36
60 60 53
328 457 16
482 361 90
91 156 99
143 74 12
357 390 4
491 238 47
308 81 20
75 430 75
341 497 91
129 80 58
185 434 31
456 392 33
140 25 44
166 354 70
58 195 55
114 2 81
117 223 34
208 89 53
211 384 44
50 194 41
152 246 58
251 113 3
483 73 27
434 316 52
208 79 93
449 378 1
19 456 78
21 359 38
30 442 90
451 480 5
61 290 71
472 111 20
146 176 2
257 350 48
210 416 20
398 288 85
474 23 84
221 434 41
148 250 27
11 398 41
294 200 22
193 403 84
277 472 4
247 1 57
450 29 90
41 362 31
143 442 93
70 210 70
214 93 48
480 406 32
102 185 93
335 210 40
416 132 39
203 208 19
47 40 73
388 51 49
53 351 16
231 56 36
23 200 57
241 420 56
51 376 98
340 490 3
291 393 36
332 412 98
444 21 19
10 426 76
238 66 14
49 276 100
92 166 97
288 60 4
417 333 82
52 469 3
143 103 40
42 27 78
119 464 64
258 292 39
490 402 91
6 37 43
382 271 61
46 317 64
148 395 22
29 205 58
141 49 90
94 23 85
435 50 29
171 438 89
129 449 80
83 395 99
219 97 39
46 372 1
34 395 11
10 392 60
204 374 15
50 91 45
298 248 19
98 408 33
231 341 56
438 84 52
259 447 62
24 451 90
63 59 4
71 459 56
277 328 51
133 218 48
285 231 7
8 315 9
295 421 81
446 194 77
105 88 77
352 457 99
93 418 81
103 262 7
304 424 100
377 115 14
24 273 14
476 274 3
84 416 24
189 190 39
70 444 55
399 29 20
400 321 49
394 31 19
252 295 98
108 222 31
464 372 66
146 485 41
195 373 54
23 388 42
331 233 69
17 426 32
420 123 20
232 273 75
443 352 13
320 50 54
162 279 13
300 212 24
420 273 72
245 244 56
281 275 2
200 308 19
31 280 48
191 74 93
257 354 39
389 226 19
2 189 99
286 214 13
451 272 12
178 491 78
1 59 99
343 282 52
300 255 84
408 240 89
155 182 28
406 462 60
65 131 28
302 488 44
282 233 53
73 233 51
478 278 3
106 236 27
96 448 92
233 158 60
81 225 38
389 412 92
455 449 68
311 403 26
12 62 17
459 290 50
63 401 92
320 294 58
318 425 40
212 302 69
303 247 22
278 166 35
304 288 74
132 482 42
363 270 9
224 278 81
374 406 76
269 108 60
425 492 81
223 452 100
65 428 22
370 446 28
251 205 79
436 252 73
118 480 34
94 412 26
328 476 27
342 175 10
148 232 78
223 120 35
275 387 57
369 453 42
499 216 71
245 347 53
37 177 76
119 307 30
448 46 80
103 271 96
103 95 43
265 37 56
352 233 83
82 24 82
62 280 100
171 384 82
17 152 48
203 316 97
86 294 49
114 96 33
264 325 28
272 12 47
411 144 86
311 18 39
96 319 17
138 381 61
27 366 27
350 226 91
57 340 27
488 157 32
130 253 36
404 16 23
411 153 92
