10
85
2 5 1 22 7 11 11 1805079 3183897 959885 12 3 23 5960926 14 5711290 6213732 1 4284800 20 4823610 6600454 3878974 6078 3373430 10 20 4 5417326 14 6511409 7 2330423 10 1803354 1889585 1768704 4870377 295805 4048519 1 388133 3669378 4569274 2928824 6134094 16 1358524 5400643 2 3838352 3025284 3206097 7 4117906 5313413 6857665 16 25 10 3 9 17 8 12 3 2504942 3270818 5 530359 9 10 5 405278 376976 1595422 14 6926442 18 20 9 20 17 4 2317124
71
15 3879425 2761499 2 726704 5 3 1 3 6 1 2588333 14 1204213 4953538 6595411 9 20 7 3170134 3 1 3 2811996 1943039 3863417 3954197 6919189 17 2 4244603 4058241 6417388 2 2 1894813 3 11 2381197 1831513 13 2491537 2818035 376275 458470 2020086 16 2 4690436 6978614 2085063 1560317 10 14 18 2861417 2447261 3243488 1059304 2750153 6215983 7 14 3928499 4995026 7054970 6508187 14 3020566 19 6346518
78
8 1694643 6161124 11 2 8 5 360747 1426337 17 4050513 2026709 4 15 10 4 3940771 6602084 8 2387305 520480 2 19 2046882 3034837 10 21 4517513 17 16 21 12 3740280 1056703 5251800 3072637 4832287 17 5642299 6 3614857 4473268 2140993 5 4 6971476 3940417 1621020 6981669 4107998 5691238 788127 12 4672001 4226120 6711544 2615660 442901 7 5246065 1062988 10 1509064 1218455 1 11 3279041 18 7 11 5278067 4864980 6780720 19 3091882 6016207 2898193 4849961
77
6 6 4207180 1 5 12 3663457 2649845 5363560 13 4549847 22 6352592 3 1 8 3180561 9 3731334 3104156 4454917 476585 4 2530642 2622737 1508190 10 6655369 1368434 1149887 19 19 6870605 3009691 3568661 2958170 155022 3604079 2594846 5804291 22 9 4145560 14 16 6706442 17 368745 6 7096597 7065833 3251969 4971337 21 19 11 6144219 3923914 6711735 11 6059375 7 15 4305260 4919010 8 17 4 9 24 89826 5785284 5413300 10 11 1597831 7016415
70
5337708 16 932399 5080491 4152348 2611098 3 3 2858128 2 4 1 3 3561008 2230133 6784831 13 10 4854521 5731163 1 3522478 6 2528569 10 10 6214133 5473114 17 23 7 5024989 6693579 1802923 6252140 1 7 10 7 2805273 5 8 318307 6 17 297573 3 3 6002524 3 1 999861 3312543 2501469 18 848267 19 17 12 5528017 4046410 1 1 4 4134248 1 12 2287382 8 11
97
1126453 4533653 2233189 1 4285303 5878349 3096654 9 9 3 14 5 13 11 1793108 3384125 2 16 4 4661926 4642687 74580 2267540 1 6277338 3448284 3 2 6 6714287 14 4117102 13 14 13 6271201 8 737552 8 20 4965701 5861183 10 1228945 5908339 6893056 2607104 3519839 15 603699 6056278 7234865 12 12 523546 4527576 6124163 7 2 23 883205 9 11 1431316 6 848992 5189578 19 1 2848515 1 9 3274864 2644292 2715109 6992102 5415306 8 3387454 11 4103058 9 2418019 20 1009849 5698612 2898419 1252538 1116837 1727508 6403075 6 22 11 5086909 2742261 14
83
12 2729048 3 583544 5447845 3817799 5209284 4561277 16 3909718 20 5864354 5990520 2349906 9 7 1 11 1 4366445 25 16 5128237 3 5 5084199 7137076 11 4838221 3929352 404389 22 1282224 6 10 16 3641980 3563324 2 3092225 11 6239912 5313844 2 5431279 12 4 7 17 4896799 4832965 7241400 6 3017294 1292473 4757492 6 826702 13 4964072 1672363 4646674 142229 11 2 6171994 3743084 1099616 6303842 6767363 453931 16 10 9 653847 5 10 5 1945256 12 14 2024265 4287433
80
10 1028866 6826387 2796277 23 15 8 6026975 1475446 12 4768741 3544836 6 16 4 516529 7 1346611 14 5424702 4 8 12 9 5930439 3241767 3 2795281 17 4 5196036 6202505 9 16 14 754923 2800649 11 8 19 9 3710939 2119066 20 8 3 25 4475948 5739068 6 10 11 4996415 4658389 6038514 1 6 6354210 880917 8 5443977 3 4157304 8 11 2220377 2 9 6907633 17 6540779 2411105 1711076 1 7034031 3217247 10 6486065 5 8
72
5 14 1144112 6889158 7165250 7247520 5 4759322 6555595 380539 2677007 13 16 6731295 4 542554 4302958 3927507 1659003 16 7 2981775 5 2832165 9 4948432 26 2678687 8 10 1747184 5945704 19 7153601 1 499843 5653349 4531338 4982968 7 227214 14 4670579 3703111 15 806536 4 11 4728470 5 12 4124450 1286918 16 8 6831603 21 6650909 3603749 5864754 17 4437035 5 3 6574368 5926095 4390974 6775852 4 4020162 15 21
95
16 23 11 3829092 14 1939513 3 13 2626269 5909952 7192643 16 5037591 14 1716384 17 509441 19 4491896 11 6750828 14 5 10 8 2536910 4634798 4 5479544 26 1 2479100 6787317 20 5476421 2201599 496224 7 5 4528664 3000580 11 13 4729953 7227106 2021429 6 15 2 5 6 17 482949 23 4843992 4616525 3742613 725880 1666962 5453315 1769097 4604984 2110077 9 1825120 18 5 10 2 8 1833221 4 2 6543768 11 5033520 1778691 7 12 5128045 191820 932239 6459396 8 2114607 6007563 13 920056 2164162 5 16 493131 4 8 4675034
