10
69
2 1327109 1314568 7 6786442 3680427 12 5607435 4972048 3693964 3011344 2 3053504 1772594 5136422 12 5042835 5886513 7 1892854 2039941 5658844 5 4128670 1050342 2370834 4 633113 2932837 20 3303189 5 2 9 2575603 6876274 5 19 6 4142817 6629575 3647077 874576 1 2489657 4445060 1 9 5436023 2 1464321 13 12 1687413 21 5 2 4005905 5 8 4 10 2327628 4 13 567563 1593020 4883880 6
97
4 13 11 22 3666348 2940569 2511880 5865045 17 5205059 9 9 2 11 22 8 9 5477772 3 14 4 9 2939291 8 3 6980314 2195069 5160610 23 833058 15 3489074 3446473 10 2 2383135 21 2678996 5 13 15 14 1063016 8 4 13 18 1479308 5246338 6659252 4537627 6 3643019 28 11 7 2 2470617 4 3 8 15 24 3 2 4009537 22 3854455 7216881 2963693 12 7 2617111 3260847 5 11 3979077 6404026 5355174 5042406 6948979 6 11 6002579 4635282 6 5 8 2 2 3228358 7 3647162 17 6674180 6 4
80
8 7 3 8 4 14 4539866 16 6939605 23 1933051 5842848 1894862 3750956 3635305 1155854 1248093 5 777064 2197747 2889770 2 12 3738565 3 5342780 4 3582467 1610287 2212273 3 6249485 9 4836136 7084592 3881634 5 768315 5 6176231 8 11 3 3704431 8 15 3565122 15 4173212 6571468 1402238 7092939 485094 5409361 2 14 747437 19 2 6995471 5894189 6 12 5834921 1383473 11 1634420 5 3 9 16 2 262441 5 4 16 8 13 5478815 6
99
2153579 415340 3601568 1042005 1012131 3 1 5 6 1 24 14 17 3 6889468 1586911 16 7 498270 5211709 4018451 9 3705835 4091696 2 21 5 13 2 5 19 13 4 10 7 6050716 8 447744 7013380 76893 9 12 12 19 10 11 4772363 5554010 7 4023856 4314951 8 4 773477 2902214 23 3017246 12 8 8 1 8 4066561 3 5836279 2 3599986 12 1 2 8 5 7 5110829 4090515 7 10 3 2884218 2950850 9 1502474 14 6667057 1422940 5 13 3957035 5336916 6733215 2631830 20 3781568 4874198 1 8 2 3 3475409
92
7 4 17 1127944 4 3227385 234130 6131806 9 1157625 14 4 6566721 5 5144741 6305742 6 7198678 6 6688800 23 20 3371213 3569418 9 5 4093102 3 15 12 2 14 2 1071154 5331771 12 16 13 1877288 6 15 2846610 3505933 8 3394718 10 4602529 4 448575 11 18 10 2873448 7 6 4945519 10 1927580 22 3377222 17 15 20 4401909 1 1322512 6853639 2334514 94158 5357676 2 4495640 3009821 6474762 6248975 238741 4252835 904882 18 14 5 2 275075 6363471 12 1088814 5 10 4 601698 22 3173147
82
5118564 15 13 2 4892174 2 604459 6352454 6694821 9 10 24 4274091 2 6 14 4556032 2 627889 6427878 11 14 6 2144175 10 5 10 10 1824597 6869662 2381874 106743 21 7 10 2466082 6109161 5 20 18 2 9 4 2218470 16 3 16 1729040 3 5 6 4505897 10 9 15 4439584 2414134 4469189 2 8 3 2 1248895 867119 15 5310896 5512449 1008260 17 15 10 940613 2549178 1 9 3153236 838549 17 9 11 4335981 14
82
3421366 36007 1685498 18 15 821352 6691468 10 7103673 6 1838790 6 7 3772078 14 586991 2819784 6 3553174 219774 1 6 15 2370050 15 25 3709975 2 7 12 8 1316998 14 2647470 6698713 14 10 7 6541691 612649 2745600 3 2339322 2188183 15 191726 885618 5992334 15 3369433 11 9 3701852 8 741261 5798482 8 6 6337000 6248266 23 12 5919524 1863449 1 7096630 7209757 3 14 14 11 4092035 2085753 13 17 11 6539952 17 18 4668022 6594492 5
99
5485726 8 4769550 13 3831006 24 7245572 25 750196 231090 2263121 17 14 1275458 4 7 264675 1 17 17 23 5 2181326 3 1983687 6184357 10 5452791 8 5536726 10 2 2973440 1280532 4 3934621 754016 2501675 1 5 9 9 6774273 6 3184153 4022509 1 5085413 2156726 7183789 10 11 19 5 9 4059455 2944785 150509 5 6 3663773 3329719 5258086 2299619 5078766 1773372 9 6558247 3 3785677 6743277 1 1796234 2328488 3552803 6 2790742 4933622 7 28 3 22 3403567 3543932 1204243 3985797 1946212 10 22 6 681708 4528202 17 14 4904102 1969367 16 3853290 12
100
21 5 291570 4342797 3235415 12 3 18 12 5 5811511 3516462 664352 12 4217781 690022 4281767 3146154 6 4540157 3 15 11 4 8 464590 6898674 4076386 6918594 3 11 6 3672019 1474081 10 7 11 23 2316277 10 1 2693387 17 1274459 4884235 7 3975306 2081284 21 10 5 328187 2825955 10 4255665 16 5276262 3687761 13 293943 13 5807819 7 4 18 6 9 4485985 2 4973487 2742773 2204987 171171 2610243 9 4590261 9 10 6817161 6552122 6251121 6666723 6 3345799 1396254 14 24 1734987 13 8 1 2652097 14 401844 3738931 7 20 5 6243749 8
91
6742519 4523239 669741 3 4441024 5401131 8 20 4576594 1415721 2549954 3974145 2296846 4022641 5571046 13 2695415 900438 22 3042049 1 11 7 5420259 4814993 12 11 5234466 12 6 3358788 1591873 6 992670 342537 12 5711564 4 17 1425709 5222560 4424675 2 23 3 7 6026501 3 6523910 6960459 2659940 6450585 8 22 17 3785748 1 1 2034000 1616963 14 1740402 2104519 6866804 1 6 5177501 6613022 1680540 1 2 4687543 4505427 5 2010275 7476 2059682 3937937 5126611 12 15 11 11 5750828 3 3399545 12 5232919 5 2 1387077
