979 668
570 826
350 414
266 977
510 762
682 690
912 971
526 891
386 885
246 845
366 914
895 937
699 803
434 579
931 946
131 924
909 950
372 956
317 522
183 395
23 844
664 711
112 298
241 425
573 911
147 373
594 995
731 992
597 608
723 776
584 961
877 925
74 387
20 697
318 622
787 863
826 888
563 979
154 437
778 822
3 564
110 351
336 467
342 749
249 344
738 893
127 167
494 781
513 956
42 506
505 837
485 692
152 350
5 112
518 709
609 938
651 656
720 778
313 835
319 441
831 888
607 823
200 982
140 726
82 481
223 316
887 991
397 574
655 967
382 870
524 931
7 864
301 322
680 939
804 889
198 300
728 806
938 939
683 713
961 970
893 902
506 918
247 487
387 569
337 648
556 969
861 892
146 321
745 783
222 926
481 895
68 343
811 944
748 958
753 875
236 731
130 815
515 601
778 882
168 315
901 962
913 987
808 900
181 396
344 455
586 963
160 908
735 813
8 15
836 865
945 980
685 820
746 948
123 476
518 588
202 893
995 999
132 768
469 484
397 409
665 766
709 956
906 996
473 712
375 450
90 671
171 680
708 724
404 896
65 286
517 770
548 999
972 974
22 221
580 987
484 610
316 562
774 951
606 822
905 980
345 431
551 743
928 936
626 786
504 620
637 900
702 747
539 618
839 879
485 501
606 875
968 979
265 351
461 476
748 867
192 765
813 873
33 875
542 792
350 631
551 634
575 827
241 424
16 833
172 730
107 657
50 595
531 920
49 245
450 956
957 977
556 781
683 990
66 177
743 862
208 759
936 998
871 983
543 580
660 892
931 983
23 548
672 826
357 860
587 846
534 624
439 737
439 864
428 863
281 793
907 930
825 993
635 931
30 885
942 948
246 769
749 959
993 993
256 853
588 996
487 661
856 932
828 970
649 772
134 522
15 632
944 947
112 503
640 993
459 985
312 314
870 946
577 971
210 445
635 942
170 842
717 903
864 944
259 405
808 967
699 805
931 977
888 990
157 863
551 582
782 970
709 925
661 996
815 974
665 880
55 525
190 238
934 987
862 930
381 434
142 642
138 423
525 942
226 979
992 992
25 928
688 755
515 756
370 598
719 854
150 440
999 999
73 920
585 998
483 941
312 719
274 591
44 448
805 822
222 941
313 701
189 318
752 940
212 909
533 906
385 889
473 663
256 277
601 719
982 990
518 567
286 850
596 600
688 956
459 578
372 969
769 885
275 966
30 465
15 854
950 955
422 583
659 975
811 954
552 939
389 831
231 243
438 975
964 970
293 965
960 963
421 951
711 725
724 908
242 541
212 966
582 770
645 996
403 732
825 862
317 555
815 863
463 504
465 727
491 831
198 954
987 995
608 823
627 901
991 991
933 983
844 987
691 920
55 868
145 857
105 529
529 567
827 828
28 145
509 791
912 938
392 750
372 508
637 885
150 814
636 717
237 444
614 625
120 323
2 785
45 329
740 824
762 922
617 993
160 734
612 994
267 714
685 721
859 947
445 638
998 999
771 835
868 934
978 989
666 838
144 737
8 749
792 834
658 759
449 662
802 845
918 937
300 622
60 503
281 874
78 655
525 775
228 420
490 850
408 671
754 935
64 197
728 941
807 849
16 555
100 402
139 266
401 896
588 687
909 990
669 756
314 404
563 858
608 662
701 848
456 872
369 823
642 976
415 894
672 940
85 938
369 822
145 634
567 959
402 947
360 632
143 632
905 947
510 803
214 694
703 980
315 358
750 903
351 549
461 584
116 726
175 524
680 753
22 175
399 722
246 906
126 899
928 990
33 713
856 954
454 463
255 324
904 978
882 917
614 970
536 849
673 955
1000 1000
833 854
393 862
33 491
633 814
406 901
726 814
916 984
536 778
657 787
277 710
280 497
187 824
471 665
338 388
361 572
943 985
837 965
219 965
933 997
905 942
864 937
571 725
681 987
150 717
558 573
114 401
825 954
811 950
2 613
658 718
235 385
901 986
491 782
362 616
52 444
32 622
213 725
711 729
24 962
979 979
437 885
732 992
789 958
601 862
488 764
305 506
855 872
768 976
339 755
664 784
741 929
821 999
67 751
592 881
953 989
813 955
870 956
429 587
195 578
421 503
111 644
181 805
862 871
562 669
709 918
756 992
672 955
249 831
844 857
920 926
565 700
798 962
457 712
357 702
763 763
976 997
810 980
752 910
111 509
730 985
314 714
527 693
933 938
74 213
807 950
150 895
403 548
325 649
263 939
506 629
54 445
137 153
422 998
161 468
714 939
80 717
249 774
327 419
205 245
434 856
485 735
58 588
515 634
723 811
127 641
614 948
131 651
672 874
804 983
744 992
287 798
253 388
410 767
974 988
415 580
392 714
29 742
604 756
374 740
431 544
577 613
792 976
906 937
565 820
109 797
878 968
711 885
1000 1000
597 598
59 129
931 959
965 973
430 811
221 425
379 786
361 460
518 874
728 913
211 597
480 609
776 882
26 259
1 865
713 816
579 683
183 486
873 923
152 854
147 439
172 903
537 617
489 520
405 955
343 359
958 965
674 888
294 400
92 801
525 904
48 659
43 976
608 996
74 978
616 996
281 301
465 959
547 880
447 508
686 958
516 732
812 959
410 735
13 363
420 515
67 187
142 254
533 857
128 285
933 975
544 735
410 852
437 576
814 905
300 740
585 953
631 991
668 707
257 685
175 507
267 405
84 416
418 827
961 974
190 485
586 804
69 747
637 726
726 810
340 386
399 592
470 639
960 979
606 766
445 960
123 163
744 915
735 740
196 265
688 837
867 872
801 980
185 578
346 542
734 846
484 555
584 659
990 993
567 990
11 375
200 475
513 894
155 635
660 671
252 374
577 646
557 896
227 251
211 571
489 631
941 941
102 724
16 938
400 852
69 546
586 620
825 951
514 532
796 805
995 1000
603 891
524 596
686 937
631 988
563 748
675 688
73 463
747 807
886 958
108 772
345 524
723 767
888 961
493 888
924 961
453 550
864 990
561 630
181 640
269 559
609 764
207 312
444 509
689 925
74 301
139 347
59 694
190 356
926 937
786 807
353 693
824 992
811 849
809 845
171 819
118 690
110 966
581 971
317 795
946 959
236 276
883 987
228 429
76 798
162 667
297 380
981 984
279 892
92 761
19 951
582 750
736 925
505 756
206 309
700 940
957 963
716 974
966 976
515 730
387 670
132 917
123 598
160 967
607 615
876 921
671 817
952 978
933 937
202 973
584 585
633 665
219 418
707 801
268 576
336 450
813 933
516 834
518 553
376 731
105 694
738 862
325 734
920 998
196 942
225 702
197 454
237 885
179 949
24 624
971 991
75 924
290 487
394 625
468 761
743 759
974 1000
430 814
526 572
327 391
998 998
567 711
596 874
311 380
677 677
35 981
557 803
724 980
440 760
447 461
461 805
628 699
789 993
992 992
889 981
492 670
817 861
547 852
486 635
215 432
625 733
253 536
329 921
372 429
801 987
682 997
239 576
264 851
543 575
945 946
790 963
918 977
703 840
813 910
137 539
334 394
751 843
404 574
815 873
842 991
996 996
612 961
836 942
553 585
674 888
48 529
77 634
696 815
143 551
150 547
895 916
274 679
504 582
602 630
40 756
758 988
497 546
715 760
571 755
81 866
288 773
101 845
175 474
783 807
602 658
20 446
96 798
357 777
723 934
383 785
874 937
345 959
457 591
273 404
405 699
911 956
960 970
400 543
651 931
813 844
870 980
393 704
146 665
350 958
624 716
793 828
463 653
338 540
347 503
877 899
688 934
459 511
899 924
978 988
633 808
976 984
925 935
796 942
903 992
830 981
632 834
626 719
687 700
265 649
559 604
391 774
310 753
630 871
279 444
778 780
865 998
19 380
974 977
254 689
654 866
148 594
73 878
441 861
792 836
46 277
629 930
360 963
614 805
471 610
998 998
64 401
876 982
899 998
642 741
989 1000
135 731
808 930
677 728
214 440
428 492
258 894
109 197
111 816
840 854
350 397
359 477
484 744
945 989
130 513
488 906
91 247
594 938
114 730
660 916
154 727
498 972
51 410
544 633
772 793
989 996
915 939
794 830
23 534
320 799
951 982
23 312
439 749
344 659
106 945
556 563
291 489
930 994
771 906
965 971
207 927
948 960
423 438
16 793
439 480
561 982
714 872
506 691
354 635
336 977
953 992
703 750
547 669
701 882
338 718
436 772
192 754
413 871
265 286
512 569
303 582
29 168
187 482
46 195
643 675
298 826
294 495
820 985
697 997
729 875
278 750
518 824
592 770
696 976
297 689
106 716
484 490
939 959
659 945
181 323
929 931
758 983
137 245
779 808
510 826
760 764
145 888
394 650
766 830
838 937
383 424
702 953
792 912
835 846
313 966
982 983
327 753
637 812
27 990
932 982
401 434
722 758
298 686
856 899
459 912
381
847
796
607
829
197
161
89
749
841
365
277
561
667
970
964
230
62
346
3
560
458
954
317
397
979
105
150
272
519
453
593
23
579
510
986
110
527
634
748
922
629
7
773
150
798
36
765
33
253
56
915
558
178
889
648
19
272
815
714
19
328
654
490
372
844
87
254
649
772
384
848
569
45
168
917
310
421
428
174
695
104
284
19
854
38
606
203
259
978
506
54
879
917
677
731
338
281
447
386
654
695
444
331
234
401
391
573
664
912
562
40
366
839
135
627
809
902
474
615
573
225
364
746
398
134
90
141
667
802
572
510
70
861
343
919
597
441
540
77
588
863
918
170
920
115
8
851
285
443
428
827
706
979
517
46
888
660
358
455
382
864
848
322
728
863
112
27
371
358
335
797
610
643
865
868
581
778
894
268
588
939
68
119
864
354
331
771
731
981
536
801
739
722
954
599
876
438
1000
855
651
431
297
526
619
667
818
950
155
22
452
444
590
880
379
315
737
149
888
751
289
715
448
611
379
840
699
436
722
57
317
683
981
916
657
743
846
671
377
840
396
998
991
126
937
849
680
400
493
356
835
757
177
6
958
366
549
722
337
673
67
873
81
480
393
613
7
824
659
695
670
3
999
715
945
535
575
799
723
797
490
599
324
458
219
300
794
913
769
929
862
527
189
596
323
661
896
11
995
906
410
132
770
926
340
851
345
824
551
425
756
890
802
471
700
64
824
951
917
732
39
35
537
956
843
380
852
178
705
621
910
899
748
205
972
706
675
72
847
106
913
215
299
287
908
403
225
549
207
598
54
671
360
482
698
706
586
48
602
560
948
171
935
581
856
354
756
485
781
641
955
884
325
753
609
373
808
459
901
428
944
193
958
795
155
478
722
736
412
864
151
893
953
525
54
384
342
755
563
473
25
215
326
919
180
111
541
330
407
496
112
18
387
889
211
367
936
781
72
191
239
965
66
987
433
868
691
386
182
545
615
229
367
833
927
761
141
98
423
200
279
681
736
833
160
636
687
451
199
649
300
213
645
422
60
402
667
23
127
85
465
19
474
801
639
726
830
588
1000
441
352
175
514
638
271
431
152
660
273
431
569
313
686
20
302
371
979
128
951
102
969
840
470
313
475
422
690
121
540
671
254
900
470
629
112
359
364
622
866
497
833
716
116
837
903
796
336
844
185
255
797
577
897
107
805
907
595
98
119
255
599
938
230
899
819
828
903
996
167
662
543
9
80
105
10
822
526
179
469
714
413
590
566
105
519
55
815
634
944
895
590
698
153
774
887
719
703
803
537
614
841
781
565
326
477
14
859
339
467
819
524
620
376
693
289
380
236
370
754
741
724
213
464
689
266
938
20
143
776
491
565
60
721
397
294
727
432
707
749
380
182
123
758
434
32
92
694
525
47
526
904
484
631
194
363
260
984
822
474
227
272
714
35
214
223
45
297
452
577
945
602
321
928
275
529
724
935
36
861
825
656
747
400
319
287
160
921
187
69
882
115
452
190
58
452
229
355
862
