1000
710 2
68 1
397 2
663 1
542 2
373 2
88 2
567 2
760 2
384 2
701 1
31 1
964 2
72 2
910 1
203 1
190 1
434 2
720 2
865 1
275 2
981 1
472 2
406 1
720 1
162 2
181 2
600 2
677 1
70 1
591 2
531 1
670 2
932 1
630 2
293 1
845 1
432 2
293 1
441 1
188 1
2 1
609 2
407 1
901 1
955 1
283 2
52 1
53 2
555 2
166 2
415 1
689 1
89 2
342 2
38 2
164 1
413 2
281 1
714 1
376 1
833 2
201 1
174 1
838 2
65 1
279 1
354 2
440 1
923 1
320 2
525 1
510 1
431 2
40 1
388 1
20 1
20 1
412 2
858 2
367 1
472 1
865 1
630 2
994 1
342 2
836 2
207 2
759 1
791 1
269 2
534 2
343 1
291 2
574 1
172 1
47 1
952 1
53 2
914 1
738 1
919 2
242 2
379 1
306 2
99 1
920 1
454 1
561 1
135 2
842 1
285 1
849 1
264 1
716 2
165 2
986 2
698 2
643 2
743 1
749 2
662 1
232 2
117 2
940 2
317 1
50 2
580 1
653 2
259 2
492 2
455 1
566 1
70 1
565 2
769 2
793 2
381 2
322 1
951 2
262 2
188 2
619 2
530 2
987 2
318 1
887 1
754 2
273 1
480 1
244 2
842 2
792 1
773 1
934 2
897 1
989 1
412 2
589 2
964 2
326 1
554 1
969 2
815 2
56 1
605 2
426 2
634 1
690 1
218 2
351 1
228 1
336 1
502 1
171 1
974 1
544 1
265 2
556 1
648 1
279 2
893 2
77 2
264 1
923 1
415 2
252 2
263 2
802 2
688 2
629 2
86 2
748 1
5 2
523 1
647 1
709 2
420 2
432 1
987 1
212 1
317 1
527 1
913 2
991 1
990 1
88 2
808 2
660 1
810 2
636 1
57 1
712 2
924 2
124 1
549 2
382 2
170 2
23 2
372 2
617 1
130 1
910 1
988 2
63 1
642 1
98 2
942 2
734 1
905 2
485 2
977 1
747 2
958 1
327 2
432 1
223 2
144 1
896 2
651 1
246 1
501 2
692 2
57 1
682 2
22 1
381 2
554 2
376 2
779 2
770 1
900 2
295 1
507 2
388 2
108 1
304 2
221 1
267 1
690 2
728 1
722 1
434 2
61 2
908 1
751 1
937 2
713 1
657 1
865 1
683 1
260 1
613 1
64 1
657 1
490 1
656 1
133 1
652 1
511 2
575 1
673 1
775 1
595 1
213 1
874 2
576 1
46 2
241 2
698 2
82 2
544 1
22 2
599 1
401 1
910 2
75 1
426 1
430 2
374 1
784 2
880 2
243 1
513 1
765 1
855 2
900 1
296 2
334 1
746 1
971 2
75 1
512 2
358 1
635 2
246 2
414 2
663 1
514 1
559 1
993 1
525 1
565 2
161 2
737 2
679 1
810 1
219 1
528 2
506 2
93 2
678 1
236 1
907 2
295 1
545 2
75 1
824 1
67 2
923 2
984 1
610 1
644 1
236 1
405 2
80 2
884 2
740 2
665 1
184 1
993 1
204 1
218 2
760 1
58 1
659 1
785 1
490 2
943 2
96 1
23 1
474 1
47 1
165 1
128 1
285 1
226 1
574 2
458 1
415 2
470 1
563 2
888 1
845 2
765 2
420 1
39 2
840 1
416 1
280 2
249 1
488 1
541 1
955 1
899 1
736 2
496 2
728 2
160 1
771 1
808 2
132 2
383 2
24 1
826 2
148 2
776 1
144 2
120 2
343 1
624 1
822 2
542 1
450 1
113 1
954 2
162 2
518 2
142 2
274 2
565 1
842 2
607 2
505 2
424 2
42 1
370 1
731 1
761 1
366 2
599 2
918 1
749 2
580 2
74 1
830 2
87 2
285 1
92 1
921 2
619 2
3 2
432 2
345 1
408 2
420 2
465 2
452 1
756 1
699 2
109 1
105 2
244 1
667 2
370 1
970 1
105 1
870 2
466 1
666 2
643 2
301 1
790 2
583 1
8 1
392 2
664 2
448 2
860 1
323 2
965 1
358 2
38 1
4 1
287 2
891 2
592 2
95 2
84 2
704 1
275 1
314 1
892 1
744 2
959 1
44 2
832 1
910 2
908 1
766 2
608 2
771 2
87 1
586 1
850 1
849 2
762 2
959 2
941 2
788 2
351 1
277 2
660 1
723 1
344 1
970 2
58 1
189 1
887 1
245 2
748 1
289 1
894 2
636 2
247 2
931 2
595 1
385 1
671 1
373 2
201 1
258 1
530 2
862 1
799 1
458 2
703 1
670 2
333 1
23 2
768 1
702 2
185 2
232 1
724 2
373 1
94 2
478 1
571 2
545 2
140 1
356 2
60 2
337 2
762 1
555 2
721 2
367 2
6 1
748 1
58 1
887 2
699 1
147 1
254 1
297 1
945 2
108 1
541 2
346 1
51 2
301 1
369 1
273 2
498 1
9 2
798 2
30 2
346 1
550 1
489 2
406 1
231 2
628 2
588 1
897 2
699 2
722 1
561 1
130 1
606 2
602 2
816 2
572 2
521 2
292 1
130 2
234 2
749 1
137 2
465 1
463 1
330 1
303 2
998 2
730 1
775 2
706 1
458 1
405 2
317 2
293 1
371 2
601 1
507 2
472 2
90 1
783 1
673 2
299 2
505 2
928 2
584 2
433 2
281 2
45 2
604 2
117 1
399 2
230 2
745 2
241 2
897 1
599 1
729 2
610 1
459 1
859 1
352 2
766 1
239 2
234 2
358 1
697 2
886 2
1 1
332 1
604 1
388 1
7 1
78 2
250 2
292 2
679 2
677 1
234 2
917 2
471 1
169 1
712 1
142 2
990 2
263 1
45 1
282 1
957 2
101 1
16 2
428 2
476 1
396 2
769 1
602 2
285 1
967 1
729 2
251 1
22 1
581 1
919 1
663 2
289 2
133 1
7 2
788 2
547 2
368 1
211 1
760 2
685 1
756 1
809 1
675 2
136 1
949 2
13 1
490 1
440 1
289 2
148 2
479 1
89 1
872 1
975 2
432 2
271 1
544 1
260 1
584 2
125 1
795 1
284 2
338 2
903 1
685 2
63 1
217 2
436 1
602 2
915 2
419 1
25 1
510 1
831 2
678 2
249 2
670 1
517 2
796 1
395 2
509 2
189 1
516 1
840 1
844 1
719 1
202 2
739 2
651 2
426 2
236 2
24 1
401 2
365 2
722 2
858 1
18 2
539 1
403 1
289 1
515 2
944 2
175 1
423 1
965 1
257 1
319 2
911 1
643 2
888 1
775 1
100 1
947 1
35 1
5 2
407 1
517 1
42 1
221 1
873 1
956 2
928 2
655 2
193 1
13 1
904 1
189 1
84 1
819 2
273 2
292 1
772 1
631 2
744 1
763 1
648 1
277 2
115 1
159 1
66 2
536 2
781 1
380 2
558 2
403 1
92 1
424 1
131 1
210 2
570 1
848 1
197 2
714 1
440 1
372 1
406 1
62 1
49 2
280 2
962 2
37 1
86 2
44 2
248 2
489 2
497 1
979 1
305 2
855 2
130 1
296 1
711 2
740 1
995 1
644 2
44 1
737 1
59 1
904 2
128 1
829 1
418 1
872 2
511 1
192 1
78 2
633 2
743 1
448 2
177 2
546 2
983 2
353 2
169 2
465 1
635 2
142 1
907 2
613 1
50 1
134 2
928 1
4 2
386 2
257 2
927 1
563 1
292 1
18 2
355 2
630 2
713 2
33 1
38 1
10 1
193 1
410 1
62 1
242 1
835 1
393 2
348 1
13 2
220 2
480 1
286 1
539 2
519 1
767 1
300 1
526 2
828 1
983 1
880 1
302 1
713 1
774 1
14 2
175 2
736 1
763 2
758 1
703 1
195 2
746 1
210 1
22 2
197 2
249 2
392 2
624 2
976 2
637 2
866 1
854 2
576 2
603 1
517 2
908 1
548 2
240 1
158 1
60 1
960 1
867 2
268 2
525 2
967 1
467 2
725 2
388 2
881 2
142 1
489 2
241 2
104 2
801 2
285 1
94 1
875 2
991 2
511 1
958 1
380 1
852 2
218 1
70 2
633 2
17 2
680 2
416 1
707 1
667 2
754 2
16 2
465 2
897 2
763 2
785 2
722 1
694 2
674 2
675 1
507 2
534 1
161 2
141 1
265 1
919 1
255 2
265 1
736 2
780 1
119 1
960 2
140 2
30 1
365 2
586 2
165 1
299 1
537 2
430 1
601 2
116 1
37 2
817 2
457 2
848 1
767 2
261 2
757 2
379 1
464 1
883 1
890 1
300 2
790 1
885 2
989 1
947 1
399 1
770 1
814 2
664 1
676 2
632 1
840 2
960 1
856 1
473 2
882 2
113 1
481 1
121 1
913 2
541 2
503 2
912 2
632 1
64 1
856 1
971 1
337 2
527 1
576 1
203 2
499 1
587 2
825 2
