1000
392 2
275 1
276 2
507 2
553 1
437 1
368 2
147 2
567 1
343 2
282 1
214 1
425 2
542 2
17 2
511 2
620 2
71 2
319 1
865 1
335 2
651 1
313 2
415 2
704 1
476 1
997 2
782 2
369 1
9 2
865 1
845 2
584 2
718 2
454 1
799 1
892 2
539 2
278 2
168 1
152 1
350 2
195 2
528 2
254 1
682 1
514 2
54 1
708 1
757 2
692 2
543 2
599 2
762 1
600 1
822 2
416 1
799 2
626 1
47 1
144 2
789 2
511 1
913 1
118 2
845 2
320 2
746 2
320 1
435 2
751 2
737 1
83 2
847 2
228 1
528 2
130 2
528 1
454 2
483 2
668 1
21 1
362 1
740 2
449 1
533 1
941 2
140 2
672 2
739 1
973 2
232 1
742 2
182 1
706 2
99 1
380 2
312 1
205 1
698 2
951 2
119 2
74 1
78 2
651 2
12 1
165 1
278 2
640 2
459 1
346 1
380 1
132 1
507 2
797 1
71 2
359 1
661 2
509 2
198 1
536 2
370 2
717 2
194 2
96 1
238 2
836 2
85 2
640 2
220 2
946 1
940 1
266 1
702 2
229 1
66 2
497 2
149 2
403 2
639 1
225 1
432 2
321 2
520 2
2 1
327 1
130 2
271 2
923 1
718 1
84 1
81 2
765 2
251 2
898 2
262 1
437 2
916 1
299 1
784 1
565 1
355 1
994 2
891 1
17 2
294 1
839 1
526 2
92 2
182 1
686 2
467 1
881 1
857 1
161 1
697 1
347 1
112 2
60 2
743 1
139 1
216 1
661 2
175 1
137 1
7 1
504 1
746 2
223 1
768 2
95 1
673 1
231 2
948 1
231 1
575 1
765 1
726 1
335 2
722 1
394 2
286 1
479 1
263 2
446 2
116 2
604 1
551 2
232 2
409 2
389 1
85 1
714 1
233 1
835 2
635 1
318 1
581 2
43 1
371 1
756 2
877 1
333 1
484 1
154 2
919 2
815 2
983 1
32 2
165 1
775 2
552 2
847 1
6 2
380 2
460 2
431 1
40 2
131 2
399 1
644 1
255 1
716 2
613 2
803 1
791 2
900 2
252 1
408 2
159 1
977 2
183 2
749 1
866 1
511 2
121 2
948 1
379 2
586 2
409 1
958 2
644 1
912 1
428 2
208 1
461 1
208 2
659 1
702 2
924 2
478 1
433 1
318 2
171 1
615 2
528 2
675 2
586 1
788 2
344 2
770 1
945 1
782 1
308 2
142 1
571 2
496 2
251 1
81 1
561 1
490 1
428 1
697 1
981 1
240 2
385 1
9 1
482 1
419 2
301 2
721 1
771 1
306 2
25 1
215 2
823 1
594 1
970 2
440 1
336 1
679 2
379 1
22 1
141 2
189 2
815 2
601 2
678 1
199 1
418 1
352 1
334 1
368 1
646 2
185 1
658 1
199 2
610 2
448 1
263 1
771 1
782 1
130 1
200 1
964 2
809 1
258 1
541 1
398 1
22 1
209 1
504 1
32 1
349 1
17 1
946 2
733 2
741 1
825 1
119 1
795 2
857 2
566 2
540 1
389 2
777 1
565 1
565 2
774 1
361 1
111 1
352 2
922 1
129 1
942 1
448 2
286 1
441 1
626 1
374 2
663 2
667 1
936 2
189 1
447 1
480 1
274 2
352 2
391 1
466 1
866 2
274 2
293 1
137 2
391 2
164 1
984 2
754 1
737 2
677 2
135 1
460 1
937 2
501 1
296 1
300 1
268 1
908 2
553 2
511 2
670 1
985 1
79 2
869 1
810 2
556 1
186 2
831 2
130 2
16 1
705 1
91 2
545 1
325 2
592 1
496 1
190 2
731 1
235 2
891 2
424 1
967 1
691 2
179 1
381 2
477 2
423 2
29 1
218 1
894 2
50 1
453 2
902 1
475 2
479 1
62 2
810 2
493 2
422 1
78 2
867 1
299 2
349 1
313 2
734 2
370 1
435 1
923 1
34 2
271 1
957 2
615 2
342 2
102 1
745 1
477 1
824 2
133 1
643 2
283 1
133 2
505 2
886 1
371 2
680 1
252 1
217 1
183 2
24 2
175 2
742 2
595 1
32 1
263 1
872 2
994 2
279 1
271 1
792 1
740 1
346 1
405 1
104 1
464 2
908 1
564 2
465 1
827 1
307 2
347 2
439 1
793 1
136 2
802 2
810 1
344 1
445 2
754 1
119 1
273 1
899 2
288 2
111 1
37 1
289 2
50 2
734 2
114 1
797 2
230 2
8 1
681 2
609 1
844 1
101 1
722 2
497 2
720 1
320 2
697 2
619 1
204 1
433 2
460 1
124 1
568 2
838 2
947 2
750 1
917 1
61 2
659 1
832 2
540 2
638 2
399 1
410 2
878 2
654 2
143 2
786 2
275 2
556 2
784 1
646 2
168 2
27 1
861 1
962 1
534 1
414 1
134 2
445 1
205 2
889 2
476 2
738 1
810 2
475 1
669 1
713 1
499 2
158 1
706 2
727 2
573 2
891 1
53 1
371 1
618 1
2 1
599 2
65 1
391 2
100 2
935 2
799 1
60 2
416 1
109 2
973 1
430 1
473 1
925 1
371 1
529 2
485 2
81 2
603 1
415 1
493 2
836 1
848 1
342 2
258 1
896 2
163 1
752 1
151 2
627 2
912 2
314 2
562 2
29 2
903 2
152 1
209 1
696 1
281 1
124 2
173 2
480 1
911 2
347 1
325 1
720 2
659 1
573 2
787 2
551 1
989 2
868 2
460 1
269 1
988 2
717 2
771 1
473 1
852 1
336 2
547 1
128 1
281 1
449 1
945 1
579 1
911 1
866 2
733 1
984 2
727 2
315 1
67 2
540 2
712 2
362 1
598 1
450 1
996 1
977 2
646 1
836 2
747 1
98 2
347 2
77 2
295 1
267 1
600 1
257 2
92 1
391 1
72 1
596 1
516 1
306 1
612 1
884 2
608 1
404 1
780 2
703 1
515 2
530 1
455 2
223 1
779 2
731 2
236 2
925 1
376 2
914 1
230 1
584 1
545 2
335 2
683 1
111 1
667 2
937 1
965 1
226 2
805 1
260 2
253 2
449 1
735 2
548 1
915 2
931 2
278 2
714 1
312 2
147 2
427 1
778 2
640 1
599 2
982 2
766 1
206 2
309 2
774 1
607 1
998 2
811 1
995 1
336 2
99 1
865 1
355 2
371 2
937 2
968 2
533 2
985 2
271 2
671 1
107 2
981 2
83 2
800 2
740 2
458 1
961 1
706 2
106 2
951 1
862 1
896 2
425 1
334 2
728 2
814 1
592 1
990 1
86 1
77 1
900 2
447 1
596 2
874 2
206 2
531 1
597 1
513 2
831 1
204 1
481 1
365 2
208 2
526 2
988 2
807 2
50 2
948 2
733 2
115 2
936 1
885 2
850 2
965 1
447 1
90 2
126 1
578 2
288 1
915 2
860 2
975 2
492 1
319 1
388 1
456 2
814 2
118 1
201 1
37 1
709 2
899 2
682 1
933 1
331 2
990 1
819 2
625 2
633 2
682 2
197 2
255 2
662 1
584 2
655 2
360 2
507 2
43 1
687 2
318 1
169 2
244 2
208 2
149 1
712 2
952 1
975 1
25 1
562 2
190 2
414 2
359 1
64 2
541 2
944 1
237 1
72 2
279 1
297 2
833 2
905 2
116 1
742 1
643 2
960 1
585 1
853 2
140 2
973 1
234 1
741 2
827 1
616 1
237 2
638 2
425 1
126 2
648 1
697 2
202 1
796 1
376 1
404 1
17 1
646 2
806 1
578 1
332 1
304 2
981 1
640 2
955 1
555 2
668 2
686 1
714 1
773 2
247 2
876 1
301 1
569 1
283 1
753 1
470 1
365 2
195 1
837 1
330 1
678 1
845 1
982 2
191 1
871 1
142 2
556 1
357 1
933 2
980 1
254 1
229 2
956 1
532 2
916 1
571 1
732 2
565 2
721 1
527 1
611 1
46 2
3 2
318 1
401 2
184 2
830 2
982 2
315 2
813 2
550 1
388 2
88 2
125 2
224 1
349 1
29 1
413 2
445 2
68 1
18 1
425 1
479 2
810 2
984 2
193 2
396 2
441 2
219 2
184 2
908 1
35 1
297 2
699 2
952 2
948 1
245 2
114 1
331 2
994 1
918 1
262 1
885 2
430 2
859 2
313 2
202 2
158 2
722 1
412 1
21 1
919 1
233 1
611 1
918 2
85 1
220 1
821 1
71 1
465 2
829 2
865 1
885 1
526 2
446 1
63 2
129 1
505 1
209 1
538 1
517 2
639 2
459 1
260 2
283 1
955 1
905 2
49 2
562 1
544 1
722 1
202 1
116 2
248 2
667 2
708 1
782 1
791 2
556 2
194 1
261 2
743 2
35 1
111 1
433 1
58 1
112 2
1 1
505 2
699 2
593 1
464 2
446 1
799 1
