1000
810984335 135010836
997327757 977738661
141003390 95771266
913010339 120367935
923038198 81127858
937535385 607915907
377966108 219740927
768360043 115552024
757642077 186094849
959937111 692126490
724735051 94756373
538369313 151198013
711850090 433065193
704619068 234104495
282327318 210107176
808191364 438187473
895433148 468135164
354649036 245485804
563813538 242532375
761501184 621605192
884252709 3141403
962409363 367326334
918126887 214835887
30028176 24896987
758091168 217774522
824248363 798963564
814392668 510538518
829712027 284975995
703006752 304991033
673373904 156384838
913730162 407264634
866312246 170783459
817634748 239352483
560310950 430344555
435336414 222316366
923351002 784511789
813786967 200031496
62802984 41539588
852092037 616157436
969901466 659308105
722762259 224029354
722519487 438736048
625792852 399302382
188728996 134880750
394825750 111902617
625342567 347555151
314905548 144088801
412666415 385990515
868229842 187564726
968089506 270475847
738413250 203496737
844101130 530711425
863089893 773537990
927658668 427947453
491357525 97558137
403135878 193795261
458000952 274395920
570088575 480388935
122918557 12919085
824397542 84997950
849689109 15456919
937952312 560788577
941628780 74160490
874840170 691948005
946163127 47261051
821268187 103277817
623475140 100214040
670191032 348946309
337263809 109743203
839301872 400218981
561631263 72266853
779316908 476509703
352991747 308708588
599782526 256675464
723618449 655370979
787625478 532200235
419951487 419627740
604112960 23827301
870144395 153202292
708400954 445494910
231217105 194216085
952252732 389779053
979352372 586903773
699313737 187969325
745522094 496495437
551090837 86727948
503439964 229905768
703161823 438249720
867876654 693984951
259967253 214132946
823572874 183438176
565748730 555058018
880599343 849604501
684071001 627601189
727251283 509128077
679906064 420723558
510923155 372103556
472077225 323578330
952398106 685604628
633466414 519840096
989009073 752053728
613534610 533450796
620733142 186352065
987990726 816564875
511599568 192670884
887941132 762742521
367036361 133343320
844718613 171338374
982223015 515410213
437063445 257505552
716255356 384176630
447035705 357546502
624814808 67444226
737482590 668013066
999486126 746224445
613526617 399112445
206743573 110682162
514250029 452291648
491926339 131909994
808137051 599082302
704483617 105063185
414623789 250394149
380255947 50359354
281097357 57769617
989180045 404363065
418024120 238633680
612427538 180502692
790119762 577700306
745819540 126952838
392476681 359555807
35457188 2238270
911569305 596963034
114105251 64048383
571857531 146452965
418723293 178474232
655504189 467787010
158637000 111102846
555973053 537745271
549832956 420358451
817029151 798493536
655541046 13500785
855537057 534550107
706789453 204534787
568588086 281808897
572254836 381515563
819630819 501321252
564519301 293139461
945035233 418107819
571620949 465194989
818472226 356193120
427101828 336324695
432189961 59316249
495776332 276253161
745174091 16309730
888545708 186424715
998342777 857310625
314708675 56478164
877013915 718858221
673130338 357729967
487077189 98653159
859260288 833867761
469130607 191901889
889009633 467419425
625155079 417661402
584883195 25455819
486704180 271941837
681253643 520913921
760912175 385807340
833298931 440529407
527862013 521906734
773068021 678156194
765973682 628943029
902117975 662258005
386968466 124774719
976489676 791945755
866960041 320864192
433037327 236275206
380123939 335711497
863589410 578985621
696200745 481262132
641035384 70577521
251532747 189311306
784459728 18274690
729028127 307774127
398279860 183070918
602586095 131619413
292351887 115580473
48491548 27403200
569741010 7573097
753168290 157092789
928855874 148302452
831306406 238158260
890099636 533488847
944913856 525599824
359877856 79434017
688521179 259815190
754011090 363388683
859517002 853492665
520575119 457638752
321814730 302602141
592899288 534202933
793300244 344978509
945140920 46897178
701119108 466068664
269425012 256906985
630773127 350922074
957194653 770524891
885443224 656325478
577671366 149080275
552507700 277615869
567787108 454338712
692617272 383381941
376367035 187675007
674098626 525627434
546292900 524664404
466775043 330376807
487968181 41161771
774748779 550354368
593786944 420651796
599646158 112222135
789417371 583783231
902528229 41195815
888328371 828617453
142081776 108432467
614469475 139607902
583433992 364762939
578637008 272498017
968516640 226454745
683868328 442501549
270891366 205848319
96533713 18210679
699576272 305436179
979944123 868786418
952011373 628234038
626117787 491775809
685206384 382630447
729013787 66770151
925695543 719710510
472891439 49437726
897431317 276741711
822099199 111444392
207443253 59052267
353998152 43488247
762527349 688491171
829212558 480326696
459750599 382155487
837423656 822990535
738105814 405120599
265004580 50883779
505173744 378508590
747309716 476287333
752556183 606828675
569692719 269679680
663730477 214314194
648582539 99740801
162340513 79028478
438023172 281501485
288975651 279490263
846114252 5522930
556084448 262485792
942754699 743878527
790352279 190646231
145603093 93568295
278801642 9870937
544588937 330952242
900482978 26409014
331830209 55283001
354712076 231257260
659825973 89566700
310553144 7678771
208085377 113812100
718749733 431239753
638674452 4496831
937616300 282152414
291960406 65757672
941360871 940123045
950042600 825062755
371564939 9475894
347552177 153910596
586256258 553947367
851779021 724006642
737279789 480762130
558383949 255493453
282836263 174019607
948541055 284657881
725173871 22672630
954286891 218159418
850744494 516580529
966299502 250649677
379939345 97947061
719895794 365734157
795770582 343406700
686401177 62430155
217853526 4584944
823475936 701693261
796683661 301751382
470098236 348715139
372468510 163416565
984365266 13000771
534359623 205572007
821275450 225338654
316444768 243963981
899927337 351418735
714641492 103509970
761166049 357700364
709860660 282711712
765077085 592231183
410091621 61100697
422231213 80285380
736642941 514676029
709339134 107350414
352144618 29663594
339818254 92635782
848840872 734668683
619326755 171525873
912284834 811698878
333174979 108254097
795221518 423567518
959948284 879911101
390168983 228781167
271780252 112969792
307741793 1942748
490665131 271643834
855950485 265466118
291768584 264687474
418666581 299057472
898772438 268384065
466439599 61278616
829671112 671059413
985182071 856140524
646226018 222139824
103693255 89557245
876313588 759622390
183227315 9933407
656014816 459960411
687231897 65697490
740276825 386080477
449077976 322256847
243408880 16698625
909113659 127110005
868516740 714500521
955444247 342480483
813303821 463906392
823961215 267834422
494416225 199340425
240033655 197608696
623108606 382328043
516346877 260544212
546128805 441718357
988799634 453246329
586547191 74949180
648869787 632550643
773550826 202725241
719197863 446776302
960169083 295912600
904675168 691327816
324417449 23085610
379048987 166077280
605845684 154690334
349024726 206979698
858017970 355323782
848515187 629590006
867293670 559449274
980541552 172357386
928888523 697025791
830652884 163427895
552184746 218445512
715306041 535175181
167200173 150947108
789857049 457258613
958332568 568109473
22361466 19512434
624882660 134090967
956528263 307926396
957081722 610170391
899338709 122024350
638639094 483985152
815074856 164920579
492524800 388587835
740722601 362053348
174476500 37607118
702640008 258039603
930382028 28568966
196008054 67449080
819063768 634563103
230125704 104658881
914330751 837695949
862456136 859402326
491486901 124496922
770687473 396733427
931738812 283450957
841496850 783992228
671459828 198755808
996800709 709585916
833615694 395647627
796888654 525843263
952505433 341957466
612891690 465320995
723912022 220751676
395409936 266648711
840247908 194127084
666240995 532667507
757207630 400536885
937896522 696876274
98449792 9495727
517565346 338258049
713807531 45771148
476538810 147518184
745382610 299671496
729672654 402921181
958020838 697572480
987442387 190574293
269870143 222022534
736295605 45717398
901325961 235780589
657030608 352515782
899107825 536524256
687904487 632499385
373102642 83846451
458021122 305856379
526052759 178537411
643603415 167457563
771825558 197183603
643742550 358424264
972316209 441704413
948843436 643886514
790288527 192908191
581392587 414615859
938049522 47113400
615691032 269213351
994487852 492095560
615775139 609066280
510092483 369634554
851491727 190432081
841351337 485847288
902535119 156996045
448867976 14012318
395603411 297149162
891616877 263962973
798214333 257943519
868255586 620244134
714782850 331830229
472004015 166888087
532893206 255555025
836403223 1015699
964725741 643985734
459686988 386787234
407362722 367393615
980692069 554604555
201445488 186338917
782806467 69719120
280792474 183796236
981845663 615706090
522293157 341682587
389659933 263104001
958652472 576035287
568779530 540179699
546562863 220738399
471175391 198848225
557554440 272570992
873026142 268350467
854759051 343505147
854962493 541537774
589671632 438196374
522863141 257718860
654617404 595977044
722440497 184884538
267624297 57052634
849641828 237684066
581013603 487482712
471827279 417711606
554978738 208814589
558518125 363105838
645036316 627904553
457172510 1878201
476089299 108779571
749666200 353266451
630699826 192685587
364366653 360717551
755359849 483402903
621945717 165005443
845092224 8167510
906128986 429576598
801823101 780973582
402942210 160042656
588466798 125529324
942407114 270726550
657011277 27619665
347241903 307852999
797240167 258341383
805423267 85679605
412386143 238610040
966973331 838275445
707826060 446919460
551308838 529436881
668154580 482035897
563192298 538778334
592642274 509535929
679307887 30847534
910936608 700642790
664190968 437602070
901399162 392319569
940199893 754927025
725122699 167505368
985400583 233704414
345892556 177956263
539933794 475116956
946479946 3337270
254913665 104083487
755946223 674905906
134930285 30560360
379370484 200768242
824750168 642874015
766838413 130099821
449330498 271426807
978402355 726087003
999950842 950922523
803006186 263988531
219899459 30850926
967954355 146476637
816570194 600996001
784682307 458457522
909157721 867660039
958953313 263560856
482284855 84523980
303023997 166848719
689354472 306326936
918503090 95228767
367801130 101914021
333616268 8813959
983800641 187033211
603494384 364838704
778277540 187712500
601510280 304007708
591225697 323454810
596515603 110333602
940876046 307862034
949099815 12060789
842217905 17870135
769381785 507968099
639394527 295637298
572641748 441894606
924183313 569243373
564900895 264138878
698383160 653897442
306735768 273558153
500063168 384403638
637172074 523841953
602484791 576486732
640031284 260193962
803205639 394961228
129051481 9757697
613249409 35044883
936064625 712024735
645336342 301740821
844597130 277057240
756485984 83001025
772751260 723071588
736611931 265443131
979167898 707674725
735120182 691469280
416424816 202676939
812145543 324072466
667398867 665660985
448107445 116678086
569361901 78330672
987187790 206529808
812909504 279071514
539932635 455646047
926814850 204550436
831592425 750312299
929411825 902236321
503807177 316676018
909357260 241227143
929200285 568109011
728919634 631824327
634994530 433081944
986144722 929288528
977467289 42818270
660932515 433615498
423584975 284385020
434174742 25447885
871857278 770673255
325064604 162401460
420698281 86101020
769598482 347681093
638632241 368806781
897763025 483057353
756440164 386637705
993600125 604453400
635675063 59631613
975082082 756841917
696457838 507265293
758175197 556316505
941433917 20331923
492331256 356927701
962044636 679818989
467392835 450679199
745562059 94436965
486136819 399981922
872339541 539799115
359050650 135226480
713750834 166614896
840833643 374890414
427530510 24998708
671731929 476990021
463311334 97886516
989408584 449301041
850084832 167059530
967012151 416981361
966594166 908100231
541888378 39813716
207960368 160269484
639394269 291309495
849709129 295070150
704261724 670666424
726909075 126355742
873370735 691207497
835127669 37616091
825309667 382688893
371629491 20659534
428511913 413303173
414236384 330743329
915705377 318706610
677778652 98798653
504093437 475399841
332210620 6408140
327426630 132524973
893207582 155396321
556339532 254715286
701570019 528345480
434765956 298305171
742813482 70001736
771880220 42137610
653839573 407873309
609254937 545688860
563747103 199709557
791782386 604134463
385236625 8760670
974484418 375571077
768652606 556470514
308637710 27234238
520304194 199169571
589707544 577661103
210443147 12405020
287625007 127803252
505609364 183789569
869801797 837617050
947691527 510737790
477891068 326331693
678449111 629776427
779254350 498830817
429704301 52682046
663884558 656478318
300278116 187725162
443320291 189617571
969571532 482816485
712311234 667311233
266546574 197373173
462417416 106192219
756130129 544588577
403339652 397399409
806692839 543294711
588861065 309532256
356486070 325665747
602135450 73813259
749386830 175704828
369717003 89736827
673322792 371078874
318987518 30290291
837727087 776361477
718379137 645092125
979475128 502571814
671294247 637069815
952650183 627295473
912651277 528055438
787760121 647669892
867010025 87195053
903408517 877560929
248846107 132117817
653236130 235434877
215358142 196565659
849181727 20967727
951484572 364224219
783273655 405555072
942230501 523608926
980967296 885385853
765841308 551625262
603737086 148963924
744471686 22157357
884019765 354570182
714832988 100766175
535654236 489296228
886819633 167319828
957674504 245446060
969577953 590742635
794566364 149820879
405685575 96871397
639013563 335234694
366154154 338467396
702627340 45120124
976454781 205465490
104777651 61381414
845266135 783597637
29836550 25455872
487594951 210744505
782361632 109578443
217664199 43791525
766730802 468965391
636333644 390984245
473212863 82901777
687012556 674200597
950188695 59255950
556072862 67759890
674138320 119022668
816217530 42489674
671586698 183576251
872755886 21125169
954661389 69896363
975568625 344227127
702877755 489055700
493222462 303041414
566739087 20118941
984100405 930191061
751286001 733716271
556641081 181163954
764496852 503931563
976017397 370545366
481023207 354850918
749022227 267430475
487791845 298716493
785064585 440952927
668327747 171228196
427542101 219800242
510786051 215271871
638132526 560022961
958814146 72064734
532624957 42069780
544664194 522054817
435411135 404418793
725399148 518808014
822676075 143322912
420388158 242572876
998364926 155835448
270058616 168471178
763353412 613479903
834705570 459582559
779132678 601373160
689868960 363400567
991035100 443759568
818197249 29621975
714069545 154473152
996278265 518795793
617277728 93267436
956467962 368197716
324875578 206666949
970346241 618448766
447550279 416057132
184501450 164149538
418540595 329086013
821936252 594019633
393290997 87121113
734440761 9858768
875224322 705939728
955592241 682340398
532385803 317567392
858294549 708828144
611723633 161139819
563102004 94948899
904001856 112391267
829395732 337715047
855870566 771126753
592645667 566562080
266471646 11808504
715417854 266924222
126310664 115736385
634980337 194531789
533849654 224457612
776041670 190409232
22361337 17344331
935679331 97170688
798584113 30393441
795196725 6871567
600051455 481589470
573985072 470554377
987188577 219748514
740983024 444007012
993910779 456914464
992152594 971861823
321040079 167944666
852480901 709343743
716653408 631794057
203866967 81955581
890423737 611945236
664395969 661828407
823855075 631431493
803734085 686618562
831715557 672299773
357067717 94068078
597749569 448497114
965744627 588541963
315094059 91176111
726745093 591535739
599511767 987842
288395153 186736789
574410427 103311501
460186288 188579342
840879846 77682412
185407856 151063995
606893211 580615851
894250292 500345711
838144949 283166943
963273524 932636555
339440432 185032369
754023117 565518069
973297481 827823968
764623087 478071158
979619982 789657749
328840580 274454102
531671274 119646951
861611865 628383334
987860416 773928352
105353782 80738719
839727153 31723984
609046229 259158974
588039902 466889420
276063727 164631942
137295852 60205863
415133301 284203073
597408580 86204108
643977607 14051566
742640269 380044719
795226055 499829281
748432123 13228959
965717434 131500809
279833290 168918100
805462795 750026701
498403034 399818911
978724595 773273969
988894237 969488723
578526508 562808164
525080733 462594691
977960200 810980682
949299907 153773159
347109686 233157123
587852310 535247743
792869723 625404826
320200341 13103402
885318133 701413092
964884602 92737090
632885732 423985730
577414961 134640331
912136010 457897557
989284058 5025909
454118180 207361419
831143472 720951993
814998367 660691114
671347781 463073929
691843942 270926513
796563948 437210235
577113031 428820342
650454926 430427825
401789856 119773397
839306140 471959661
719752760 109245366
521326915 208180645
641239552 166467995
730133344 629553650
223289199 93886057
616221278 591123285
471182505 318413223
41782234 6845866
168086344 12445980
873663698 246327520
751899048 299770561
247182865 95296934
303796256 261295446
566500882 311574800
379815820 169346033
782935953 98506675
965536712 315331625
862722403 228510287
871632773 472317801
698473192 19581619
627718114 544917707
806087763 516445642
846737340 814086535
734070305 226055717
914469788 509533761
464291312 462249410
182021223 140231406
776767981 586358151
494428654 174407308
692807543 360032764
960813789 394059703
750318120 572659253
228781378 59141689
992192441 567836932
217988856 131601010
983760484 585847932
504151357 375119457
694468031 350567169
655933855 172990707
187004513 142524203
960013416 900842801
705245057 17683383
851866392 44967392
926447020 464882567
735787380 93906007
824719527 127882324
760830645 89266050
375213990 135792111
609238353 266961572
729793618 288479482
376311285 324418177
228590877 78616853
688193324 118273726
733230543 70819488
102923070 29959832
590060157 61568450
767554716 357844283
227637822 166748820
776834172 625088464
517797882 222256382
988950141 835333831
290691491 126583909
714920571 499031832
437952860 173517928
806723850 469733212
656207712 480746416
839237394 390279059
193387717 50859885
889970216 505810554
530461944 195523884
519938478 495040103
787362643 409708087
705247697 62053863
575007623 476708261
847997494 518649939
397327605 284656889
995237540 207208297
405114069 155246466
991214610 239550264
883958534 399210992
502422766 313728158
117683697 77456592
331333605 298802564
960535996 20160046
621268673 597086994
978970948 618761546
335734621 178492655
965131146 457240602
773560496 365257334
600681217 328581169
874900898 638861677
906267953 617711320
938205642 523546997
877478994 27596544
769133220 44215424
99280903 19334599
571431825 507804988
412708391 17739324
534163847 136381842
804567145 729222680
419882341 331241145
892310991 118776913
513020464 188087340
566300242 160643790
622792087 431310731
208405469 124880823
780460639 371835394
663753832 606841679
788259350 448277107
820703673 279167430
788969139 566532368
840760002 210947951
980444680 691713329
699315210 212726036
799948217 408311076
556151101 308980940
736633210 351127112
464648582 24426955
374456108 282979623
435979076 286126768
716704143 410755378
744676855 249207269
704299916 238825948
831235625 122283817
464898311 86830951
519286333 271848920
193331044 172098597
874389094 626898034
720476853 467916358
959745904 699735911
841005205 37115881
841222966 475791134
638414979 547878753
862065159 730694424
358535794 71967873
464661727 245363374
