1000
461 2
761 2
211 1
806 1
766 2
322 2
470 1
333 1
98 1
554 1
819 2
428 2
61 1
84 1
464 1
364 2
190 2
478 2
55 1
232 2
650 1
40 2
58 2
910 2
283 1
417 1
645 1
371 2
501 2
918 1
510 1
31 1
208 2
915 1
322 1
422 1
690 2
688 1
669 1
334 1
373 1
763 2
30 2
169 2
164 1
863 2
72 1
648 2
828 2
206 1
331 2
809 1
304 1
824 1
846 2
215 2
501 1
552 1
573 1
519 1
724 1
568 1
970 1
941 2
189 2
443 2
793 1
968 1
728 2
207 1
988 2
173 1
93 1
352 1
780 1
895 2
513 1
721 1
486 2
227 1
883 1
872 2
12 1
416 2
575 2
947 2
557 1
499 1
101 2
949 1
725 1
116 1
717 1
764 2
384 1
383 1
220 1
589 1
957 2
954 1
377 1
401 1
577 2
691 1
272 1
173 1
783 2
682 1
127 1
265 2
621 1
473 2
332 2
106 1
970 2
406 1
428 1
716 1
921 2
345 2
169 1
956 2
877 1
582 1
649 1
127 2
788 2
160 2
201 2
172 1
615 1
177 1
760 1
475 1
665 1
717 1
433 2
886 2
336 1
530 1
548 1
572 2
665 1
914 2
238 2
192 1
122 2
75 2
371 2
921 2
412 2
693 1
687 1
492 2
830 2
206 2
714 2
451 1
284 1
769 1
500 2
88 2
511 1
20 2
648 2
786 2
205 2
151 1
303 1
926 2
642 2
39 2
60 1
255 1
603 1
72 1
712 1
801 1
429 1
623 2
183 2
178 2
182 2
886 1
406 1
435 1
696 1
621 1
954 2
806 1
498 1
342 1
202 1
682 1
180 1
242 1
212 2
769 1
854 1
285 2
381 1
421 2
45 1
921 2
339 2
736 1
436 1
521 2
917 2
205 2
374 2
2 2
197 1
226 2
677 1
507 2
331 2
563 2
940 2
58 1
522 2
352 2
870 1
834 1
663 2
361 2
573 2
963 1
310 1
638 2
421 1
795 1
563 2
320 2
314 1
112 2
385 1
836 2
14 1
554 2
674 1
497 2
236 2
315 1
158 1
1000 2
643 1
926 2
924 1
783 1
688 1
29 1
241 2
803 2
257 2
488 1
207 2
612 2
908 2
900 2
876 2
301 1
176 2
204 2
222 1
375 2
62 1
89 2
368 1
578 2
365 1
48 2
124 1
492 1
177 1
393 1
28 2
831 1
263 2
912 2
944 1
546 2
52 2
46 1
665 1
773 1
615 1
490 1
80 1
54 2
780 1
969 2
991 1
710 2
544 1
127 2
189 2
785 1
704 1
291 2
666 1
683 1
246 2
331 1
366 2
247 1
696 2
996 2
747 2
934 1
89 1
359 1
902 1
212 1
113 2
848 2
914 2
256 2
318 2
778 2
77 1
624 1
215 1
451 2
876 1
871 2
542 1
327 1
473 1
397 2
270 2
304 2
23 2
760 2
219 1
64 1
404 2
547 1
120 2
157 1
782 1
401 1
449 2
598 1
24 1
46 1
296 1
539 1
404 1
884 1
107 1
470 1
160 2
477 2
162 1
650 2
451 1
510 2
991 2
386 1
704 1
24 2
174 1
803 2
307 1
356 2
433 1
287 1
259 2
252 2
771 1
475 2
35 2
612 2
892 1
431 2
742 1
240 2
341 2
416 1
262 1
632 1
334 1
847 1
120 2
678 2
151 1
378 2
43 2
256 1
32 2
772 2
926 2
222 2
395 1
212 2
557 1
573 2
951 1
272 2
254 1
379 2
967 2
822 2
142 2
362 2
19 2
879 1
408 2
653 2
218 2
907 2
353 1
620 2
998 1
607 1
574 1
141 1
450 2
2 2
214 2
901 1
49 2
562 1
72 1
723 1
87 2
634 2
941 2
730 1
420 1
46 2
439 1
315 1
974 2
612 1
253 2
713 1
326 1
867 1
919 2
916 2
710 1
656 2
23 2
667 2
915 1
835 1
604 2
780 1
3 2
883 2
546 2
332 2
856 2
419 1
617 1
827 2
806 2
790 2
590 2
718 1
278 2
456 1
2 2
806 2
791 1
823 1
43 1
348 1
484 1
426 2
245 1
136 1
746 2
456 1
779 1
353 1
356 1
962 1
6 2
995 2
53 1
428 1
531 2
286 1
488 1
769 2
501 2
202 1
14 2
14 2
831 1
861 2
355 2
387 2
158 2
331 1
643 1
199 2
677 2
831 1
165 1
323 2
939 1
650 2
226 1
995 1
995 1
647 2
979 1
554 1
707 2
197 2
657 1
13 1
164 1
976 1
688 2
868 1
632 1
69 2
632 2
926 2
915 1
523 1
222 2
185 1
800 1
695 1
951 2
242 2
513 2
702 1
685 1
493 1
79 2
970 1
707 2
38 2
900 2
805 2
695 1
168 2
42 1
925 2
43 2
212 2
97 1
718 1
489 2
418 1
798 2
571 1
250 2
486 2
321 1
510 1
17 1
23 1
77 1
339 2
872 2
469 2
196 2
624 2
126 1
380 1
886 1
466 1
301 2
48 2
254 2
420 2
329 2
43 2
57 1
402 2
27 2
61 1
46 1
976 2
971 2
225 1
168 2
239 2
703 2
305 2
759 2
770 1
783 1
278 2
697 2
743 2
782 2
30 2
547 1
535 2
535 1
736 1
563 2
145 2
332 2
482 1
150 2
272 2
533 2
437 1
231 1
689 1
463 2
730 1
221 1
980 1
509 1
782 2
864 1
103 1
787 1
906 2
601 1
809 2
933 2
125 1
521 1
269 1
986 2
890 2
470 1
894 1
214 2
931 1
107 2
588 2
499 2
260 2
300 2
2 2
257 2
485 2
803 1
906 1
127 1
764 2
589 2
80 2
854 1
403 2
722 1
75 1
171 1
128 2
782 1
452 2
77 1
229 2
872 2
803 2
70 2
739 1
275 2
38 2
147 1
371 2
655 2
276 1
150 1
91 1
892 1
522 1
677 2
84 1
844 2
330 2
831 1
694 2
547 1
763 1
12 2
897 1
953 2
799 1
713 1
696 2
133 2
480 2
897 1
728 2
164 2
569 2
182 1
70 1
619 1
986 1
616 1
456 2
542 2
200 2
716 2
938 1
584 2
994 2
765 2
973 2
82 1
492 2
276 1
804 2
332 1
935 2
318 1
825 2
690 2
822 2
597 2
292 1
739 1
58 2
11 2
12 1
903 2
3 1
271 2
673 2
454 1
63 1
587 2
677 1
743 1
164 2
788 1
674 2
884 1
118 2
457 2
653 2
728 2
593 2
553 2
401 1
750 1
595 1
626 1
234 1
706 2
931 1
344 2
770 2
777 1
605 1
242 2
415 2
151 2
372 1
988 1
689 1
537 2
255 1
41 2
174 2
264 1
497 1
991 2
710 1
543 1
880 1
708 1
153 2
966 2
940 2
909 2
799 1
142 1
89 1
820 1
288 1
429 1
743 1
599 2
222 2
49 1
998 2
852 2
352 2
85 1
455 2
555 2
247 2
574 2
911 2
170 2
395 2
285 1
980 1
169 2
768 2
664 2
420 2
169 2
559 1
409 2
153 2
232 1
991 2
921 1
910 1
418 2
603 1
153 2
384 2
939 1
563 1
498 2
673 1
348 2
879 1
531 2
139 2
681 2
565 2
536 2
770 1
97 2
462 2
65 2
184 2
729 2
166 1
370 1
700 1
338 2
899 1
963 1
805 1
646 2
712 2
720 1
58 2
379 1
825 2
71 2
57 1
138 1
501 1
208 2
257 1
938 1
759 2
559 2
63 1
208 1
674 2
244 2
665 2
498 1
635 2
118 1
405 2
749 1
716 2
864 2
26 1
534 2
877 2
290 1
411 2
396 2
846 1
441 2
490 2
687 1
300 2
128 2
234 2
787 1
299 1
44 1
839 1
521 1
136 1
402 1
889 2
180 1
956 1
95 1
936 1
121 2
38 2
585 2
808 2
422 1
233 1
764 1
283 1
683 2
314 2
271 1
444 2
308 1
797 2
875 1
20 1
708 2
57 2
980 1
703 1
663 2
987 1
948 2
722 1
468 1
464 1
110 1
345 2
92 2
825 1
490 1
9 2
853 1
455 1
654 2
101 2
247 2
765 1
222 2
969 2
127 2
601 2
22 2
234 2
276 1
419 2
181 2
488 2
415 1
158 2
211 2
858 1
234 2
84 2
760 1
946 2
162 1
359 2
371 2
554 2
444 2
462 1
291 2
357 2
218 1
954 1
751 2
491 1
968 1
222 2
392 2
30 2
216 2
456 2
669 1
99 1
621 1
706 1
361 2
362 2
310 1
939 1
865 1
622 2
42 2
700 2
411 1
930 1
82 2
662 1
438 2
55 1
641 2
18 1
149 2
881 1
303 1
995 1
142 2
822 2
473 2
781 1
841 2
221 2
298 2
410 1
675 2
389 1
911 2
359 1
297 2
21 2
469 2
78 1
