1000
877197086 576187747
983699506 634740913
465499915 374145384
912904811 494242486
379564452 239571351
101449756 25563449
823130572 265861227
489906202 401234416
448178132 230972672
788137383 545861385
780895607 166158209
892269160 489456716
463642179 289680910
717904691 187270968
192813865 69805732
698866462 186819568
761054859 636405278
521195059 139560500
541180976 146458245
507455850 79158486
683975747 100417438
867475748 398408750
67147053 37863273
712861396 250207556
907230746 693254322
352863056 293282598
725654721 519264534
979223354 565973490
267626502 94112069
359180034 162299721
961619582 754703231
970512851 197445969
612157965 310424949
295737783 114017900
743423773 663486162
403079283 316344920
713293888 2916239
694838412 133118098
711654736 370967582
707123433 449035933
49834316 46718279
288833771 42405154
812585894 208867362
872904370 369203706
731055125 15799565
710774955 616882248
962627840 818052206
813109745 423288127
663969802 178600081
623156281 109868348
795130240 653718580
521836008 174572108
883917450 782445624
692807910 366200933
192809918 3468503
561064079 203273373
842831054 659388966
260991219 244060332
450292084 326675357
661829868 483033436
854773192 581181338
591476797 248725216
890429439 707778750
725530517 579251553
937479420 129093901
722710637 430168627
997994566 373637465
482690427 458530047
269424266 244368963
119281232 83681750
911116885 509341262
621447980 389474272
603949729 501629354
937496380 414132218
946719456 807556369
503244743 170051892
835148107 381117557
636498484 378106574
367928746 99264082
810374279 619209476
518391887 271280527
831751787 207483963
743256833 5217632
719653321 585457740
580686194 353428767
817690807 107794273
576984970 423974358
813944327 491472499
981170559 6651397
820768613 296863783
862754621 507330603
69190704 25767278
535384308 247583626
388436120 95573557
638056549 356827749
764029763 169751101
855839819 254370327
635886536 392632853
836854964 77225518
849158238 699929928
880615050 39850226
821592342 182633381
679185939 128742741
630451193 308886453
986640772 676474694
718375440 582956646
931951708 640376962
701294990 200900371
829715220 338640746
703345069 296831368
240289995 210947782
977604297 198036482
873241948 674168035
618434270 203916007
627402358 606724136
960197796 778491991
570764986 37668553
661436230 309610511
900061677 461787468
256066015 144277114
711970024 301312284
930163977 658753103
311451609 75802901
777319026 184103458
776616699 191253627
690431254 150191010
967019845 546294419
605527419 174328000
763001492 67477984
995549015 73451101
723025376 351269479
889148404 652259975
977707559 859810689
962801186 510244554
778008204 527482906
592697923 371086848
564143448 418629031
741696445 623322104
749363459 633799178
743895526 2312648
184826999 52276808
295492030 278606119
816736396 173135948
424159335 273977129
574553965 368262616
936007973 94546113
972355831 33897947
639628774 353658688
780576144 165644282
413545826 133874067
532315433 208609029
875345280 591397187
700727296 323343724
542802043 363395842
861017949 310113534
853211854 109568932
357396440 250206421
446336921 424252276
762294692 427255106
764984394 108115369
323841421 5459426
996276248 484904477
776964827 673523402
521514077 132586909
463826166 160733352
984760962 221012502
484145224 213241285
869811976 768171879
669308460 547944234
888862502 142080759
588491923 547813603
840822529 188097416
257342328 120441638
400908477 338822073
529690891 121337995
889223221 835975874
932445265 345646469
336939348 25244697
881329412 234972302
674780558 175698499
957946764 526352586
922762506 816273128
976925260 596621682
819453128 736085682
831389640 563330275
710265722 648137805
206166927 82677655
572953230 308263462
54688639 28946354
617081736 20455362
195885614 157083647
847452966 435951775
901012281 332469947
442683863 230590410
951455130 943134348
682188329 124054170
845555777 282901613
945665041 265872640
681732897 665814590
904737625 667292388
617860054 216744106
685924230 636316514
608858643 327634946
412466514 247488282
933473159 441591751
514441620 451144518
694898293 65787838
815856885 423571697
443625729 193897988
682697991 100000413
300979110 158171262
873378868 827907231
630133174 332650238
952608522 825582531
673755250 123216119
719076325 551570783
636979202 503467719
696384053 340902621
596648912 203365914
250692398 24209369
611673871 398531708
198241301 20667587
541517315 245817219
765204729 590051840
995534858 909256226
771915946 642592895
363525502 182136399
922155241 273655088
865483071 193491343
718751840 466652102
963657922 950762800
698043720 317630076
838074310 169687497
79478863 66422007
371003067 229778005
703324326 265330828
862026313 77809702
187312706 82358541
875782173 418056670
785693126 267423279
973518806 252657546
840197100 413930448
562085733 194351378
524647955 190316700
427215313 96191847
714919758 485367741
358989858 187228756
210962571 152429600
926741356 43078601
404406133 68134576
703879614 690994595
311778032 193276741
597662582 60256832
736655589 727250965
746618156 664390068
700207732 180957761
520236572 136388440
915459731 485109986
745085710 678373910
439615044 192548601
980222802 183826850
477488788 7671077
78772319 2697058
232288816 2718781
378204246 331484731
691293599 684988123
968208404 121302482
768833971 383446598
798739003 486146024
554690357 454310069
211214371 89464906
676370167 48702971
359564090 174677972
202529955 159373190
330422042 10548752
125473987 12349752
332208882 85457208
686468433 119059924
257850037 63563810
875279068 552313926
990823117 102178354
398419902 389273165
205145166 89809704
824424707 541560105
964988749 769402299
271658883 220604656
796712788 791280468
758333225 197512700
659972462 404123676
362896677 350892859
466186551 103276578
602651267 153214990
824759980 807775895
971592755 93773094
865127380 657843647
541655372 418657571
697599324 364859268
505428184 359922780
834463281 682407034
756997370 87922535
830816510 594410776
892665410 706779525
710118899 327958887
488233784 210184098
618513081 454750660
729200933 586229250
559037655 504911960
463696972 136853441
816696557 577303699
412143544 188032206
235099682 209750870
707028643 619152658
466711468 335613605
539793819 270040778
942409735 314777697
609225827 56445493
912084608 667725967
794521567 470659523
709613036 415854034
744477395 118108520
925084125 107284595
272169308 209383043
623605276 139926145
807956229 781232419
818347266 403482451
649930151 200477392
127010753 70980553
298610608 79197214
701447978 624686040
684164586 53000637
649734378 131337648
852394240 326582543
978340293 756752792
854238742 188614776
456171396 356024379
812288908 586124374
484856626 358606237
626605781 103547976
869070159 352128839
838207765 265173632
573774371 150528140
645516933 115708287
968597996 226724285
919068217 895207633
591015967 19748171
501254789 10891542
520761805 374044883
887713812 163400752
497927915 201516620
440129814 254353403
351444868 80116999
735930094 345016558
735458158 664427985
651802182 525181124
449711312 229316764
745053123 130692604
748566371 122043044
330557623 141774972
853091775 238893230
357830140 23209557
895900817 323431975
640093268 228225630
382361465 4320204
668966454 168550106
290701149 288914318
728315402 140173514
846210225 544790914
218821364 164919261
414818128 42608907
680030723 368383724
841214171 327973569
734994158 720867559
592061159 406420939
391057383 127726034
281548262 1414866
600850458 537146662
876438070 704299314
427152139 108168252
867011191 106792015
863142014 575785410
664064085 452554733
774053277 57493013
991170165 566304973
743094455 497356057
916227114 497605781
959039849 644229585
901758277 280469366
733392972 653288448
772085975 279044828
875872568 863592015
679410105 675075233
353052400 254361736
491489195 163052180
228847285 93098815
485864162 112403017
445630779 367283741
743713631 166428854
244047375 10457452
738470130 85737074
468496512 272077055
806378922 41245837
655306302 363125671
978369547 174682947
380766272 37465444
469008737 291116446
826351653 715478419
932620627 71738536
971248585 751767248
232100012 848505
923821065 353863242
997281348 197742598
834901956 539024994
563812924 232221281
965274765 207755690
937929206 172446035
271328619 38566725
724627505 434705995
364282468 19553676
719646147 464892725
906521289 580570582
557813126 325347704
705516324 281892154
746082902 258310678
676393451 440045563
985830493 71526520
629112740 362085176
670630854 224841899
420311193 22763945
695503261 569808603
819544229 119744945
894051402 378835355
870539954 358911464
103115172 37384272
375666680 227968580
732816356 625779747
762488502 35589642
954660499 54929729
859728917 120180776
573512369 42027820
913192701 402556505
348389503 268204972
941173910 814874292
936300084 709079992
949366124 192948858
191149436 13034940
765009864 536181256
680784382 150228655
829785165 440464537
849053045 5693000
821600356 317324679
941516602 336276895
462605982 54187107
952520109 588625402
327680868 110527341
231209484 66138342
727036252 116335934
944741129 843811009
721222352 112616169
806859376 600043451
528435535 497414577
966691288 392946038
731837738 284265970
753624274 304614709
513996021 478154890
465420753 117403070
729667721 320012250
574682777 385730657
534052113 405960555
838266516 178859865
694387079 63748728
904273467 382381647
343519078 15358987
440448466 241228450
951167034 396072170
659397314 401287651
269156954 46615069
701675352 151185160
495829719 99795050
652476712 50846775
956997743 682283991
658103581 132353590
747470662 33542251
30155220 12633445
803162482 743371756
862978266 698501190
490144005 103013740
698818497 454413636
878131520 175092633
729278038 213061010
957178109 492478286
406271704 284273492
707198889 643483102
108608388 20068763
547325078 146384022
807985269 195565875
780698409 73068490
775198766 109418377
748660407 628772676
937190288 638361495
113337650 47880258
490862001 359220857
709274107 88191852
476740134 309945181
527071269 116765805
756564697 332188592
709925368 296508841
188279420 95058086
987151454 669572480
226612741 118081629
699777688 469409421
898263065 297286642
454186218 277134261
977236108 452326497
963426083 275470198
926608274 723953109
911292481 239357763
649051910 472266434
282388523 165037788
314964412 59682629
211082454 19819534
807403514 81694405
795814402 724500898
454314196 280585264
996176656 958545380
923623690 257807087
415453387 79023022
995036908 56411744
999201883 263928041
979486489 693524545
599525319 228764709
852736033 702388377
941292764 869190519
823828438 183743434
581944794 31874093
984452948 412938725
534759047 476231831
356822845 273463264
436423290 235830298
652063438 621151825
780714708 347014186
775580674 684568800
667576648 432400781
955391856 535695173
629189225 573818344
889582351 429422843
306923021 199485450
735875065 493885979
717344995 444128304
884981776 416970110
777498609 670548432
987058992 189297066
360136892 138076371
637750980 589830280
820304398 10995043
897550219 127652382
756495780 247642397
302450090 184861778
965152260 296306206
805768563 520360359
908889397 652905865
821170305 605658690
947174895 945926878
899698435 799230115
971990782 340970345
128476396 7972110
843266656 464359016
763150549 425186932
364930732 177508489
522997320 365381666
240163462 231791298
181001425 180355596
285068313 107111731
635558328 245150115
544262482 212940578
445875414 183896892
971784813 100474833
758363286 496294454
394395027 388933920
945913796 151722228
932388604 467086866
996313126 30962796
700669798 430716662
961297617 617351219
515377862 80428056
987123229 195194905
428874142 58835035
997955625 792906305
166496677 138449895
671671213 530278032
900298535 147692580
851829548 499480511
255363851 154166824
142790863 73050515
473101345 356093994
908574793 734065554
950144609 392044371
699824335 179663726
996855295 553262591
752605758 366293876
414566454 107699687
853658408 98617649
959413437 480672160
897246526 392193248
964606493 787276648
717415829 560893518
557888520 518744435
827845645 55206602
625997852 623511911
718232641 330409097
866715557 506788898
680864684 426130949
921909259 434394505
914673639 158155220
998421762 37327873
936014615 206178207
326474625 238295887
716883704 207411635
601381961 294825518
887707397 55583847
522851645 64505588
739909201 649883254
486012933 465305163
678505855 509731012
736842398 645724357
380657985 364961079
687550518 52043116
662797880 646283768
797269290 480733170
848908176 792105188
887543623 524251296
732849071 101878929
619200483 196764419
926941002 177295049
264632700 243147560
993394099 363008292
550386758 64423850
936935286 647501771
640615035 407629011
766357962 645094452
798618536 608940802
634739436 440675976
843771953 366942703
706716961 59903567
703153546 299138181
635379096 454031765
902468161 105374763
433366386 398060702
794649706 476799646
928006329 902376762
936206233 205468059
980257746 771130658
329159361 263505655
628263471 47064798
766295514 669264336
880085586 804825190
771209297 577103211
664948088 277607625
406775976 169638408
425891870 401655236
449831765 106295092
868950360 486159097
774399864 513871605
534570421 527228523
612250136 420132748
895983224 634713004
875524691 385523990
644378468 308871452
734510562 109262351
793468309 703426239
587322138 214589931
987918601 678101823
964122217 164242681
910244769 884064775
794914618 634208336
747550158 222420329
523181900 246392255
766158369 511760371
978138485 586199610
675614658 235765090
626616415 282273614
377578694 150933173
555651504 502188749
675563330 446837218
945785289 139388726
875392425 310021378
733972424 728461800
228462166 62854723
911108557 369372566
743226705 572598160
504916156 344194368
709433752 623861720
957235692 386525540
762073291 573331129
217161014 176704222
971708773 969954200
471866620 5165566
918313479 129662161
131225447 40382260
909617368 3012580
166557952 94565400
979400044 314376850
921937927 916217581
337384650 245793017
277977490 117000382
988377856 880616247
799628677 406511413
622738629 606583949
740190244 4663837
905705352 825761128
916796539 404255345
708640942 184005932
921852775 558809740
969311849 413300001
920178988 344759042
814338726 677685551
731032881 715678077
949325516 584192026
325765897 137872853
779972425 756365687
268264412 78055608
975315244 380619954
799515885 658299916
217667302 95952050
979618873 771018786
596401901 346819331
721878159 397354587
768813535 39970343
970970166 367338006
908115137 524828330
830498977 626342763
457898348 389885812
838226884 586506665
427471130 100732468
793475840 74995010
941974105 509328648
995254623 494322278
534037927 167528049
292858326 37366158
947792582 589974052
761885362 636025493
580607909 111426192
863314338 250809407
917046212 305542162
613708354 232340734
825437689 386871000
634147304 152398267
420889946 86180801
812129944 61908476
39929161 760836
976210594 396381875
495891728 68230086
463262097 344093677
442994248 78513584
242201351 122844965
923541988 770651522
866255197 285711143
823395806 428690174
446079884 399190308
452584925 207748398
892648584 423993346
671905119 166568880
278232296 104549126
389007003 26736130
757651561 345492437
969348995 376523073
662722026 445147413
833285967 222635055
910856311 424841338
998974911 744176931
635430607 246035318
135827328 74776532
491231426 125687487
379427185 80000125
827087078 190864512
593017986 381684975
413353824 128113520
766146111 305740165
720327708 108719990
822030157 24797321
480561021 103075177
965492364 643725016
257017112 23245444
917886974 477593794
698756692 489398825
902170776 475942589
864241668 804067592
923161593 7543976
893592852 188178270
978503703 281967595
606702060 589158061
311144009 274670415
927756803 506003680
339887586 184148479
459542823 111281322
352400433 34179005
469513412 183246179
326980655 153215912
596984304 471590141
727092130 121340317
953976245 365841213
447585530 260031877
465811065 234934317
888311788 549906972
548370935 544225041
657411514 311951983
969395954 753110913
682004085 248690733
142216913 90349277
145538520 82031707
854577293 509932315
898924852 682522516
372017558 100459066
643049286 517887871
390226606 123509104
934800362 199322682
847473778 306498119
574350300 166498835
936678617 628641586
970895869 192370150
128480492 76813582
807592589 38252460
874387115 593645384
553581003 63016794
413810384 285324675
556467690 261174742
430166778 309340221
948229762 421457144
973082852 441771432
630748793 225897710
985465898 257711795
961364390 847043471
590512731 151786903
945647909 528927919
187125432 27326189
738105963 407624842
477885564 233834368
159148966 125789224
972430519 215428936
196200567 81789601
940609758 127326912
785675452 331705431
424462403 160598184
693833147 417490016
925615760 452531049
440446121 201824438
591682484 484481155
705148870 548543717
307375109 281535701
864052366 843694348
332148048 28493956
652815917 383156093
856559438 537838398
691284963 539842871
599535004 391532101
100051703 89268317
712475589 208400248
338791676 18800108
293319047 264511241
349269794 30870280
785229308 630802146
869270533 498589187
876800417 351822805
916820842 812715866
995305173 270174305
917079211 860156355
861680301 704845363
816210686 492820634
175887450 129123651
895187201 140847922
704037657 125997826
883851804 752883529
739823779 287937523
565399742 58325819
794911414 580358708
345901013 320084659
216319675 33457110
746674080 530562912
858125545 15853160
156079489 76688409
869407543 653832610
345710182 334021916
691328705 201264438
364665441 13738349
263223111 174505354
522556296 469292466
927278008 472645774
792068701 47529954
747741616 219037868
582476518 378633177
693751375 116889835
937375048 522397344
820758609 128734959
633844254 427746035
463900059 328902776
744561599 459583324
833614258 371512775
377190952 76604320
606669295 38485109
426649216 245475979
436875935 327250452
392726797 268288125
949207961 755928788
637170675 500320556
895883287 28805265
946268280 740834102
981347303 829712561
293950933 147192604
779389987 630998229
912985917 783649204
636312339 32911110
159978264 105157004
552493178 33544615
208780925 32674794
483182546 139639492
795049293 750215817
425627770 257902233
940830385 614187834
774776733 405449543
424857270 193010615
932301063 69527102
661418390 9782035
675927582 126378044
332855855 113446147
797647513 395084594
167326431 125481667
908610786 265266485
785912333 730401454
840711126 463239246
579645540 43026165
512499536 22793435
837172879 51722209
862826364 639373381
576790525 377162714
675741674 223047759
915413140 775788469
567379051 38567250
733451180 557840077
778304757 645157022
509135051 384210686
195364929 162430983
525815944 493363403
962948532 839205129
921743027 861767155
930009623 212000668
989287080 55816663
734034722 701762463
541517914 255876209
175433142 9770263
611167438 476838462
888793650 58627018
723039377 586584286
698413249 85853038
896732302 339565068
504218483 429572719
652632916 528692160
554671268 133489649
513861452 363928950
520435994 266856927
656725113 586770435
605785618 218902896
461477358 412756362
852679362 823652300
444609135 376373805
696120746 210469166
449706353 145979255
540561035 279738208
718358573 299472977
614397695 6934862
578907111 517151844
904714296 275201885
712047381 527701156
774880647 4448494
677652837 131701191
770999480 271925959
414383694 257269434
514183598 409527655
700613854 564199274
283146386 17547750
719774611 476503526
623413198 132905073
872635493 145163665
801905467 17806894
981158892 884314355
758544696 324035257
838018417 304027266
922663449 225172356
605601278 341934390
267495104 33197934
685661938 522942164
512125001 170426228
684162318 14890765
875642605 219829344
999911768 383805178
646484478 271109750
655002736 629809430
594037411 335291774
907557223 811635740
345756436 37671070
703739449 482725087
720069595 65582093
