360
298
33
251
262
305
368
414
434
72
49
430
53
144
273
239
67
141
782
439
2
85
373
349
201
265
489
407
97
196
130
369
36
446
463
249
139
145
61
217
948
698
256
181
360
466
481
275
53
66
348
120
452
104
149
292
147
486
350
141
50
208
49
230
304
6
236
372
217
35
387
294
42
266
107
134
139
377
472
126
128
184
279
439
100
948
240
338
89
328
491
185
136
439
22
199
91
108
243
179
490
175
22
137
274
210
243
475
337
90
194
285
145
320
576
182
434
15
477
368
180
24
139
566
483
962
2
298
420
21
105
98
203
292
82
94
29
32
493
962
414
333
245
300
32
336
309
321
476
326
358
400
354
158
289
316
812
675
497
250
473
153
232
252
257
698
218
236
318
431
437
253
12
198
434
146
954
657
340
21
469
744
223
410
203
798
162
428
327
141
62
264
990
167
360
112
860
30
346
482
190
210
35
220
34
668
142
30
333
276
95
81
310
195
203
332
675
49
255
456
7
142
374
316
580
112
566
123
111
633
358
866
8
387
490
5
165
311
339
268
122
74
280
403
235
24
714
236
340
1000
730
