1000 1000
93 647
606 425
742 632
238 635
456 304
232 934
202 737
429 732
104 269
158 306
25 653
964 569
11 612
553 288
91 929
412 827
177 392
567 313
586 57
850 513
179 689
576 891
156 290
651 48
400 343
887 839
637 850
672 48
187 703
395 918
516 313
34 972
674 653
617 332
610 362
206 33
205 13
808 246
209 452
117 932
130 881
235 791
451 487
798 906
168 632
160 225
439 983
881 792
510 557
336 858
710 693
20 927
875 661
352 942
599 98
9 730
879 228
956 199
492 532
259 369
446 159
289 806
189 4
388 254
584 314
900 263
394 630
849 515
351 102
483 238
26 468
494 173
453 121
725 170
166 730
333 219
460 481
365 81
980 599
526 978
657 867
188 739
93 215
173 437
482 447
15 328
363 626
839 796
19 632
414 347
186 70
908 97
108 231
944 975
296 943
751 85
404 720
824 896
942 472
137 455
504 688
38 631
541 877
372 761
26 627
505 184
783 361
708 281
226 927
292 284
122 25
731 732
783 938
372 307
306 970
162 968
806 436
800 37
470 808
699 97
834 330
544 731
115 273
181 439
577 185
626 530
404 698
365 404
463 312
936 703
926 934
729 857
687 827
826 498
29 122
641 927
748 687
799 496
546 173
155 159
979 542
18 507
304 52
461 838
718 504
713 426
730 174
604 272
3 525
300 491
54 633
951 711
907 64
256 317
215 835
409 814
174 22
933 250
517 664
6 621
510 591
799 765
760 478
47 738
157 212
931 13
455 113
339 412
915 177
769 697
849 683
2 435
682 976
948 646
262 803
407 787
447 215
863 276
440 704
372 115
819 552
244 722
50 192
942 482
417 665
969 252
128 831
311 497
376 775
745 135
327 495
276 221
1 497
963 959
646 849
988 273
573 642
386 258
834 11
610 893
89 21
740 239
610 281
438 800
537 514
303 550
629 202
765 120
980 875
663 410
629 897
104 826
122 682
54 215
648 587
902 846
82 546
37 50
873 386
333 340
426 427
719 374
263 512
506 643
750 43
679 682
750 458
163 917
763 881
44 348
264 757
94 853
289 84
261 585
907 42
730 52
411 513
670 113
289 737
781 927
16 54
26 892
453 39
353 625
91 175
613 504
962 126
151 888
982 66
512 469
545 921
385 78
41 937
326 197
564 533
234 500
791 653
984 795
573 921
953 937
477 296
96 54
805 325
443 682
787 642
716 57
21 484
640 397
195 707
999 302
404 10
713 404
515 98
240 764
285 466
147 293
817 343
374 576
93 544
150 463
430 617
297 501
629 809
384 153
780 740
888 919
391 548
166 912
385 299
984 388
441 820
779 803
121 64
346 252
164 885
704 479
567 829
106 77
870 756
602 512
538 379
856 133
997 375
853 811
30 86
448 287
145 949
341 740
603 21
494 498
952 986
343 961
272 420
347 547
596 304
806 45
564 793
633 889
933 257
664 986
284 629
686 913
92 491
849 521
289 798
746 638
454 966
334 86
563 901
565 294
559 656
121 882
545 109
495 882
387 192
189 735
414 572
212 649
11 594
472 545
715 702
815 116
4 927
625 185
308 99
298 880
92 93
889 385
640 114
860 28
292 192
365 302
774 534
724 184
276 497
633 9
575 222
170 839
633 670
634 531
572 800
690 86
102 867
668 519
967 127
315 354
852 998
409 663
857 881
721 294
288 144
797 57
710 54
588 397
845 230
31 966
76 649
962 371
646 882
646 651
149 726
308 602
983 811
920 719
974 236
266 34
196 548
201 969
95 248
516 539
481 999
208 446
856 178
214 801
350 739
819 160
158 634
773 146
675 787
223 767
71 953
282 516
567 279
846 848
783 39
541 700
461 671
285 548
803 545
521 415
128 233
965 220
614 604
738 930
246 483
899 755
243 426
347 977
156 558
316 931
776 427
741 85
643 789
534 267
820 320
189 576
614 767
824 741
561 901
466 97
861 521
616 283
634 452
993 680
370 870
685 895
909 807
115 850
612 224
493 242
840 307
541 287
269 850
61 27
78 937
846 28
463 677
537 745
116 383
125 360
442 502
127 513
750 128
482 122
572 824
650 896
493 760
70 806
473 691
493 722
311 172
241 601
159 262
68 214
413 962
622 988
264 700
11 93
105 74
795 11
627 873
171 876
384 557
909 344
2 618
522 846
677 607
805 40
916 591
446 434
299 187
898 544
963 997
395 845
862 491
322 468
136 418
739 493
571 424
795 169
745 234
13 702
808 55
80 535
360 502
908 722
657 493
893 248
977 984
471 865
307 524
426 616
712 926
999 570
280 216
469 707
96 740
884 642
43 387
828 286
709 58
242 468
21 176
678 681
579 421
927 936
82 404
289 872
716 485
128 503
765 103
883 644
258 766
74 200
999 353
122 189
194 268
390 988
203 825
969 160
811 472
275 78
681 113
494 117
497 187
248 926
105 681
60 401
58 827
690 800
137 983
291 429
225 444
313 236
396 410
145 387
194 652
5 115
252 904
777 682
482 744
896 452
288 246
482 537
136 31
52 235
95 534
633 612
887 28
103 683
753 401
564 671
22 395
661 360
73 380
738 418
987 495
225 592
892 388
827 745
550 747
293 196
257 360
105 537
291 706
53 464
742 823
698 730
937 679
247 926
727 986
848 12
684 403
509 34
216 918
524 287
157 260
135 940
646 477
432 45
538 126
162 533
841 362
331 23
701 106
878 448
357 480
404 678
983 637
609 237
230 188
96 412
551 740
984 296
593 240
463 662
438 983
217 553
474 847
379 183
20 282
366 735
745 749
41 307
463 797
338 510
324 515
509 419
788 970
841 773
861 781
37 656
884 811
727 424
720 140
142 920
150 31
512 381
688 971
992 33
920 238
593 207
419 482
321 611
275 241
293 38
882 314
471 978
957 500
137 846
727 268
161 175
585 204
615 752
996 21
391 355
255 232
529 443
132 242
207 51
228 334
322 935
746 620
471 793
367 851
476 560
978 922
124 413
627 438
83 771
759 562
913 17
164 838
125 370
138 330
41 427
199 75
742 805
935 32
195 837
709 202
255 351
198 507
95 715
739 872
154 702
567 410
350 863
575 570
899 410
952 604
808 710
389 395
406 89
380 846
763 404
4 219
61 758
689 410
578 758
90 513
261 956
587 703
484 551
310 98
598 795
487 819
112 37
444 798
583 853
652 477
542 427
80 477
179 406
957 712
525 656
458 219
934 764
985 951
517 949
19 983
92 603
866 927
584 879
29 192
18 259
737 633
180 875
449 217
106 902
312 965
123 128
818 988
566 225
337 252
908 806
997 372
11 380
273 215
351 964
363 165
70 1
632 448
817 846
851 232
495 677
459 1000
637 45
681 949
939 236
912 167
443 457
681 957
607 64
656 766
890 456
224 275
549 588
204 92
190 168
340 363
803 916
550 263
464 482
470 582
764 284
248 629
821 259
617 757
61 102
334 182
105 497
285 735
15 836
225 681
525 15
412 983
343 554
875 181
805 269
640 698
614 257
455 965
242 383
590 560
446 790
28 278
61 713
346 212
346 421
559 983
921 748
940 666
959 539
317 601
193 952
276 924
142 540
12 18
600 86
303 636
607 409
744 683
270 720
622 75
930 352
691 192
19 409
147 529
760 157
630 986
889 370
282 376
132 178
156 430
75 279
557 272
164 259
389 484
373 284
499 869
101 157
803 816
424 628
965 319
175 210
579 275
338 74
84 228
480 890
400 280
967 529
973 429
199 587
825 396
671 368
963 279
475 646
990 942
668 101
3 613
770 891
271 599
735 59
351 596
699 467
155 100
685 727
360 44
531 308
738 666
76 233
194 826
204 247
999 547
945 649
854 470
598 388
262 696
105 915
671 739
496 124
423 686
850 903
841 957
658 712
862 7
1000 46
811 29
922 54
935 101
717 48
34 534
103 489
610 480
573 452
398 632
247 243
131 529
660 173
990 111
561 158
32 236
426 593
170 647
164 533
580 826
292 991
81 893
497 862
870 344
460 601
543 407
327 364
880 300
621 560
254 958
417 718
63 481
767 738
98 110
104 827
785 664
657 398
219 605
48 297
891 242
407 659
16 57
800 420
483 355
585 629
137 213
136 62
147 880
707 94
682 190
812 731
850 228
71 497
644 366
559 588
798 133
560 538
944 652
920 342
766 685
684 227
339 824
819 889
252 945
43 728
113 33
68 345
86 865
553 189
303 612
109 384
698 456
392 683
486 18
102 694
571 231
435 263
530 998
371 928
648 721
926 358
155 368
463 43
504 915
399 298
568 8
895 784
628 988
64 587
745 63
102 623
24 652
597 987
495 451
148 805
976 291
82 671
94 862
158 598
733 886
254 590
246 732
125 372
363 670
887 436
380 925
247 29
377 436
903 167
629 828
723 796
39 845
935 875
678 300
346 327
587 897
334 208
664 51
132 444
145 35
343 224
841 285
678 856
365 784
235 630
694 146
69 559
290 801
418 64
557 394
325 994
996 446
584 364
490 493
902 138
277 280
450 248
411 879
341 4
446 106
815 421
461 985
590 394
