1000 1000
261 93
1 928
311 947
278 70
586 218
20 249
724 101
65 130
328 385
878 347
875 35
76 53
324 248
92 3
660 474
367 2
599 355
739 890
973 921
128 533
767 461
874 748
908 290
784 565
298 613
474 29
753 564
756 930
359 986
294 448
469 215
39 122
341 621
147 555
983 140
566 729
999 304
598 850
805 789
161 285
777 174
592 889
504 495
455 123
986 124
995 259
790 862
699 476
544 999
141 393
169 579
288 306
988 591
365 908
62 969
535 468
739 50
488 117
747 218
317 586
283 23
343 465
114 458
150 148
981 292
588 143
636 442
294 967
431 59
94 26
528 871
254 137
938 848
829 720
450 731
488 4
235 471
527 20
720 437
227 732
697 378
707 262
531 763
346 865
56 888
337 897
905 793
276 902
186 80
982 215
977 635
676 292
595 504
36 445
638 874
667 121
730 223
25 666
792 90
388 155
625 398
665 515
108 891
699 130
503 236
554 755
579 70
449 139
228 507
322 427
894 871
800 959
826 64
920 762
809 631
210 409
151 666
927 163
578 805
426 910
377 422
590 714
479 414
222 632
817 175
328 365
323 898
993 289
573 931
438 934
82 162
654 104
967 50
938 510
747 679
345 410
661 12
379 604
941 459
8 183
132 925
58 684
421 762
676 698
453 317
737 843
451 366
233 810
965 131
104 549
536 318
824 474
503 188
843 241
991 856
746 985
883 676
444 979
84 429
181 148
499 312
862 195
187 444
178 52
599 840
663 490
811 998
913 824
119 684
886 2
351 381
899 832
247 796
215 23
734 334
774 257
79 719
260 987
816 769
238 251
31 742
924 820
528 616
911 651
607 90
803 762
849 558
73 628
773 429
271 670
81 193
467 165
71 73
113 801
600 56
824 540
239 170
780 742
309 898
772 353
895 983
577 296
780 173
766 150
650 214
561 542
708 321
252 591
898 962
637 306
882 547
650 21
996 414
920 413
757 510
450 877
697 112
499 412
938 437
801 971
46 881
458 613
69 437
120 36
658 96
263 989
507 509
281 916
581 788
825 190
859 779
808 213
662 834
815 285
894 19
37 533
737 444
215 572
589 672
87 622
760 59
433 917
435 623
317 734
710 835
631 813
436 432
968 625
828 463
49 91
292 973
676 291
362 794
753 246
67 820
360 603
96 230
979 318
833 930
769 148
12 416
697 637
933 656
578 866
385 854
188 469
591 215
633 319
364 557
634 427
255 253
30 296
501 785
242 816
768 63
149 636
744 208
630 136
627 526
958 719
654 34
943 760
418 910
111 248
297 664
530 742
85 717
626 454
397 188
383 305
901 759
642 608
71 995
590 36
418 746
77 108
221 999
676 252
427 600
513 196
307 288
436 747
605 700
275 114
636 441
824 638
193 203
246 108
421 541
608 567
397 966
72 652
54 414
96 349
543 567
282 641
615 884
604 575
317 921
421 821
761 543
592 561
351 440
661 818
420 310
566 54
992 919
412 151
280 775
811 677
199 888
209 244
670 16
420 972
347 979
652 331
303 27
659 17
114 231
138 206
394 387
368 664
109 360
576 635
563 116
258 474
616 380
506 760
608 952
658 685
310 93
527 112
630 938
686 997
391 173
72 247
614 292
462 701
821 922
651 557
95 401
162 332
125 868
342 859
349 159
515 46
7 278
197 412
288 966
597 623
621 642
358 221
396 446
992 454
878 430
866 493
18 672
956 641
25 333
896 678
511 188
794 887
506 404
401 342
585 852
115 20
31 566
786 653
585 156
867 859
352 365
526 883
749 430
170 504
224 965
445 94
197 67
146 575
387 699
506 442
17 923
147 972
496 938
235 132
519 924
915 266
467 344
758 506
56 848
215 826
591 724
192 327
727 125
82 700
603 462
720 602
963 625
117 853
536 840
646 822
360 675
262 33
294 163
430 964
520 878
186 106
796 158
998 42
885 426
323 711
545 660
544 365
73 127
85 3
849 956
711 250
836 458
469 50
793 191
80 390
173 112
339 77
401 634
417 993
537 627
843 228
37 135
494 869
374 342
5 462
649 509
331 236
113 207
395 174
514 439
80 477
72 670
464 34
506 969
263 368
820 82
144 232
87 484
910 366
545 489
887 13
904 50
647 990
652 788
57 705
737 297
194 167
39 339
985 716
702 323
519 648
351 674
82 893
258 809
785 441
904 291
722 358
847 625
461 820
562 174
178 309
825 808
646 676
90 702
341 225
891 187
861 295
461 515
192 337
485 811
354 962
413 271
240 606
524 913
732 761
499 109
454 619
754 677
810 202
571 346
375 790
537 971
428 770
774 931
160 723
190 59
655 719
743 869
935 215
631 565
111 32
28 209
169 135
663 709
691 967
236 668
555 955
688 171
333 594
910 758
858 78
874 54
428 537
522 887
948 175
100 576
455 831
952 691
610 513
687 356
332 291
36 582
627 48
286 9
95 806
708 726
887 338
121 615
793 582
654 412
921 213
548 905
916 513
719 586
856 622
896 664
64 513
307 51
486 719
382 747
157 538
359 950
716 776
518 315
482 912
149 588
421 591
942 163
737 715
948 395
766 212
621 276
301 740
758 394
729 339
91 249
891 619
334 528
937 202
295 717
941 180
669 667
678 900
199 626
825 87
395 537
468 384
875 219
330 328
723 675
193 97
83 385
526 633
516 879
731 222
424 607
156 964
480 209
757 34
132 123
867 54
198 267
92 838
743 271
124 960
258 62
290 141
919 807
445 767
5 53
456 298
83 874
196 915
242 588
502 42
835 279
881 39
497 219
945 325
354 111
446 117
916 987
914 235
907 248
460 387
795 193
752 687
391 479
744 142
347 962
583 14
616 377
147 701
386 307
485 344
139 489
979 285
690 304
245 645
108 604
191 831
588 533
313 22
489 557
127 456
886 226
252 146
951 154
602 377
652 957
877 414
622 191
726 242
473 895
495 835
373 676
454 162
457 771
884 741
136 756
495 387
603 141
557 887
730 706
541 763
628 983
762 588
69 692
396 819
975 730
218 685
639 518
708 399
26 881
907 584
712 359
820 375
884 619
887 253
935 448
882 575
534 23
136 116
398 846
861 880
18 843
251 601
53 77
72 871
602 838
361 950
783 855
693 340
617 104
966 761
847 664
979 359
923 569
71 192
430 406
96 64
65 355
455 222
966 256
665 634
311 173
395 476
111 447
766 277
409 218
354 141
101 354
283 40
137 790
948 638
113 23
739 812
685 662
452 218
372 725
937 677
233 123
216 757
694 165
307 887
307 413
134 684
852 664
42 348
857 862
769 771
127 486
980 76
51 193
687 288
673 796
48 126
296 766
174 264
231 399
319 554
830 787
906 983
250 133
65 770
567 416
564 148
760 70
362 133
502 153
984 441
524 719
725 562
745 806
498 417
506 523
550 492
912 61
517 394
347 856
618 786
50 65
550 198
768 425
170 227
182 463
588 409
477 68
57 637
772 801
492 959
127 409
18 740
216 881
268 817
958 596
309 562
439 215
574 707
448 572
22 535
282 636
920 133
753 191
710 265
508 18
704 715
120 142
226 673
707 400
585 902
598 196
166 831
675 143
839 111
210 46
344 615
856 611
370 480
687 670
363 110
87 381
782 909
430 266
746 675
764 5
973 638
822 967
180 73
165 145
161 845
62 593
945 771
501 560
809 333
949 691
986 190
592 682
612 955
204 271
729 241
355 280
435 252
173 186
103 200
791 50
118 669
284 947
388 708
926 190
980 586
422 198
611 469
906 391
875 843
381 403
647 774
925 222
37 506
35 426
101 723
424 668
526 793
704 113
360 327
983 489
531 75
529 758
653 922
253 926
736 335
255 392
206 155
177 541
592 776
157 908
489 54
762 854
299 175
494 471
880 741
967 421
381 614
968 905
929 224
182 876
403 958
903 45
186 373
131 357
53 181
677 129
329 264
383 725
766 840
551 521
262 100
56 950
585 573
973 223
197 500
878 68
620 767
221 210
854 798
95 825
936 975
925 501
960 51
508 582
793 373
152 965
395 414
88 233
645 680
762 341
44 298
619 927
413 435
557 169
798 390
720 431
652 11
518 511
988 332
90 883
217 376
914 131
384 959
886 654
731 49
934 621
6 354
921 339
417 175
384 872
472 548
826 600
416 976
944 698
711 5
842 572
370 383
575 761
7 525
204 648
791 685
9 157
402 247
539 629
817 908
815 70
85 451
219 235
172 318
533 810
933 758
12 537
481 144
935 727
696 228
336 1000
679 571
848 695
279 248
735 286
381 950
549 969
434 454
851 335
489 418
84 884
87 299
530 108
739 934
558 649
120 739
544 352
715 349
293 468
389 153
248 453
328 208
178 186
88 152
64 195
309 262
491 228
744 154
835 481
451 355
829 411
71 743
750 892
135 886
81 777
965 991
493 527
874 378
455 617
132 757
58 215
426 400
130 228
547 11
722 185
49 575
624 924
997 113
279 257
888 848
16 673
27 1
1000 90
375 960
630 172
292 53
586 670
455 184
669 601
705 937
380 970
809 111
331 45
836 516
