1000 1000
482 220
580 826
765 716
115 449
982 434
949 226
958 69
801 555
386 207
105 877
261 992
944 806
906 459
381 434
760 321
550 684
364 654
786 794
488 235
101 723
462 157
439 311
988 254
421 58
209 371
826 510
506 312
629 463
159 406
839 200
800 771
682 239
414 518
734 213
160 850
371 23
973 419
741 288
188 972
703 207
494 7
345 20
601 703
801 258
458 890
822 978
662 69
60 391
683 976
722 651
273 367
941 716
274 804
628 372
97 801
218 234
743 127
759 727
811 273
480 284
996 686
132 615
512 168
707 502
695 973
400 596
488 106
478 351
432 451
425 686
195 298
887 394
1 425
739 101
496 211
33 838
108 206
181 592
879 725
979 649
408 211
123 858
568 734
805 746
356 568
925 196
633 465
638 267
959 437
902 848
605 765
892 697
403 139
264 524
260 475
851 409
50 672
705 750
67 338
675 637
459 522
578 114
21 349
435 114
804 581
908 699
351 127
712 61
481 457
970 126
746 905
206 288
582 391
639 34
880 231
561 436
294 893
339 91
957 175
985 652
271 486
125 964
673 771
936 752
743 591
367 907
436 654
973 367
377 115
723 2
800 934
870 76
297 344
654 9
1000 36
718 697
349 524
284 475
794 193
720 777
745 504
439 232
16 441
226 306
309 890
335 487
710 697
109 304
515 450
229 372
77 993
178 319
205 27
352 422
465 11
315 182
788 485
376 404
356 808
423 445
604 958
44 954
861 863
603 404
406 170
290 884
434 613
417 622
652 239
897 665
859 701
477 513
655 295
675 533
103 636
29 471
403 443
681 540
714 162
165 906
758 931
540 389
584 937
762 970
685 808
375 122
898 814
303 492
462 286
271 164
167 386
1000 703
19 570
826 239
133 404
281 496
628 594
856 719
812 228
169 462
564 584
970 926
950 390
397 382
277 459
713 79
45 36
643 356
132 294
742 871
574 533
135 920
846 220
903 472
940 813
474 653
753 835
927 933
65 184
247 738
274 913
886 839
263 411
111 382
412 89
328 345
966 34
204 978
233 669
835 156
460 306
577 780
994 923
12 165
797 163
38 813
468 672
113 306
570 876
398 459
489 686
143 826
106 2
567 210
738 72
420 974
509 38
249 101
403 205
344 855
562 130
811 426
483 209
533 667
45 756
574 873
928 484
698 99
90 984
319 926
899 560
686 164
99 248
597 178
609 188
711 35
348 451
436 362
892 660
524 561
132 814
81 400
456 735
930 294
782 120
287 148
524 657
76 788
433 199
687 155
33 419
363 403
876 808
736 42
634 912
416 19
291 428
572 774
11 649
169 685
832 931
7 408
482 322
652 109
894 242
297 501
821 804
609 286
779 107
932 411
447 366
34 501
775 915
585 658
56 850
879 716
717 320
526 468
770 548
263 835
697 903
714 217
982 23
169 867
995 868
237 269
892 288
495 224
786 533
580 25
684 673
309 584
47 440
864 973
907 145
104 732
803 672
450 682
945 897
369 49
363 138
29 995
966 898
80 746
923 541
388 446
336 708
883 676
876 59
704 172
145 830
881 690
811 184
471 953
797 166
176 507
57 505
374 905
861 580
755 305
371 195
324 146
699 812
151 961
660 626
806 294
466 96
120 143
773 605
664 4
827 217
497 860
27 377
178 140
90 255
491 999
531 396
120 373
831 172
766 687
631 266
760 418
843 732
133 237
230 649
541 455
530 653
873 555
812 535
748 967
126 861
414 833
660 13
568 97
215 630
555 447
702 20
689 498
176 493
734 256
629 630
635 333
596 391
232 187
331 912
298 560
568 773
303 777
779 937
305 834
718 841
906 929
446 20
579 274
236 727
88 554
661 572
719 807
229 642
512 741
315 73
653 301
218 400
918 240
525 480
565 973
841 661
852 368
808 267
581 886
869 844
724 649
906 667
944 864
736 329
600 995
157 990
617 103
101 699
290 779
81 933
475 820
89 129
45 426
801 364
696 124
407 386
681 169
44 404
748 372
524 585
779 856
758 967
592 748
779 769
83 531
91 335
71 786
393 480
498 622
798 858
185 92
268 156
921 270
577 232
611 300
569 55
693 869
377 767
908 516
928 255
980 666
436 275
328 100
209 501
266 857
789 227
428 721
854 79
666 326
73 875
659 622
948 192
770 29
50 692
6 398
502 206
598 976
773 570
325 917
90 33
464 627
77 861
425 763
473 94
130 607
353 405
805 122
697 601
809 421
641 70
639 744
777 225
371 441
850 415
9 814
227 966
299 14
63 313
231 65
955 169
64 922
942 963
638 325
910 447
338 365
960 205
865 408
615 642
196 566
923 966
967 563
733 171
289 3
681 385
978 391
297 73
25 896
220 978
564 989
238 61
881 302
608 451
366 860
106 426
46 706
391 13
61 287
388 789
375 784
408 893
19 786
77 653
690 248
747 424
9 931
463 63
172 406
408 63
276 999
18 145
323 587
680 753
460 147
688 239
686 776
936 378
927 278
946 883
873 932
485 75
520 57
555 787
47 192
229 527
67 401
574 510
856 847
593 448
432 395
811 964
668 476
39 906
106 595
470 395
333 841
523 350
125 857
92 837
873 258
980 714
177 595
356 847
297 515
210 736
491 618
72 336
934 662
306 117
150 387
805 779
161 840
851 677
564 21
615 832
752 499
944 594
24 60
882 515
782 880
905 494
928 222
405 183
699 736
134 37
534 203
182 963
258 900
275 241
291 692
358 947
201 722
378 24
799 280
356 767
25 790
748 973
51 522
325 508
581 982
40 780
646 916
784 706
2 60
360 715
846 700
937 528
998 235
535 269
911 658
96 791
954 206
707 955
544 517
752 272
234 639
381 465
173 799
796 936
960 340
783 900
123 788
233 767
281 745
131 359
444 712
919 970
544 654
4 510
298 384
233 364
63 559
578 733
528 645
505 98
965 27
728 182
65 270
61 717
177 602
763 383
160 312
511 26
551 807
211 399
659 406
613 793
586 432
436 931
951 368
555 220
762 852
459 370
188 331
759 749
271 742
743 212
512 125
118 593
829 59
156 961
621 267
668 253
92 602
868 510
344 484
428 295
222 120
33 931
829 311
994 56
716 366
770 449
129 26
88 190
28 35
189 711
749 816
939 682
820 513
668 853
847 98
432 855
848 651
177 286
85 213
197 132
163 725
616 191
374 38
395 429
60 693
984 111
832 805
878 861
618 316
866 395
320 319
830 815
286 436
277 740
844 801
46 73
154 158
310 471
611 177
59 745
444 463
137 260
868 857
866 298
754 394
217 288
599 117
360 853
70 894
794 253
805 666
323 76
836 843
426 79
769 852
208 935
747 945
974 262
153 596
600 681
892 124
990 815
932 204
190 269
599 483
286 110
797 562
816 733
355 437
836 152
278 497
823 90
68 697
943 791
620 679
405 551
456 850
554 453
421 877
501 951
608 490
838 338
867 110
570 840
350 650
98 735
962 321
240 869
716 567
287 181
316 235
271 757
157 930
523 781
682 418
198 729
796 22
881 673
184 797
123 379
813 619
543 629
68 792
987 663
216 794
802 137
770 66
216 657
383 776
63 867
146 282
414 287
202 330
419 397
443 957
941 93
726 950
66 703
105 221
604 902
998 147
704 720
914 807
702 974
312 621
368 671
573 773
189 464
142 997
820 466
354 164
352 394
829 275
501 559
944 145
696 711
271 803
957 905
633 373
778 907
68 414
465 889
149 640
882 133
749 674
834 170
517 382
2 980
501 291
197 530
102 432
750 543
23 493
848 197
270 620
717 192
936 339
743 66
397 919
343 823
824 363
896 941
583 619
725 877
277 236
868 149
632 32
158 245
417 887
573 880
23 751
399 754
535 930
914 114
27 496
419 909
767 660
25 217
136 100
807 63
772 385
49 370
301 767
446 101
680 331
590 891
238 985
39 283
678 665
141 300
28 349
575 116
30 451
222 694
810 467
593 127
303 96
133 542
865 578
521 988
264 169
748 29
28 863
856 964
825 612
92 45
815 689
290 835
556 211
269 193
589 25
209 966
883 711
1000 255
599 930
395 425
868 955
820 609
89 92
167 119
624 713
917 675
204 254
105 123
606 38
246 620
771 290
353 293
925 59
223 99
450 626
969 571
759 822
235 970
396 58
700 878
675 656
509 512
394 340
249 777
638 554
206 607
537 164
237 951
188 748
762 335
817 257
202 225
83 483
386 568
345 1
786 154
245 451
557 200
55 292
713 810
1 41
313 597
543 472
143 944
144 619
534 1000
987 103
281 784
162 1
815 962
630 407
455 919
660 848
278 78
454 965
727 179
260 489
447 167
250 882
366 236
315 556
951 154
257 601
690 83
855 423
352 728
90 741
616 335
134 572
631 235
737 885
894 405
632 612
568 156
700 958
810 744
467 132
622 283
94 650
26 730
170 221
223 857
452 565
262 403
922 975
253 768
545 164
631 307
582 811
735 994
805 874
661 125
39 639
549 631
107 641
962 806
692 610
847 664
759 388
977 516
320 845
10 261
198 749
991 786
40 74
214 729
977 81
