1000 1000
961 350
513 918
531 604
13 171
594 458
755 673
845 268
264 546
648 352
356 627
889 342
920 731
479 67
103 737
881 270
597 690
839 43
143 190
351 220
99 832
230 745
305 587
210 427
785 86
555 739
219 581
820 421
648 315
45 565
622 133
355 864
152 780
339 28
169 136
949 854
942 124
765 898
854 403
738 134
271 851
864 538
877 365
663 969
797 554
31 780
37 740
143 34
301 924
488 931
152 365
172 972
378 688
797 881
401 681
676 73
773 312
729 282
388 274
615 881
497 75
300 834
223 157
887 705
568 384
858 461
217 23
243 505
721 766
345 420
278 430
560 569
899 957
418 539
975 312
257 138
275 828
215 754
419 871
658 911
705 144
803 454
441 947
797 396
361 923
238 583
374 508
156 948
854 801
698 841
427 17
771 329
715 682
913 653
13 770
708 407
385 268
463 564
149 728
305 973
192 543
298 614
642 719
817 931
429 866
451 543
996 314
467 957
39 398
749 121
125 446
946 599
201 125
159 532
795 615
502 450
450 987
562 430
789 808
553 242
56 267
472 726
156 474
141 189
947 462
623 690
468 533
216 786
951 922
887 946
786 678
670 733
976 641
135 156
102 432
304 153
951 926
310 543
995 147
107 639
11 916
1 446
329 348
288 942
431 629
27 78
153 465
603 303
688 445
68 650
187 713
42 242
966 212
416 776
489 189
683 874
476 514
757 790
339 704
214 765
574 888
540 993
778 279
74 186
815 790
756 767
375 4
762 724
300 382
309 932
886 237
549 645
559 87
737 17
155 496
766 21
959 975
46 748
893 378
306 59
625 533
582 250
22 227
840 421
647 53
640 978
851 374
775 831
26 24
6 717
430 548
262 787
952 520
782 456
597 446
526 695
347 178
926 264
653 970
394 187
215 926
833 321
490 289
550 287
208 59
135 291
600 266
546 613
39 190
779 410
642 755
244 740
175 108
381 732
906 202
903 954
698 259
282 836
932 596
995 327
73 943
466 517
395 42
879 930
81 194
65 385
590 271
222 491
263 568
405 700
904 469
780 791
437 643
560 983
736 41
441 681
994 296
297 459
577 174
116 331
894 473
912 134
898 369
542 657
71 602
682 570
442 297
827 729
372 647
117 563
482 616
482 427
938 862
844 191
539 311
198 15
131 777
310 280
406 511
414 486
825 966
709 182
466 526
319 958
919 736
252 378
376 567
980 676
733 4
649 38
731 470
556 99
106 171
920 229
927 103
73 716
244 877
631 274
116 870
154 284
837 186
320 207
819 588
382 987
102 711
45 35
387 430
120 272
501 83
356 351
681 713
346 985
821 999
536 116
817 392
351 924
964 589
223 346
924 728
983 823
125 678
108 564
679 540
25 61
468 334
592 122
41 139
632 824
979 933
352 205
443 243
840 289
931 622
663 682
767 579
713 534
876 94
497 439
142 791
912 808
817 456
243 705
886 753
552 448
968 776
195 365
965 819
188 793
292 224
331 129
510 251
456 914
798 311
29 398
964 668
703 295
938 980
507 111
359 940
230 251
847 932
970 686
154 950
533 370
405 219
201 24
173 209
564 460
213 826
227 412
415 329
559 132
690 764
877 703
511 859
368 195
918 561
911 551
372 62
102 442
124 399
38 98
18 974
355 718
342 144
270 981
378 711
950 112
968 512
394 43
42 432
507 264
742 112
376 279
280 5
208 496
208 185
702 809
184 130
760 509
888 486
89 541
798 387
138 526
910 718
815 428
251 455
962 696
373 250
654 279
856 257
755 315
896 80
786 255
666 14
544 654
807 49
479 75
947 782
574 524
980 433
6 824
461 594
937 150
925 313
645 782
195 46
339 207
974 617
83 113
45 374
849 427
670 529
983 817
805 938
377 706
641 55
385 591
927 210
191 27
44 261
407 777
665 435
638 328
823 271
397 239
16 705
992 436
528 882
823 985
520 694
560 205
770 377
137 609
973 178
162 745
701 866
184 765
247 905
599 951
410 710
256 894
234 9
586 16
453 96
700 287
965 167
144 555
146 562
214 725
790 690
28 929
224 468
250 264
462 661
810 25
625 582
256 199
661 39
476 595
286 72
998 369
255 418
458 694
906 512
254 946
809 814
967 353
51 837
923 778
971 504
287 143
614 715
916 385
823 579
348 529
510 384
248 968
109 123
521 197
4 203
1 416
299 448
419 196
79 764
949 640
32 223
525 930
219 206
484 28
599 366
707 85
822 42
166 998
709 549
390 122
445 371
507 475
646 288
152 747
518 635
670 442
567 856
287 1000
714 7
555 316
304 967
897 79
304 102
586 521
841 257
104 689
879 171
95 359
614 809
340 611
154 782
460 859
774 274
295 526
139 849
143 142
239 407
757 649
815 306
864 279
306 643
694 260
514 749
700 763
287 155
532 224
827 829
902 948
381 629
833 43
151 379
495 599
1 9
388 194
728 595
783 730
354 382
783 146
100 196
226 299
334 653
246 594
825 238
464 47
238 504
891 628
805 618
882 871
974 486
84 853
576 772
910 859
613 925
593 605
74 731
310 31
983 839
192 890
720 127
253 62
187 121
437 798
376 657
886 586
198 742
600 344
621 584
259 520
17 484
932 564
137 274
991 451
1 26
594 928
181 674
464 912
617 239
590 491
782 785
905 632
413 444
120 560
412 351
983 319
243 304
987 149
402 861
904 237
309 537
94 705
547 82
720 675
610 581
220 59
9 808
443 341
45 833
938 414
639 122
378 401
692 277
169 47
327 954
195 222
823 123
679 172
882 345
403 708
532 466
241 706
64 60
375 362
351 578
327 237
847 230
468 87
343 103
293 660
871 852
261 154
795 973
47 871
669 830
1000 332
737 130
51 80
811 838
32 25
199 120
972 120
859 420
221 751
589 839
710 759
489 840
415 569
235 578
341 444
972 225
937 677
288 277
334 338
863 347
357 926
673 345
906 745
767 247
940 984
932 63
144 673
314 694
937 394
676 597
568 887
842 511
572 665
778 260
893 322
149 723
189 192
878 891
232 345
915 21
21 64
877 284
306 955
261 180
367 938
741 410
707 800
378 715
274 87
737 560
725 207
851 228
823 220
381 515
170 377
682 631
373 731
511 623
200 685
125 291
607 555
72 170
230 405
266 70
326 604
741 784
175 996
958 25
343 923
247 292
25 965
48 533
103 527
730 597
370 763
52 841
942 961
301 271
995 786
906 853
290 179
901 760
831 245
68 408
405 282
780 250
933 488
831 840
455 59
330 184
110 423
460 245
120 27
383 98
809 135
456 36
671 447
661 79
456 210
729 304
94 85
599 696
522 852
679 494
486 453
342 337
741 94
428 880
255 422
111 865
744 171
445 498
846 997
569 1
68 746
986 8
905 660
25 627
330 354
544 539
383 558
143 922
20 241
11 218
563 821
184 989
415 678
569 355
289 279
627 4
365 875
386 712
808 542
869 46
645 531
766 948
140 105
919 202
542 735
61 134
2 141
578 288
649 151
315 845
825 645
574 670
518 678
150 883
443 101
697 245
704 425
245 378
52 654
366 824
139 322
108 308
93 392
49 115
23 175
602 787
709 237
219 976
989 412
66 387
350 401
483 826
706 250
843 620
980 635
804 223
414 386
476 385
275 561
625 390
340 807
812 848
993 561
211 165
299 825
925 632
557 972
630 899
203 799
335 682
305 358
619 180
215 530
377 612
128 855
656 648
617 817
681 803
732 302
912 567
612 172
672 82
13 231
256 966
977 634
544 994
205 546
818 110
868 385
359 174
937 269
235 870
359 610
312 416
780 74
616 526
127 307
168 581
575 497
675 101
633 624
818 151
976 682
910 530
124 382
662 845
865 903
886 952
594 453
413 174
157 667
772 908
608 14
930 758
178 632
567 502
17 565
401 414
318 581
681 682
712 857
651 627
493 733
327 968
978 950
142 189
416 299
364 454
28 614
39 559
407 926
323 158
208 52
584 950
682 923
379 363
542 912
573 20
705 975
494 326
470 695
481 270
539 358
412 3
486 891
616 142
272 24
370 117
220 579
887 763
131 332
998 612
257 956
486 812
511 232
856 121
714 205
596 35
735 368
301 646
150 554
243 309
13 602
422 237
848 43
800 730
532 526
297 631
188 801
392 624
360 753
765 747
236 165
1000 251
173 574
655 995
133 543
305 301
239 566
717 975
416 691
235 191
158 830
881 493
258 119
768 290
260 794
227 864
270 257
327 210
923 977
120 121
97 499
677 76
119 567
911 24
805 80
196 340
17 321
5 763
901 58
843 208
732 931
11 132
282 33
366 825
650 744
292 735
345 938
159 397
300 931
756 362
410 130
861 101
153 533
788 987
139 548
484 255
459 522
479 820
681 362
353 285
823 420
479 844
199 361
480 780
740 599
929 434
156 467
421 161
823 650
1000 434
352 351
538 419
36 615
776 391
812 69
268 374
271 160
209 587
848 801
431 474
39 48
264 484
693 333
449 491
146 613
846 260
574 515
539 940
928 631
937 592
647 827
721 829
676 534
638 480
2 449
58 124
