50 94
1 2
1 3
3 4
4 5
3 6
4 7
5 8
6 9
7 10
8 11
11 12
12 13
11 14
14 15
13 16
16 17
16 18
18 19
19 20
19 21
19 22
22 23
21 24
22 25
24 26
24 27
27 28
26 29
29 30
29 31
31 32
31 33
32 34
32 35
34 36
34 37
35 38
36 39
37 40
38 41
40 42
42 43
41 44
43 45
43 46
46 47
46 48
46 49
49 50
20 39
11 43
38 9
44 23
2 5
49 17
25 48
16 32
10 18
21 12
9 13
42 39
22 41
46 24
34 24
47 20
28 41
29 6
12 4
40 44
33 23
30 43
40 12
46 1
50 19
50 16
20 14
27 45
16 33
30 25
4 40
32 10
42 26
50 23
15 13
34 10
42 46
44 31
22 48
14 5
45 25
14 37
6 47
46 16
26 41
