1000
765275040000000000
141392416465460161
566870400000000000
265928479353690931
546124894675921
512578125000000000
16763955021543601
126364629168501633
885735000000000000
590490000000000000
734664038400000000
820125000000000000
793437161472000000
39550412477605261
35408056864488001
33431650913430001
793437161472000000
820125000000000000
17798589010089301
95219706253526401
895795200000000000
2058376963267873
2255780217653425
885735000000000000
850305600000000000
874800000000000000
5160959426904601
1182173898411001
680244480000000000
797161500000000000
984150000000000000
44505246940748273
637729200000000000
860934420000000000
850305600000000000
16432470885969601
68597006235447565
860934420000000000
531441000000000000
680244480000000000
996451875000000000
830376562500000000
192332738228896513
3437313237529354
747338906250000000
933120000000000000
531441000000000000
82921875073987585
619872782400000000
72368640294365773
797161500000000000
768867187500000000
20169005200417081
590490000000000000
30347502291931735
76855629081358513
263247696871454593
160937048136645265
173771287613885569
597871125000000000
743847338880000000
510183360000000000
1117178394321313
797161500000000000
664301250000000000
6259170631833601
664301250000000000
797161500000000000
691980468750000000
70956640859301313
17916982749352801
108429586137601
38133688654339201
797161500000000000
158229728422964329
16049428486946641
708588000000000000
906992640000000000
12256795339089913
708588000000000000
8915659927755361
210871772826054913
708588000000000000
774840978000000000
22285958772350001
120332008958643201
192154560923725401
768867187500000000
664301250000000000
1708676607538081
5929241989413097
538084012500000000
181853838506341
52048628364749671
68839902542167681
885735000000000000
708588000000000000
14872891441808401
765275040000000000
215856166171248233
494428214157841
538084012500000000
830376562500000000
573956280000000000
984150000000000000
566870400000000000
797161500000000000
672605015625000000
688747536000000000
156158229199394235
15126589678679839
19629190255183021
956593800000000000
612220032000000000
21388897374065551
294988705069040599
906992640000000000
204373480394800081
59123774646815341
984150000000000000
573956280000000000
12509122619389553
691980468750000000
553584375000000000
2892930271032385
738112500000000000
63135244334822401
20063808292475130
612220032000000000
683437500000000000
553584375000000000
9121489628501251
123481934494327765
9787097567809
1007584988256001
43511498055953533
13242625512014593
35893619082327413
57472107734993401
573956280000000000
10372344366064581
830376562500000000
922640625000000000
787320000000000000
7768792332950041
40866415344590001
956593800000000000
2502006774598927
864975585937500000
661197634560000000
21048996336480001
820125000000000000
82234487382478201
996451875000000000
118800656757585237
70977811564422001
664301250000000000
213708303490285297
738112500000000000
755827200000000000
47839804555627801
23992351340006071
25972078484443141
774840978000000000
944784000000000000
797161500000000000
11335826581737841
522427760640000000
664301250000000000
47537860246801
73136909737439785
765275040000000000
885735000000000000
2802297944766178
683437500000000000
700630224609375000
860934420000000000
885735000000000000
885735000000000000
14675271080594049
664301250000000000
100014261764343193
68339015070044551
510183360000000000
860934420000000000
553584375000000000
688747536000000000
944784000000000000
32567424657309361
158596061969319889
765275040000000000
850305600000000000
956593800000000000
114751592904187201
23250119664065116
864975585937500000
244896179130004546
114907235211054001
138923155244929217
104332569601658113
993540627090529
28397741648599801
190017147997022677
45348122179327321
820125000000000000
553584375000000000
2049105119408743
672605015625000000
12928845213940041
531441000000000000
19148461222569553
531441000000000000
743847338880000000
820125000000000000
193395408635445301
680244480000000000
550998028800000000
7036360426510801
350504758133281
885735000000000000
590490000000000000
656100000000000000
573956280000000000
220715837337397249
906992640000000000
604247801877729
2563236891651745
774840978000000000
680244480000000000
18135643587877265
103490788884897025
885735000000000000
191363050518167089
956593800000000000
637729200000000000
3865245782132151
75835484450224401
524880000000000000
11502486887941726
488705374041761
816293376000000000
680244480000000000
127288920866689
68496403236915729
124092342606666001
89928270096264172
922640625000000000
2355180314119921
553584375000000000
466288630050629233
40622788455755545
637729200000000000
417277033455162321
16570000805939155
32001796169980561
93846449340001
826497043200000000
1223309962579405
49047360425763701
569734121589276667
67372241128744979
597871125000000000
860934420000000000
546750000000000000
146254049785129665
538084012500000000
7653858173689729
612220032000000000
125610775951020241
691980468750000000
797161500000000000
553584375000000000
531441000000000000
637729200000000000
738112500000000000
24759470384782849
432735999558490
979552051200000000
708588000000000000
67849316717736961
768867187500000000
150328272371974126
103268738087803
725594112000000000
6855004441009921
860934420000000000
944784000000000000
830376562500000000
37839954039811969
164759851530861238
573956280000000000
691980468750000000
774840978000000000
503884800000000000
32658309799545601
38005658741131291
774840978000000000
57751640707149761
15328574273795056
49712387312291201
65631753030034231
881596846080000000
102533673821999425
90337529334071089
1361736702411946
956593800000000000
797161500000000000
17695708648417801
73048970647512001
553584375000000000
18514229777851099
797161500000000000
961083984375000000
34380820472542129
5334143529858130
5877940075160561
80587766651085
54228074506665571
131000020753793761
118124090248893301
968551222500000000
778478027343750000
114298994533270546
933120000000000000
85068654985257913
743847338880000000
2188491271086961
787320000000000000
850305600000000000
48656260888144801
25848645569089405
12523460157646849
850305600000000000
162432096037549201
10149462995851801
42177483823639803
1709315181074476
27020685118500865
826497043200000000
860934420000000000
944784000000000000
688747536000000000
510183360000000000
765275040000000000
101202978518766001
820125000000000000
254779013710874665
45820357564212001
922640625000000000
85439901035404801
860934420000000000
911250000000000000
968551222500000000
615093750000000000
956593800000000000
918330048000000000
2185411680361733
637729200000000000
4111455096850501
590490000000000000
820125000000000000
629856000000000000
664301250000000000
52072945870741
533935546875000000
850305600000000000
922640625000000000
2884288574410453
136086275303740693
850305600000000000
7239282400687681
680244480000000000
159341867538084001
3017784908076401
19764249175288801
688747536000000000
65594541737092321
885735000000000000
516560652000000000
765275040000000000
850305600000000000
896806687500000000
820125000000000000
854296875000000000
131890536618422401
17021817994262401
46566930746022401
854296875000000000
44090643388421821
210577300492492891
35165521522056241
9378883554916177
944784000000000000
15662283840352801
473198120098106350
597871125000000000
3479124201416641
2970795249947377
10628073907110451
637729200000000000
787320000000000000
9591543510801949
922640625000000000
25995044977515001
816293376000000000
120947394582506801
40032851424465621
797161500000000000
797161500000000000
516560652000000000
23496358955727745
45825583405429
17820788173562461
623854699533649
747338906250000000
548036041768741
717445350000000000
16789618977700801
12136224360844481
161050053241241991
79971841657207501
573956280000000000
850305600000000000
10187356037295481
590490000000000000
197051512764961531
10195906077018901
756680642578125000
918330048000000000
61585053843997
850305600000000000
94745131398063001
590490000000000000
850305600000000000
67612871160098881
53717194317028705
10911885339640321
19696959822759017
89632404536950801
597871125000000000
683437500000000000
797161500000000000
708588000000000000
140230266125797837
573956280000000000
820125000000000000
263539004925696193
25598955356713351
885735000000000000
9588419257677241
5232567207056001
944784000000000000
885735000000000000
209809349760173857
69736050534101953
896806687500000000
136699697191027726
553584375000000000
645700815000000000
6426483153819901
90415378469724841
860934420000000000
4802331409846741
765275040000000000
629856000000000000
826497043200000000
7396720834324251
944784000000000000
637729200000000000
729000000000000000
313976649557199637
553584375000000000
839808000000000000
922640625000000000
664301250000000000
979552051200000000
637729200000000000
36320255048937601
357372201484174251
266942649653530813
830376562500000000
5152803654576016
168382604916087409
48499624707908401
50418418974950209
12597112308604033
956593800000000000
3385556005417151
11067457852193601
826497043200000000
830376562500000000
103225046014931
57600973841335
911250000000000000
573956280000000000
7963296632297110
573117051131809
820125000000000000
5590568686546501
63100588827654001
741577148437500000
381478774271856451
41254402880722501
65754185336512531
26319440131855201
688747536000000000
136941990608227729
73680871931721601
699840000000000000
27322161744221821
25738207437816721
576650390625000000
615093750000000000
2043768016424641
317581706463569857
918330048000000000
6195697477131238
23458696312850553
4948421465194561
768867187500000000
956593800000000000
4096324195438501
922640625000000000
864975585937500000
512578125000000000
22586716910409493
680244480000000000
615093750000000000
110827327080893095
106726377232233473
18261851806531477
885735000000000000
860934420000000000
688747536000000000
24370539705721
596670946364389
2843447777221601
97537572433411441
944784000000000000
559872000000000000
6293546320262657
69835846475590801
65693707482798253
11329237970666461
25070431567112317
615093750000000000
850305600000000000
11730122764020001
956593800000000000
1961061263447833
503884800000000000
7965523548869860
32344687969164737
14928970416464251
63908066502593921
996451875000000000
502096953744000000
138950546868872641
956593800000000000
96284474249341
566870400000000000
17769001479746041
2346910011283711
3182014014447841
734664038400000000
25272173237454769
996451875000000000
32391352064384353
645700815000000000
83471118229548523
629856000000000000
58706026973135101
3022336786622401
658979502247801
55009309769628286
16545978364528801
98591071884884481
360633161011201
860934420000000000
2297806698918043
553584375000000000
747338906250000000
29485792904622265
512578125000000000
524880000000000000
573956280000000000
199414731724245766
19474322776032097
830376562500000000
968551222500000000
820125000000000000
820125000000000000
29252794181046801
968551222500000000
220569750910704196
597871125000000000
956593800000000000
708588000000000000
637729200000000000
922640625000000000
597871125000000000
956593800000000000
3442247968065361
4672326977596321
991796451840000000
850305600000000000
143762697067024036
191079305832470721
6603600657794401
755827200000000000
85257547041139201
25072719847298810
956593800000000000
531441000000000000
53276043967267201
19535281666966801
19163755889049901
996451875000000000
566870400000000000
896806687500000000
765275040000000000
820125000000000000
483250861013192551
830376562500000000
738112500000000000
3802050285808321
6746511745927801
708588000000000000
17066001084860701
797161500000000000
820125000000000000
33006877039226377
774840978000000000
14551094141766001
749658149449771
333584597776501
84404535891118521
531184887030801
629856000000000000
145060865199511801
826497043200000000
4419627293454241
503884800000000000
797161500000000000
9717761236098529
59317736690537857
145837607283281145
316691214993451
708588000000000000
4930892505175001
615093750000000000
850305600000000000
273935985640576206
9841098089805697
154537518797138881
264921477968953345
37837599487380001
237998756205796
968551222500000000
51434463499686961
918330048000000000
386494220690869636
717445350000000000
896806687500000000
1629392980514881
87704567228257
850305600000000000
140518872621874657
20630706051388951
78110611882903777
7259045992984801
576650390625000000
7871038718590126
40768670229842801
743847338880000000
261206960616738001
708588000000000000
154872074209013461
996451875000000000
774840978000000000
35698831017598981
738112500000000000
212681452521648001
816293376000000000
386540694521521
747338906250000000
738112500000000000
1416756727736065
14455942633340593
21617827259832101
830376562500000000
573956280000000000
944784000000000000
16849343644510161
93234530324638234
12692216704149793
656100000000000000
664301250000000000
956593800000000000
165478715695105
27978213560598649
14031601334118145
4084171364322001
656100000000000000
87870735287551
30943761424483447
944784000000000000
738112500000000000
1126284433142961
3632087622210433
553584375000000000
63037065563201441
968551222500000000
566870400000000000
661197634560000000
996451875000000000
7990682578989265
16997333558764417
146570873917419901
683437500000000000
797161500000000000
2804135678065775
69918422792227921
82038029745788001
820125000000000000
98581570426798849
830376562500000000
830376562500000000
83001108415727657
850305600000000000
2928704841153463
956593800000000000
221646705643552897
66503706350501857
807126018750000000
68262691313498797
303842259089451457
854296875000000000
57016674601869505
8020556819368633
637729200000000000
28541919442584601
12047222328674689
232109670590923841
984150000000000000
881596846080000000
142590684865030465
222938605369948066
66615837471516321
664301250000000000
460814428100161
538084012500000000
1128755498756601
922640625000000000
45620870649237001
230654819517737581
88579597756930001
774840978000000000
11193608633322961
1176739716448297
664301250000000000
18031446332347501
138529608223501
500423108509379881
820125000000000000
63244752881620465
708588000000000000
691980468750000000
717445350000000000
56068965183136951
885735000000000000
350089155577240561
996451875000000000
165106202040637201
680244480000000000
612220032000000000
4271957472008161
112735578457030021
587731230720000000
6716087667152641
38291196693717001
15156338424817201
864975585937500000
138540336594452101
26975655311151009
35629010038434097
590490000000000000
637729200000000000
922640625000000000
7068625417497601
38626499232400626
15371589684654241
604661760000000000
566870400000000000
906992640000000000
619872782400000000
455340485324545001
392683942128383361
130449406278867301
512578125000000000
51924987085381921
14416541734036001
708588000000000000
235172599077810241
5141957623003601
19353199173409081
171860126037360001
518985351562500000
918330048000000000
566870400000000000
850305600000000000
933120000000000000
708588000000000000
797161500000000000
6463751232556801
944784000000000000
765275040000000000
10772498216696833
147253709184770881
31720210847264701
41663908316756881
57904433411159521
531441000000000000
2587087896596641
664301250000000000
5983400169358626
738112500000000000
688747536000000000
12886749105722038
15281033349494017
76455491977483657
112468718448689137
139353059824160491
30041223760078081
7145608162023325
10609328839675105
38874932642491219
236984894974207901
765275040000000000
544195584000000000
6831582787653031
850305600000000000
885735000000000000
97193579541081409
940369969152000000
36449976535903737
850305600000000000
69338579541620801
19673968875059201
11876023053857179
573956280000000000
128004502286495017
826497043200000000
885735000000000000
143539439277900601
885735000000000000
152883610750196236
984150000000000000
996451875000000000
44326544856700121
816293376000000000
64895830243289776
629856000000000000
21638547101738953
550998028800000000
664301250000000000
864975585937500000
32060470290567361
22609360209536257
560504179687500000
512578125000000000
57367839029047521
68296725805838401
6643612396897801
885735000000000000
27261387982746001
4088941281174961
24661050933418593
874800000000000000
151376573529705681
2934117287418241
747338906250000000
56837125365664490
622782421875000000
738112500000000000
227251003480824025
664301250000000000
874800000000000000
24220175981811265
885735000000000000
90619364190962881
332165270953951
553584375000000000
774840978000000000
29398645096129
765275040000000000
881596846080000000
8406270270457921
9454675874760001
738112500000000000
19728866720194381
13032172042424833
607500000000000000
860934420000000000
996451875000000000
410615244985681
590490000000000000
524880000000000000
122894511037463901
545180173812069
6117955508392001
956593800000000000
94744243157433301
637729200000000000
717445350000000000
32014074198174157
972000000000000000
956593800000000000
922640625000000000
112623005807831809
765275040000000000
569508966421201
4987372668570657
32022568190733121
54949287536640001
187276190287105025
12058292742133
4755232707268681
996451875000000000
1230971464113841
830376562500000000
612220032000000000
40548790672372711
96815221786081
590490000000000000
629856000000000000
645700815000000000
492998176289620
688747536000000000
544195584000000000
31007681932155481
839808000000000000
645700815000000000
885735000000000000
17942209821738001
896806687500000000
5937570818895673
10733608435536001
123309677396677969
691980468750000000
708588000000000000
708588000000000000
830376562500000000
956593800000000000
52865965724140801
292919038980541377
944784000000000000
797161500000000000
1111430312663497
664301250000000000
810000000000000000
797161500000000000
18205949119630819
47258996992989601
885735000000000000
62518143247372801
194913801756590491
62578431499551639
922640625000000000
25102184759552451
984150000000000000
51670640752503345
11800297873456561
765275040000000000
885735000000000000
20612400249446317
738112500000000000
765275040000000000
19284188936224681
32873161575925441
510183360000000000
934173632812500000
637729200000000000
531441000000000000
656100000000000000
52407170601941926
123686494545024577
615093750000000000
944784000000000000
351463143613951965
590490000000000000
691980468750000000
956593800000000000
996451875000000000
717445350000000000
4310543441694673
16486454138688001
691980468750000000
3339936114924289
72105492970266463
