1000
39851
64000
72900
5073
67500
85187
56250
97200
60750
81000
81000
86400
2112
47446
72900
67500
81000
77760
6369
81000
10089
81000
23853
55113
60000
75481
75000
7548
38377
58320
36869
54000
54000
80000
93461
19169
67500
64800
77029
58001
54000
72000
72900
78849
75000
96001
54000
56250
81000
50625
69136
28762
67500
78661
67500
67500
81000
54000
65225
95099
66841
31828
90000
60000
27866
90000
51927
75000
14329
41891
54000
34193
59601
96000
90000
3909
67500
64800
96000
68641
56250
86400
67500
59431
58291
77760
86400
85196
81000
22906
95353
90000
90000
98985
65537
5746
53285
24561
18138
90000
16957
2901
20401
81000
64800
72900
78732
33326
77760
54000
69984
96000
60000
97200
64800
12829
53399
56250
58761
33305
16294
54000
86400
90000
12912
56250
54000
54000
60000
86400
84375
90000
46450
67500
1271
55105
34513
35269
89701
56239
98132
72000
81000
19865
90000
65241
4371
60750
60000
22257
67857
53459
97200
56153
32809
11548
81000
57600
23868
57600
96469
22251
53586
75000
75000
58320
97200
56201
60750
6671
28625
81000
74865
80000
81000
64800
60750
88381
96267
69915
60873
48011
79489
54675
3976
34196
69485
72900
79291
43171
51125
79805
93750
84375
60750
54895
67500
54000
62500
72161
14259
10215
91982
28937
10961
60000
25477
84052
93750
75000
75000
75000
53286
59957
24577
56250
97200
4218
62208
57473
86400
51969
29193
54000
67500
67500
81000
72000
91125
81000
67500
89931
76066
6031
26750
54000
54000
5888
67500
77760
50625
436
83326
81000
72100
94833
59657
52961
92900
67500
97200
21802
81000
42815
56311
90000
52787
67500
54797
68301
81000
72000
34037
48684
86400
26405
81000
66221
93004
54000
64800
25302
11230
44411
67500
68174
78568
56250
46497
86400
91017
28985
6897
13614
55087
89641
60000
71697
78841
93766
67097
64042
97200
96775
60750
7651
72900
81000
47601
34481
97200
51617
93750
90000
42501
90000
76223
64800
51840
918
72000
10068
90000
81000
97200
60750
16156
43419
92008
28333
20464
81000
95809
60000
27873
64800
64800
90000
4117
67500
67500
86400
99529
81000
81000
96571
81000
64800
88516
14649
23541
66722
2353
64800
75000
51840
90000
77760
54971
59089
67500
18031
38284
97200
14349
57441
67137
68098
2457
73445
51862
72900
30606
87480
90000
91026
61410
66297
64800
72000
35011
67912
34681
67500
621
51840
87480
24225
97200
54000
90000
37135
31873
72000
90617
49671
75000
58320
91125
59501
17943
26253
90000
60750
44961
81000
72900
90000
90000
67500
72900
81000
86400
66897
67500
18469
90000
54000
705
6673
25316
97200
92919
22457
75000
46423
19683
81000
50625
5730
60000
62500
92651
60750
92141
97200
91473
65838
67500
42104
67500
81752
80399
60961
52488
54161
94887
31251
28591
13345
86400
67500
1125
95247
36805
93312
24249
87480
71177
79027
69672
97200
59237
81000
54000
81000
75000
97200
13851
96000
54000
16529
9497
14296
57869
53275
90000
99297
56217
67500
81000
60750
64800
743
41537
97200
7410
81000
31182
64800
68761
90000
90000
54000
67500
72000
12896
6385
14256
38686
66925
67309
90000
50453
64800
97200
73189
36890
72000
35481
51840
56588
62500
71028
81000
90000
13489
74431
37265
57600
43737
60000
53257
72900
60161
21169
54067
90000
32869
13601
67500
67500
81000
67500
97200
27941
90000
55929
86400
92058
6046
25201
60750
60750
81000
67500
48576
21017
97200
64800
81000
87509
81000
67500
54000
74807
75640
56541
87617
90000
1251
54000
72000
65610
92160
84863
38821
66
72301
54000
40095
96073
72000
67500
64000
72900
67500
98338
99301
96495
7473
100000
54000
97200
81000
3441
97106
92071
67500
96000
60000
89359
63763
90237
64800
12041
86073
85608
60750
84375
99134
90000
81193
60750
72900
12301
93046
64800
55679
56250
19054
97200
10599
38099
79559
82153
35821
17041
11463
81000
60750
72796
72900
19392
50625
74690
65610
86381
48018
54000
87463
3191
50625
90000
27376
60750
30241
90000
54599
28321
78931
81000
97200
97200
72177
72000
12605
69984
17535
60921
77760
11523
90000
54000
60750
83777
97200
92160
83895
55945
90301
92193
90000
96000
31771
11023
25285
82413
14932
46551
86400
9466
6239
45387
81000
49508
60000
90745
75000
60417
70661
90000
38457
67500
97200
4037
81000
72000
50625
49381
7221
30938
72000
18906
47027
56250
90000
1704
87249
15119
81000
67500
70758
66733
46636
28034
75000
81000
53225
90000
60000
58320
122
94891
56765
49851
54000
67017
1099
60000
16880
51840
86400
83941
64800
60000
90000
3641
96000
98426
93750
54354
77760
2171
72000
80164
90000
34478
81000
85361
40657
54000
33901
90000
91221
90946
90000
64800
78732
56250
97942
97200
25546
56250
51041
97911
93750
81000
89843
87480
90000
26219
27264
21350
60750
64800
68147
84313
97200
73021
100000
28521
72900
67500
67500
60750
72000
81000
93750
90000
77145
93750
4721
86400
97200
73446
90119
5941
79051
46643
90000
37494
97200
36437
39225
50625
70121
57584
90000
38001
90000
25193
80371
93857
81000
64800
84375
60750
90000
72900
51840
67500
96000
40665
65761
69613
14431
54000
90000
6942
41367
75709
25697
100000
29425
90000
60750
12635
51738
94132
86297
33129
16821
44051
83420
65610
81000
7224
77760
97200
67500
64800
19967
11969
63260
18451
90000
85101
64800
87199
95984
54000
11655
63581
86318
2101
71573
54000
49041
78241
81000
54000
66351
67500
80001
90000
87480
53155
78369
93750
26293
64800
59551
56250
21900
60750
10015
52724
54000
83213
76871
64800
56250
28537
86400
67500
18787
86400
86400
25083
83352
97200
72000
45719
81000
90389
96354
47061
75000
54000
6817
94265
67500
64800
57600
97200
16143
90000
44690
16057
97200
90000
49089
7906
84481
34847
27545
77857
25990
14736
82051
11667
80000
60750
5312
76113
96801
53
81000
7975
48182
86400
56250
57256
51041
67500
81000
93750
61411
90000
72900
43084
81000
90000
15397
30889
22417
56250
81000
72900
72900
87480
96541
17991
97200
25841
69563
27511
70545
72900
86400
98251
93750
56250
56250
32061
75000
59931
81000
43676
81000
33946
54000
69061
12831
60750
60000
28831
97200
6425
79395
81000
67500
77302
54193
33212
57600
58320
67500
14964
44315
10703
26134
11497
80833
81000
97200
54000
97200
67500
5136
86371
37289
90000
14020
85249
86049
57600
58441
69561
