1000
738112500000000000
4411256790437953
984150000000000000
28993370674451701
3269679183911953
45089955238375763
3978425788214971
314911576640557
30529207599946849
3370370575031593
12883846747699681
93051758759483521
87947943228361921
4616725409639729
164432841426263489
3650001306365701
544195584000000000
918330048000000000
996451875000000000
2564135881162241
984150000000000000
656100000000000000
185467970429922181
996451875000000000
103212134616523
885735000000000000
252753402613060801
161755686188143741
39270818314884289
774840978000000000
1819416984552769
524880000000000000
738112500000000000
43893324046015921
797161500000000000
553584375000000000
996451875000000000
23433822803959957
656100000000000000
688747536000000000
1077443452438081
637729200000000000
765275040000000000
186578941076958751
64839090841077001
512578125000000000
984150000000000000
765275040000000000
820125000000000000
531441000000000000
215622247326461896
65124722366415361
167649749040414901
807126018750000000
15819229863676576
323835349688236
885735000000000000
230175049945876945
17400192209762311
820125000000000000
988874267340961
956593800000000000
461549534619187
738112500000000000
4588280823308491
717445350000000000
860934420000000000
3761976595608001
717445350000000000
637729200000000000
787320000000000000
956593800000000000
826497043200000000
5611752343556017
223523842537303771
2090524888944961
35896687059557941
83404482174195601
2050798758707161
708588000000000000
637729200000000000
16032433652041489
553584375000000000
22883861911453921
531441000000000000
546750000000000000
637729200000000000
691980468750000000
14824048875448801
297530321079285001
12696032301749701
1104153439528396
47051231936238793
850305600000000000
708588000000000000
619872782400000000
8720964477634465
2184823440657001
22859187082993
661197634560000000
984150000000000000
787320000000000000
40525570831746001
956593800000000000
854296875000000000
896806687500000000
11749538231178886
562478400764897
516560652000000000
885735000000000000
188049608174305
645700815000000000
918330048000000000
1590039446882305
155664367008708097
956593800000000000
984150000000000000
3957018477030001
797161500000000000
186598595039791033
839808000000000000
573956280000000000
404558210273708401
9457914761758321
25308266264103761
510183360000000000
244299657231501985
221458775212939081
12109682180846251
597871125000000000
774840978000000000
503884800000000000
1330478329463361
797161500000000000
9549427662457201
16199523485383681
538084012500000000
245390101673634031
765275040000000000
637729200000000000
896806687500000000
774840978000000000
2124952050633301
120249073735190401
906992640000000000
528958107648000000
77915292808693051
5807911469786641
765275040000000000
573956280000000000
31729298690267361
71225273010833921
956593800000000000
629856000000000000
8427313914565624
629856000000000000
922640625000000000
717445350000000000
2711760746015326
62396467100684641
84123677132941825
4968211904185321
6736498855957333
33202097760488581
116499555033744961
34989171348631501
850305600000000000
885735000000000000
195130041887917681
615093750000000000
885735000000000000
61545238045898401
29188179176780161
128115152309871793
531441000000000000
2539055922473953
645700815000000000
691980468750000000
89448375875199265
956593800000000000
956593800000000000
52343677958345801
656100000000000000
717445350000000000
944784000000000000
41949723161106685
996451875000000000
566870400000000000
929809173600000000
493417489935262465
629856000000000000
4029211128124651
797161500000000000
896806687500000000
850305600000000000
590490000000000000
15869459859389137
708588000000000000
637729200000000000
73775014056716701
680244480000000000
860934420000000000
4433804973275041
7529680990162345
59409739987488001
159012301976993557
637729200000000000
19718291583954433
290900217879972135
1961725440063121
218021559917294641
284614635111356089
85460593123471105
908016771093750000
7440872954407751
516560652000000000
553584375000000000
979552051200000000
918330048000000000
10720226511076369
21566219221768285
664301250000000000
8811237109109401
755827200000000000
1421325055286401
131459256557883521
11918755247413561
5244514623222391
2036605219806151
5364090914272777
522914918819586049
9873849208840408
859963392000000000
885735000000000000
57846124992246511
645700815000000000
76932817004737
619872782400000000
12640385204325697
672605015625000000
305771273703609481
787320000000000000
734664038400000000
717445350000000000
587731230720000000
680244480000000000
263636192484083329
860934420000000000
9614243119961201
717445350000000000
774840978000000000
255077341435225
816293376000000000
237551398924697467
615093750000000000
30690537765475771
590490000000000000
144928950212184019
680244480000000000
512578125000000000
956593800000000000
34508642929070311
6703679734328305
885735000000000000
996451875000000000
34120456408712449
553584375000000000
764484023309041
765275040000000000
7102745173592801
735410741272921
317950452740385661
75642432188692321
860934420000000000
560474512058115001
87556351854134437
24665322960337786
19559717654918065
904383228755175121
22749802022493949
550998028800000000
680244480000000000
524880000000000000
32062469714527201
231911738487001
553584375000000000
688747536000000000
510183360000000000
956593800000000000
5211729323435251
734664038400000000
10183308932966401
836828256240000000
101569040009213041
4527479571390865
787320000000000000
984150000000000000
918330048000000000
918330048000000000
15531051602793445
62509869729194581
787320000000000000
61590379010148577
49051309257038701
768867187500000000
2862508961458261
35960020827108148
487615184659923526
101864161744007937
98486495080073101
165000004778245726
189628118799974401
885735000000000000
816293376000000000
896806687500000000
845790304691537
16981972143243718
664301250000000000
996451875000000000
820125000000000000
237354796968061661
850305600000000000
893820043440721
13430370104383
533935546875000000
7413464600405137
516560652000000000
883912161744613
118694131711636657
787320000000000000
765275040000000000
797161500000000000
27543246396937741
637729200000000000
60457324525836877
84681078774776146
34046056511662801
64169470358510401
950996348414311
734664038400000000
996451875000000000
447143361341041
1214260375204801
918330048000000000
7178099524214221
1294071494665951
774840978000000000
3184834519799521
90818366379128129
996451875000000000
1163092660300801
86531034939316951
597871125000000000
61045171878019825
242322036947492041
922640625000000000
63790912920323401
184272411244548481
296736849873245
85449052787069201
198490042850130497
765275040000000000
743847338880000000
697356880200000000
956593800000000000
47280410936841241
546750000000000000
27905298420001381
590490000000000000
396155742136001
31247884634752345
5620343776948993
91481833133897725
747338906250000000
597871125000000000
4824375307315201
956593800000000000
6072179713738201
14147450353550793
553584375000000000
51574128032131601
127250833873230001
5334160653412501
6880434093523201
615093750000000000
918330048000000000
1282950614400001
830376562500000000
150390930053180053
78501769563585313
984150000000000000
826497043200000000
506419971806520001
151930132550741197
830376562500000000
944784000000000000
22155049269354151
708588000000000000
524880000000000000
850305600000000000
885735000000000000
774840978000000000
16758616309351597
553584375000000000
688747536000000000
783641640960000000
4068696945627081
956593800000000000
16568376190184449
20887530385655041
896806687500000000
30273510371890033
820125000000000000
145857646414227931
35882742083159665
629856000000000000
47734061635837249
4045829618383236
11311438021807771
65056093526969425
668765557626337
922640625000000000
516560652000000000
281734019768633701
3026313411895351
8588132199208433
664301250000000000
35478549835344001
99669329267703553
754605860034951
516560652000000000
984150000000000000
850305600000000000
708588000000000000
797161500000000000
123076839653463169
5735086521466001
683437500000000000
826497043200000000
10998765224487097
129067556639765329
944784000000000000
45450734059397836
348417582554980225
531441000000000000
984150000000000000
874800000000000000
120720050709949153
3520875690587251
755827200000000000
67548304103331745
15271091710653241
680244480000000000
797161500000000000
106668754014661
629856000000000000
531441000000000000
820125000000000000
26648625625825585
755827200000000000
637729200000000000
13319147227817476
683437500000000000
55110027994116481
738112500000000000
724992336849529
7640559244019881
956593800000000000
1652631346017217
224878286171781121
658490253993985
850305600000000000
680244480000000000
797161500000000000
911250000000000000
16097209124362081
615093750000000000
6365555473046401
319985372740521601
826497043200000000
161125890682566241
607500000000000000
90133786136090881
697356880200000000
885735000000000000
738112500000000000
338004240939319969
518985351562500000
688747536000000000
755827200000000000
683437500000000000
797161500000000000
29157248247710017
44888753287334017
531441000000000000
929809173600000000
23236370578395157
145316089636123729
944784000000000000
64630361919568201
850305600000000000
4941706324555009
747338906250000000
12944077884342037
26797092754852117
850305600000000000
172995119322271
131135070474078529
25490479388024971
7397156462908681
816293376000000000
25790315963200867
299837984270977153
524880000000000000
70785515450559771
797161500000000000
9239743342830001
860934420000000000
2576737379126737
44622845047437301
738112500000000000
183080293763778776
553584375000000000
956593800000000000
996451875000000000
850305600000000000
503884800000000000
956593800000000000
124461489124659457
129831213502045441
984150000000000000
17337195168822201
590490000000000000
30965052563107741
797161500000000000
80438483213827201
10631280426504193
2512953975201001
717445350000000000
1422204201445276
956593800000000000
27781246542741121
683437500000000000
524880000000000000
787320000000000000
180229868007883093
774840978000000000
2023191348860001
8790487838757535
560504179687500000
132648041488728961
688747536000000000
102567060386566345
339609974104141313
664301250000000000
768867187500000000
929809173600000000
820125000000000000
4190354971839037
2639434604863321
956593800000000000
839808000000000000
734664038400000000
680244480000000000
850305600000000000
885735000000000000
7791948512392969
61259394663667201
531441000000000000
597871125000000000
21902794545694609
553584375000000000
996451875000000000
30460546159308253
688747536000000000
593261718750000000
21128253872386993
105442800772905001
13227090548365
516560652000000000
33935208369166273
37686828527256052
72686875137113121
576650390625000000
708588000000000000
4074644524325761
257734565959955617
290275007152898377
4071967622190001
90979069986121409
48809929718017807
550998028800000000
996451875000000000
797161500000000000
7044566511827101
7082938339538601
885735000000000000
6045682741312501
125788765255164145
6138703938171589
615093750000000000
850305600000000000
37925660945379241
60929474593572865
5555681626806676
121045975513938721
691980468750000000
708588000000000000
922640625000000000
53226517901696434
546750000000000000
117321703669564241
5827830986325601
787320000000000000
82347606617982421
743847338880000000
590490000000000000
132181410841257625
839808000000000000
826497043200000000
6006619023449689
32786193401808001
115605615112417921
691980468750000000
637729200000000000
885735000000000000
755827200000000000
634749729177600000
688747536000000000
531441000000000000
6426927536662501
88939320575764177
944784000000000000
816293376000000000
33479625822872626
922640625000000000
922640625000000000
378906238090766305
726413416875000000
361332763873891
597871125000000000
7761821587300411
956593800000000000
531441000000000000
656100000000000000
1801826522861569
850305600000000000
6866144597147617
6160023764649505
18839928175301441
807126018750000000
3606431948315301
820125000000000000
860934420000000000
738112500000000000
91320149867503957
40035794846355841
2618708632882273
145921975285225777
657107843322217
248543728111021253
922640625000000000
918330048000000000
996451875000000000
664301250000000000
944784000000000000
25698432553965601
765275040000000000
390969039077761
672605015625000000
738112500000000000
23755662517980001
64722017863030081
972000000000000000
896806687500000000
1363495320245941
885735000000000000
360213193276004953
144422349121132885
531441000000000000
787320000000000000
830376562500000000
918330048000000000
664301250000000000
18935840488307521
996451875000000000
531441000000000000
777600000000000000
207502913798182081
1188602021268481
148594861369664801
637729200000000000
755827200000000000
937610130085311
20011319970840009
743847338880000000
4955713896838321
65250139619107301
31658972608260361
885735000000000000
573956280000000000
87931475846338411
612220032000000000
996451875000000000
56203424210780701
2531550213441601
615093750000000000
237032571069451018
81243938508660181
860934420000000000
516560652000000000
90222127312653649
544195584000000000
697356880200000000
516005710004401
787320000000000000
6049987265370001
178845615053641
573956280000000000
207496220502768341
918330048000000000
922640625000000000
11840607244013417
797161500000000000
156165359260560001
820125000000000000
664301250000000000
860934420000000000
139884331216100989
62107482865375879
738112500000000000
708588000000000000
531441000000000000
276319119110669881
830376562500000000
483564420875621701
3913754946904921
956593800000000000
860934420000000000
531441000000000000
194727261919706407
699840000000000000
101664341827288501
688747536000000000
18131319628085873
573956280000000000
496836618543201
984150000000000000
581130733500000000
100083507542833501
717445350000000000
2334852610289
10055980951254001
11157990154122241
4021650556146370
168068689731347329
414202241104138369
70346053001014561
44935283267297281
77125881854261611
717445350000000000
854296875000000000
590490000000000000
765275040000000000
765275040000000000
146230730814970404
26170217880318163
68890654802390059
13920433105219201
309714321364199137
830376562500000000
215811756518446209
984150000000000000
4946823243648001
922640625000000000
6835341282566336
35392732009076251
984150000000000000
664301250000000000
70663179961670401
956593800000000000
553584375000000000
996451875000000000
918330048000000000
7981503249341161
531441000000000000
645700815000000000
28131068672576221
996451875000000000
664301250000000000
30320602951201525
768867187500000000
15010139876698501
566870400000000000
708588000000000000
1938437319042961
688747536000000000
765275040000000000
637729200000000000
9567721409803129
30710782843311979
566870400000000000
797161500000000000
850305600000000000
37646242320286081
80894132787819841
688747536000000000
37283657805313822
929809173600000000
36246774202528429
33242496138886401
2613381159951451
797161500000000000
738112500000000000
8805190609581731
14512227802776001
16258719629524321
248711110911382528
797161500000000000
223620032059481201
830376562500000000
850305600000000000
573956280000000000
967458816000000000
134121916797766561
755827200000000000
944784000000000000
8908154128615036
637729200000000000
885735000000000000
41044856431195189
860934420000000000
984150000000000000
944784000000000000
961083984375000000
67153562002863001
1284987841188481
85410951203783593
10371264199036417
8321140072488001
996451875000000000
8796931095997375
691980468750000000
680244480000000000
629856000000000000
949218750000000000
6167227046045509
755827200000000000
20825994360737721
911250000000000000
656100000000000000
11810553521805361
71098379376719745
22356634437167941
11186001614597401
680244480000000000
57755280767337413
797161500000000000
16256078666954281
10104944827780661
59820074206161571
12298293967056705
717445350000000000
3292004407892401
956593800000000000
881596846080000000
12026245451196001
58737132315352401
17116049878527601
984150000000000000
26456072965370497
149709743003544445
597871125000000000
708588000000000000
619872782400000000
5976024685335321
778478027343750000
752792828331715585
13733900196651451
708588000000000000
2858968895502721
180832698179844481
544195584000000000
512578125000000000
839808000000000000
57118297751276899
137198350050214051
79361172525947833
43980779534328001
2638925319480437
228439804183162575
52348787278768894
896806687500000000
142619887811873473
622782421875000000
738112500000000000
13807066935787501
55935068987423361
38378091083151
260019123995645119
996451875000000000
637729200000000000
8169066563402881
918330048000000000
199421504929181613
1205739833020775
680244480000000000
6636504120018049
656100000000000000
3325169996606415
871696100250000000
54853280173685001
103224612454885153
128201620152074353
996451875000000000
34917839369779141
276572205311920927
141572846401714657
133280183863917793
631296239347065601
738112500000000000
510183360000000000
968551222500000000
637729200000000000
8844041998763825
516560652000000000
38224685484156601
2141853602144257
597871125000000000
820125000000000000
1341580263811921
708588000000000000
680244480000000000
688747536000000000
759375000000000000
629856000000000000
956593800000000000
566870400000000000
15827241156480037
2824054294735081
5120125660167841
14293775018140801
136111261566606481
12996985968368641
717445350000000000
8768592312712201
597871125000000000
615093750000000000
885735000000000000
697356880200000000
9297269703745597
1401960415196881
979552051200000000
929809173600000000
996451875000000000
50747101628222273
768867187500000000
850305600000000000
151634814301380789
629856000000000000
147561432639667201
81403682546989331
680244480000000000
922640625000000000
15881854433496801
382629429261907361
922640625000000000
943349959834777
807126018750000000
671846400000000000
765275040000000000
82190627208588601
531441000000000000
75399760884284481
688747536000000000
102140142633985
604661760000000000
18033477828426901
550998028800000000
699840000000000000
664301250000000000
2152551492127297
597871125000000000
9013998884629201
944784000000000000
7161119867552001
538084012500000000
708588000000000000
3538057174662869
885735000000000000
566870400000000000
738112500000000000
32951634142198025
524880000000000000
708588000000000000
956593800000000000
249436603943654401
968551222500000000
680244480000000000
122062362976519681
