1000
3003494127016951
38311702116130081
42895672947167041
850305600000000000
26938195359284737
629856000000000000
566870400000000000
9065543049551
40165347581876001
436675129421521
885735000000000000
6475331683694809
996451875000000000
203581039353344797
820125000000000000
25514632084780801
14242132111566961
531441000000000000
57583538210252425
236565659614684438
1847440771969001
32918220067028401
126155136618588169
984150000000000000
885735000000000000
664301250000000000
708588000000000000
10564861667770369
220613529731037301
54994363182321249
984150000000000000
20285435067534361
165353668338390841
734664038400000000
61978115620861441
984150000000000000
922640625000000000
113436352635777361
691980468750000000
566870400000000000
3693718547234101
797161500000000000
680244480000000000
206211284910823105
688747536000000000
677460547530352
169081700218274945
619872782400000000
765275040000000000
738112500000000000
152297804523332161
688747536000000000
19031397079094083
196808974594901761
6836644951913701
968551222500000000
664301250000000000
850305600000000000
103682886559237121
820125000000000000
850305600000000000
14586310943883225
922640625000000000
34084664205429601
231219765321389209
648731689453125000
151479793939115201
991796451840000000
4571446645691641
907151435645911
688747536000000000
688747536000000000
787320000000000000
45514704835296481
708588000000000000
512578125000000000
768867187500000000
160147571440683751
747338906250000000
854296875000000000
860934420000000000
807126018750000000
8260109408388377
1355201458071301
725594112000000000
30608359413475251
503884800000000000
797161500000000000
40128023491214401
680244480000000000
129674252841714337
984150000000000000
797161500000000000
984150000000000000
854296875000000000
896806687500000000
61576925421140065
797161500000000000
218339017032456321
3398785563096001
637729200000000000
597871125000000000
747338906250000000
573956280000000000
30513395201649697
885735000000000000
104346629868592816
787320000000000000
120038587727575501
637729200000000000
38900676802548705
284938724296747951
637729200000000000
15023028167046901
566870400000000000
27254957309642791
22783395603875617
725594112000000000
148904956191600001
323002872513665
2803745750561641
27322929027961729
553584375000000000
25054268017297861
817215093984375000
33768033942219081
683437500000000000
634749729177600000
637729200000000000
172730253016780801
4315428696279169
53590278378007297
53639132528081
92614530192327001
24935834842139521
23366540979159533
140362149188509651
787320000000000000
1192503755373057
80884100455618516
82815824474250337
12466883222584513
47908775223511621
159290084503186561
121207571515602313
28087660191995377
546750000000000000
30887710200573841
38947468207864501
944784000000000000
738112500000000000
15771657618370337
14398871932441153
274973030674452937
7598632685804161
12837318584890801
797161500000000000
113020426909915379
60934985647106341
2324322058903681
830376562500000000
98997150873175141
826497043200000000
65737225068900337
612220032000000000
22517226822863361
805243584342401
2555002953027201
850305600000000000
678218341448094217
691980468750000000
10888329968222491
800903320312500000
204645132225024001
885735000000000000
984150000000000000
80180787569783041
53047215022788481
8829645110371513
661197634560000000
368160001966188433
637729200000000000
19047144719656945
885735000000000000
20402318514916801
28135763963431633
680244480000000000
531441000000000000
637729200000000000
885735000000000000
956593800000000000
984150000000000000
71710620363611041
499893526164257226
605344514062500000
747338906250000000
65499990990311251
524880000000000000
656100000000000000
3393510737520619
108843952592603089
850305600000000000
185850308441089545
984150000000000000
653034700800000000
597871125000000000
11418271967784601
774840978000000000
503884800000000000
885735000000000000
664301250000000000
8611382451735001
984150000000000000
839808000000000000
688747536000000000
17675387946945
179201856297449387
2501122071546001
70846150036057705
79298105184519661
691980468750000000
566870400000000000
9028989104535226
21419425780875361
885735000000000000
874800000000000000
531441000000000000
734664038400000000
747338906250000000
103468098441633751
935792934076001
922640625000000000
550998028800000000
956593800000000000
820125000000000000
738112500000000000
688747536000000000
23877003927169
82361525872740297
40515978214921441
765275040000000000
172288148948600761
755827200000000000
747338906250000000
816293376000000000
57824595027473967
29407974493719121
996451875000000000
830376562500000000
906992640000000000
56856468320122771
922640625000000000
16068637813082961
8243534104251841
4249200664801
664301250000000000
558603634918929281
8665055459940601
996451875000000000
144976432333467127
151103915760097
25780000367572921
755827200000000000
4620129438720349
590490000000000000
597871125000000000
691980468750000000
5125781107608481
573956280000000000
41349417299570539
885735000000000000
15559495893539521
996451875000000000
615093750000000000
79452378959335201
221171964698319079
661197634560000000
39284868496772809
17269518831784201
22144351136012929
896806687500000000
4698869628150751
154268517153435469
240623644787091721
538084012500000000
830376562500000000
680244480000000000
145294153934804785
2064601333903186
134760828380599081
680244480000000000
787320000000000000
510183360000000000
688747536000000000
817001064059131
173893611228117045
161414564181326611
991796451840000000
12781314735750541
100208706059456541
590490000000000000
516637671397160689
25826278162632201
40358793329549761
43949395824029641
738112500000000000
691980468750000000
918330048000000000
738112500000000000
510183360000000000
787320000000000000
512578125000000000
27665121157803361
590490000000000000
820125000000000000
43706151538661
4447725275530801
284077498209055201
16374334693492595
248678461206285985
797161500000000000
13491048588696001
816293376000000000
57701227092388426
717445350000000000
922640625000000000
46465287774772886
10200640840014241
15910443814905601
2959986730932001
14170737896694541
74856750686166961
13952430126854785
87465351593562241
9147668280600961
4958303664859441
797161500000000000
996451875000000000
12748775223533161
629856000000000000
956593800000000000
68384442471839761
918330048000000000
317125693690881
680244480000000000
66226375594978193
107206766888027081
85670075984875001
956593800000000000
124774424611289641
807126018750000000
637729200000000000
58918006336699
510183360000000000
35924195186821576
934173632812500000
793437161472000000
4051418107376641
708588000000000000
3570003134448676
896806687500000000
150502108173064961
956593800000000000
996451875000000000
510183360000000000
53336021522815873
3173099957100001
854296875000000000
807126018750000000
74836743404129281
101673568228065901
11658570693470569
765275040000000000
2039425562924803
1885063847800321
230936540788044001
860934420000000000
163930699478941561
74649085796940697
850305600000000000
10812663449067754
573956280000000000
984150000000000000
47631412360573801
885735000000000000
830376562500000000
14625845024060161
996451875000000000
83986266720217681
62724295066041001
922640625000000000
956593800000000000
52134511976323921
581130733500000000
664301250000000000
4886048137310425
19410511151970901
637729200000000000
1046905858467883
26862897053304001
553584375000000000
590490000000000000
637729200000000000
24543952825111681
765275040000000000
984150000000000000
402412528794681601
64410150605808151
44667050583205441
587731230720000000
311125062367010971
996451875000000000
597871125000000000
38330761282333255
816293376000000000
734664038400000000
535570083993600000
83962763478711001
797161500000000000
430550501897587
1132533593755201
1464629589969561
46411275894984001
5879258071692481
42095595182856391
79659516624386401
850305600000000000
258792650704838251
664301250000000000
590490000000000000
103583450769753241
52349677901713921
944784000000000000
717445350000000000
860934420000000000
15298379632334800
830376562500000000
929809173600000000
24417821933209495
615093750000000000
881596846080000000
717445350000000000
10450720987853455
717445350000000000
85161878787553601
127739283935140801
52173224325646381
885735000000000000
637729200000000000
531441000000000000
820125000000000000
826497043200000000
15011739336730429
135539113722538501
797161500000000000
787320000000000000
7362038669937851
797161500000000000
830376562500000000
637729200000000000
162901848795902569
3478867097678017
717445350000000000
12475906291348501
5854437752088121
8122306821852049
688747536000000000
163286685635388301
544195584000000000
116645737477948225
57458070570165697
956593800000000000
765275040000000000
77480825357020519
531441000000000000
984150000000000000
6344372516303529
42984132218325761
566870400000000000
553584375000000000
518985351562500000
664301250000000000
738112500000000000
12938205389242966
23054881575885013
944784000000000000
531441000000000000
247049998067106811
755827200000000000
885735000000000000
956593800000000000
787320000000000000
656100000000000000
156489175768033351
59511117736548865
820125000000000000
39477515017249
255409000709960461
2267001699255294
2895704254742401
810000000000000000
755827200000000000
874800000000000000
2926630649784486
850305600000000000
115318502733825161
39716697197962093
3042728654531269
787320000000000000
33760555046937721
79033809258666856
708588000000000000
664301250000000000
2046992906163856
195892792471175281
129799031487533101
137694941084371672
531441000000000000
797161500000000000
738112500000000000
4439468819289505
283494059743423501
787320000000000000
137741655099853081
147956666267157049
19675916834656417
765275040000000000
944784000000000000
956593800000000000
797161500000000000
17736139309163536
830376562500000000
816293376000000000
22725077548704961
141499910907312673
777600000000000000
167443933249406881
4976110648488961
39763064737836441
956593800000000000
101890540496461921
944784000000000000
111600904476100066
640722656250000000
187896632867839873
738112500000000000
2876556213463285
708588000000000000
944784000000000000
885735000000000000
922640625000000000
573956280000000000
237862554615402531
13681695529090387
9932087801657851
20433471655936861
836828256240000000
103600151828259841
20077459224924025
12946400330869441
68163113122511617
896806687500000000
708588000000000000
583200000000000000
826497043200000000
12726930979284481
4847616195518545
830376562500000000
299515328008518205
179092099050372741
1357098646064201
116904474718012801
285525881107201
656100000000000000
4049910626414401
510183360000000000
69489973734579763
944784000000000000
3549285398563521
62539100865945601
361775522475481505
3422333982145681
968551222500000000
148435118212699501
16903943383023361
33733677029569441
52293434232279241
528991704211623041
9876185129653921
797161500000000000
123697323197256376
612220032000000000
738112500000000000
918330048000000000
31810727738147841
522427760640000000
553584375000000000
4918907412447601
491243769891157321
62706672046448641
881596846080000000
787320000000000000
41828101779613136
729000000000000000
590490000000000000
142440317626206421
73464060394335821
510183360000000000
38149272745410403
874800000000000000
82896200728740001
33431143018728001
777600000000000000
2846626139989729
165287310078355921
885735000000000000
922640625000000000
850305600000000000
193395097272787201
956593800000000000
79011182547489281
996451875000000000
531441000000000000
127362721660639921
149674282484090937
127365354119622401
885735000000000000
664301250000000000
1674653160976181
656613781413430401
697356880200000000
6479690026713751
956593800000000000
922640625000000000
956593800000000000
826497043200000000
1301986520603301
5414152977811033
176089532319855001
4313110219158196
996451875000000000
3186032711818441
944784000000000000
961083984375000000
24952319114079249
516560652000000000
134885672872357681
390705125704465
69529014510103
5520596003830129
607500000000000000
612220032000000000
944784000000000000
21806972505415425
1532032554131641
52672014506910891
195278202260996401
569531250000000000
9204133658678465
8804637982573511
46763648034484291
68465521872385
510183360000000000
531441000000000000
2271972804970777
79730263579610953
597871125000000000
615093750000000000
115998987120331393
109142029384949761
933120000000000000
43307223249710785
54781510990801141
680244480000000000
27725962390776901
78026013500487501
918330048000000000
714093445324800000
510183360000000000
747338906250000000
956593800000000000
510183360000000000
5635722216174357
45921394249780945
734664038400000000
918330048000000000
8577026933275396
13747012213132
45619814673087425
19045076018472505
2601291969606205
691980468750000000
918330048000000000
680244480000000000
2201730519845377
35096471000183122
656100000000000000
830376562500000000
7379417705960521
683437500000000000
680244480000000000
612220032000000000
546750000000000000
9490617595972801
645700815000000000
708588000000000000
182630452063715371
538084012500000000
765275040000000000
956593800000000000
10998643504103900
984150000000000000
111316429512645241
717445350000000000
1224205143651881
5700303411161290
20181530660664673
820125000000000000
33084400820114281
1071205268928341
8143239532302001
717445350000000000
176314925257948491
906992640000000000
183315807596386741
55953507927396769
7600011997411786
2080947492583441
956593800000000000
671846400000000000
21632688196016833
28463039442794587
56748827183977281
664301250000000000
332263127895176101
9300058215924147
708588000000000000
885735000000000000
65466090004565901
230376776036099001
510183360000000000
5658756409352929
918330048000000000
122974876531241659
20536561462999849
10397760376604761
65847335105956006
44497197420900001
80550679112640001
35232330560220001
395576072892001
906992640000000000
42258006644932513
1448095440552121
13646055452401
984150000000000000
573956280000000000
691980468750000000
755827200000000000
860934420000000000
231397561972345777
968551222500000000
41882444451500001
929809173600000000
512578125000000000
29119322771411473
934173632812500000
553584375000000000
531441000000000000
37100832579609841
510183360000000000
531441000000000000
1174001498269381
16548520521008386
612220032000000000
531441000000000000
25751493678492257
918330048000000000
850305600000000000
201082722117322501
2684601787386241
885735000000000000
524880000000000000
3405392703759376
20071888672772161
287292871649286481
5710062587578441
566870400000000000
360848660926367377
826497043200000000
5049725691174721
34284394549452846
516560652000000000
3665175193461601
956593800000000000
53933812282475105
27762543669749383
656100000000000000
708588000000000000
510183360000000000
765275040000000000
961083984375000000
510183360000000000
688747536000000000
3792115990845001
2360863011852451
612220032000000000
8565893922499057
6891862591792993
619872782400000000
28877265294422273
738112500000000000
15966984791498819
929809173600000000
767362695302386
19953639484461993
869408689275001
88831042546249729
29132172461359441
929809173600000000
4347444150370273
278133597762664321
688747536000000000
896806687500000000
708588000000000000
524880000000000000
10249373716962121
8472898146924001
33162899054739217
531441000000000000
830376562500000000
729000000000000000
708588000000000000
738112500000000000
615093750000000000
797161500000000000
45684689785504129
3662789240487169
59016964321123516
518985351562500000
9929028465336001
896806687500000000
734664038400000000
64592519428563001
99646482884774401
797161500000000000
6503778567318761
820125000000000000
816293376000000000
734664038400000000
680244480000000000
31019335935571201
896806687500000000
984150000000000000
3044650558950001
885735000000000000
691980468750000000
50760047007289009
729000000000000000
574127480471767201
860934420000000000
12631728909109609
63491816663877505
830376562500000000
860934420000000000
110773349054724421
2649579779111851
531441000000000000
50605649214303601
864975585937500000
162552166202689201
830376562500000000
139079121671637057
744273739104107521
956593800000000000
787320000000000000
5442904916476041
531441000000000000
699840000000000000
590490000000000000
922640625000000000
664301250000000000
759375000000000000
885735000000000000
553584375000000000
83309430528481
793437161472000000
24936304613848321
301057899412286465
637729200000000000
112088843716091041
5879639798346433
566870400000000000
885735000000000000
31598175229566301
896806687500000000
656100000000000000
1574358841187753
531441000000000000
8242099957050121
996451875000000000
42638646388108177
6152646201919921
850305600000000000
896806687500000000
850305600000000000
37024199806577761
765275040000000000
36633989282653185
984150000000000000
885735000000000000
28060083795478765
885735000000000000
664301250000000000
70772511041211695
885735000000000000
717445350000000000
768867187500000000
850305600000000000
787320000000000000
516560652000000000
755827200000000000
4980615672213721
360442222377513193
280409284903118581
93121757175295801
169078291771851001
984150000000000000
1107507741842881
765275040000000000
956593800000000000
573956280000000000
984150000000000000
922640625000000000
2207272295962369
5005724317977241
573956280000000000
984150000000000000
6147506632348027
531441000000000000
16695149167968001
23061254773813201
47616125172199325
230026770238640041
708588000000000000
19101275694237109
50831218905051949
984150000000000000
860934420000000000
683437500000000000
747338906250000000
25232619127549441
4810429159681601
708588000000000000
984150000000000000
961083984375000000
956593800000000000
28881790972907641
944784000000000000
99090133633142081
125036173736331859
956593800000000000
1189584678078721
13456536837121
2021097322758625
7735345306036657
991796451840000000
991796451840000000
4275019393702849
236708410637843425
553584375000000000
664301250000000000
850305600000000000
2937088907280001
797161500000000000
32917183755251131
31412289451286017
40472112641641423
708588000000000000
615093750000000000
750008533318561
4099768014589536
612220032000000000
944784000000000000
688747536000000000
885735000000000000
830376562500000000
738112500000000000
885735000000000000
1028130165264385
820125000000000000
622782421875000000
133029992637977436
14749506381793141
688747536000000000
2849942299277569
117543939824261521
7703052379264243
820125000000000000
54407947175349769
