1000
67500
11149
64800
72000
58901
77760
87480
54000
77760
81000
52557
83581
32151
54000
94751
30147
53825
93312
56250
90000
57600
31726
67500
6498
77760
55996
54000
32253
60750
81000
71259
100000
93750
38809
74771
73773
91751
51840
48487
96929
54000
54000
97200
54081
50911
72000
39689
97200
54000
13553
56250
47441
97200
45985
90000
87480
63158
75000
73128
2101
37501
77760
95041
64800
54000
60750
5386
64800
67500
72000
60750
64549
54000
55665
72000
67500
72000
90000
67500
21193
81000
67043
94096
90000
75000
97200
81000
67500
76449
91429
72900
35631
60000
3385
36453
97200
36655
67500
42081
56503
90000
35878
97200
90000
13906
84569
90000
75000
67500
86018
41953
90000
10801
93750
77760
34241
53745
97641
72900
56250
99374
84375
90000
5481
86400
81000
51909
60000
86400
81000
81000
68057
97200
53655
81000
96345
2295
54000
81657
81000
50625
97200
51229
90000
91125
58529
83627
97031
43117
54000
97200
45717
71601
25953
28481
1976
30001
81000
18074
89109
29985
97200
66008
81000
31249
77760
70101
92577
97200
9337
97200
97200
23329
81000
54000
64800
23667
65175
50034
62500
99066
73909
67500
93750
23940
68387
53625
60750
67500
67182
83043
92336
80154
81000
93750
78625
54000
58320
67500
52482
54405
50755
92309
90000
42425
67081
67500
49756
81000
97200
10407
64800
75000
81000
95641
60000
98954
58320
77418
50625
94021
60750
4456
90000
73094
81000
39459
9763
51840
37751
81000
33111
98514
54000
87480
50625
60750
92054
60750
56722
64800
39337
40601
81000
64800
48933
97200
97200
64357
31372
18846
81000
81000
6937
79779
64800
81271
86400
9721
75000
72000
90000
77760
64800
81000
90000
81000
37481
60750
29209
67500
67500
37766
4913
82411
59489
31437
54000
29550
72900
65083
18511
97200
465
62060
60750
65283
67500
70375
65957
46245
54000
67500
72000
60750
90000
87480
54000
72000
81000
25523
67903
32175
91961
90000
67500
46166
10141
39841
40465
97200
14601
72000
97200
69805
56618
86776
55807
76831
11327
14201
65728
67500
97200
43108
60000
97200
90000
93750
11665
94109
15024
38661
81000
81143
81000
8341
7756
60750
30237
99067
15118
34279
56001
67500
1111
25425
72000
67500
47513
72900
53941
64800
72900
46205
7809
72000
87649
81000
16113
60750
17616
81000
8393
55096
54000
36975
86053
90000
75000
49993
72000
75000
38461
54000
67500
57561
98996
86400
86400
82041
64800
81723
79506
92251
90000
97200
66147
87353
93312
93312
67500
72900
45001
90000
14650
40027
64800
67500
60109
20146
58237
20509
98955
69049
37286
46028
95649
65821
67500
86400
22460
63201
26341
39811
81000
42605
53006
76800
60000
31076
46767
54000
84375
64800
39545
72000
81000
59072
69984
67500
44913
62339
63455
75000
72000
86400
81000
72900
70611
40353
90000
30465
71101
61049
86789
56250
81000
98961
72900
72000
90000
62241
97200
88529
81000
80176
54000
15194
97200
8801
27953
81000
54000
49961
97200
92161
72881
67500
86400
98950
63905
36240
54000
84375
90000
86328
4469
41193
99302
57785
97233
90000
93750
81000
97200
54675
76124
39641
43673
67500
18248
17451
30517
90000
50521
27111
90000
56849
11585
57600
48161
81000
72333
75000
72000
81000
40592
18247
97200
67500
56327
46484
53997
50625
9341
64676
56250
5007
81000
58320
81000
67500
82553
18777
22054
93750
90000
17000
87859
62500
90000
67665
93345
54000
67500
64800
54675
67500
66686
81000
55323
685
31065
81000
84049
83536
44179
24717
82685
91721
90000
89489
17221
93750
3159
54000
32085
84375
72000
67243
8469
64000
44143
90000
56928
87495
19378
81000
60750
75000
75652
72900
35873
2153
16571
93750
49161
33633
54000
86400
77401
13056
81000
77760
79102
15172
77760
24890
67500
98251
72000
75000
13056
60000
64800
74856
83788
56250
64800
61756
72900
8197
8801
76800
60000
31371
81000
81000
60750
91281
23660
79142
67500
8073
29109
60000
62500
60000
5816
45478
32941
67500
2265
72900
92289
67500
79745
60000
67905
71917
50761
90000
54000
62500
97200
83691
29713
17127
62296
86400
47637
10663
72000
5369
81916
97200
90000
58320
57600
51952
79329
81000
59251
67500
64800
58147
90000
72000
81000
47470
90000
90000
26509
67353
84375
81000
54000
90000
67500
7520
84493
80192
90000
81000
44025
86400
99691
69984
45739
2450
51605
60750
83197
81000
80000
67500
41267
66501
66541
93312
72900
72900
97200
81000
75000
71005
53757
11725
86400
90000
51840
85861
39452
72900
36721
36923
47062
99673
93750
81000
54000
82121
97200
78015
54555
27226
79206
27246
64800
84375
75000
67500
67500
81000
97200
14895
27285
90000
75696
26357
90000
98451
19481
86895
4294
31541
72900
67500
81000
94392
90649
54000
72000
56097
31046
72000
43763
64800
13227
81203
72657
67500
97200
43030
93473
22105
73539
43805
97200
81649
6205
81000
67500
69984
673
65541
72551
36556
35025
93281
81000
51025
13965
67500
20266
29965
98191
54000
81000
60750
59491
77760
33285
40934
90000
54000
93312
69120
60000
44117
3631
72900
63733
60750
54000
98902
22147
97200
49925
20089
18933
81000
81000
45712
30743
72900
90000
84105
75000
90000
81000
50625
64105
72163
51351
67500
31865
73533
81000
61206
73902
54000
97887
75000
90000
16641
55158
62500
97200
87480
81000
81123
35959
58024
90000
82799
33633
72900
86400
75402
25577
24481
64800
60000
58320
67500
90000
74125
90000
6258
74191
75000
77760
21769
67500
72000
78517
43801
3276
59373
10795
90000
48987
62121
56216
51049
54000
50176
27179
56250
86400
54000
90000
25149
69120
81000
37793
36069
72900
71439
56250
81000
82259
72000
67673
10803
95518
60830
90000
90000
49399
12961
81459
1168
72900
21505
72900
60548
100000
42590
90000
62078
78501
32701
77667
90000
42887
1
11009
81000
18476
57600
81000
54000
81000
97200
97200
34661
5336
81000
58320
50689
97200
39366
77760
64085
64114
64800
67500
98051
100000
90000
12222
59131
72000
5803
62120
34361
91125
72000
67500
81000
97200
87480
56250
72900
46405
64800
43751
97200
100000
25899
58320
14661
60750
15050
67500
1902
81000
81000
21128
102
81000
42609
13699
96638
75000
81000
32991
16449
96201
67500
93750
67500
28821
61173
91125
41745
77760
97200
54000
75961
64800
69377
77631
67500
88245
97200
56250
91842
77760
23745
95926
72900
81000
90000
69120
77760
72900
