1000
34783
81000
77760
72900
66627
97200
60000
97200
70701
41357
86400
90000
82800
75000
5418
59751
56250
97200
13417
98891
56594
66931
26337
99290
97200
83707
87151
73651
81000
67500
97200
90000
2198
84375
54000
81000
54000
54000
52488
67500
72545
11281
57600
8751
7987
8070
67500
97200
81000
97628
56250
90000
60000
97200
81000
54000
60000
7706
81000
24733
69051
15701
10959
59911
66405
55656
81000
64800
10495
67500
71441
81325
58320
81000
1353
3351
78753
81000
87625
77793
60576
97200
90000
84224
97200
63139
22241
6906
51840
72900
67500
90000
18137
72000
56277
79361
90000
17145
54000
67500
54000
81000
20495
61521
33637
99809
13333
62929
60000
1236
72424
78511
60750
56001
33493
29479
70623
93312
54000
60000
28721
56250
54000
86400
90729
45601
98081
26622
22113
75047
60750
1831
38856
90000
90000
54000
72000
21374
80575
75009
90000
90000
87538
87480
62765
67500
22121
9145
67500
90000
56250
54000
64800
72900
90000
97200
11141
70450
72865
16286
86400
81000
6396
75000
100000
67500
88024
28366
75000
66536
80811
69969
60065
53336
60750
81000
64386
81000
2329
76189
67500
86897
81000
46561
44043
90000
90000
34743
4672
54000
40839
90000
15055
92976
90000
90000
37286
58294
72861
60750
52966
76356
67500
98477
86400
38985
76319
29173
72926
63253
47731
56250
30101
49791
88798
33241
27626
54000
9501
67500
56321
97200
54000
48369
8627
67500
16291
81000
67500
64465
100000
82049
90000
72000
53262
90000
35864
84375
72900
90000
72000
12240
16157
95348
16383
23884
54000
40985
56250
93333
93750
72900
90000
40943
87480
90000
90000
26467
72900
81000
85521
81000
72000
36632
95241
64401
99746
19463
72000
97200
72000
81000
56250
85701
27113
84375
30289
42656
67500
45185
70821
60191
6202
19163
59351
60470
90000
28846
67500
54000
28978
826
61391
54000
81000
8029
46548
59711
86400
66337
67500
50625
75229
64800
90000
75000
95649
99981
81000
64985
3577
90000
90000
97200
93007
86041
13825
56250
56250
75171
75000
64800
81000
90000
100000
67500
81000
60750
68745
81000
79815
72000
54000
15861
7547
17208
64800
87237
78791
81000
83677
46601
54000
72000
95442
54000
72000
89801
54000
22251
90000
23945
34998
67500
15892
78732
49140
20481
37873
67500
8313
20557
85813
28541
40233
81000
67500
46247
66153
9553
54000
29343
86400
44777
54741
38276
81000
49361
69120
75000
54000
60750
90000
88025
96000
97200
5771
68547
4
51803
83413
75000
28891
31961
81000
58320
97200
90000
49057
13703
87480
89642
64800
15494
67500
64977
60750
54000
90000
67500
91125
47372
89441
22844
37638
35969
31767
60000
65201
67500
90000
47201
78666
90000
21947
97200
26736
98415
97960
81000
90000
91545
29733
98353
72000
65843
67500
4185
67500
62301
1103
43465
86400
7863
81867
64800
60000
81000
86400
60750
69103
67500
47121
81000
61586
71046
59921
72900
87480
77760
93750
76956
99675
72900
97200
81000
81169
60750
54000
77760
89569
19652
74017
99965
90000
59653
58320
77760
97200
81000
24149
90359
27218
10335
64800
52205
863
81000
54000
81000
75000
90000
498
30241
35309
10981
90000
97200
81000
81000
89641
92786
3693
81000
67500
81000
86285
3561
43027
67500
9521
46545
41876
56250
90000
67126
54000
4511
84375
84375
96001
4270
90000
46805
60750
88886
67500
1585
68921
40693
10809
42639
18395
95441
72000
81000
96624
54000
90508
90000
24786
54000
22625
89218
54000
23777
77749
54000
97200
51564
90000
50573
81000
39101
92681
77149
81000
86400
81000
34769
56250
78987
75000
81069
96707
96000
25877
90000
90000
90000
1901
87480
64800
89973
38095
50107
53469
81000
81000
76329
18773
63601
39617
28920
71621
60000
95394
73169
2621
97200
61656
81000
19273
50625
95381
93937
60750
78081
97200
51840
6865
81000
60000
64800
55711
52443
44842
75000
72514
79129
97200
56250
95956
16455
28109
87480
72000
86790
927
96752
42994
90000
69984
63961
81000
100000
64800
44826
43769
59551
78697
81000
83521
6261
72000
30348
54000
50625
88171
97200
81000
93750
56001
58320
1106
81000
50082
56250
49401
90000
49384
54000
96382
81000
51431
11815
97200
28203
90000
4123
9626
58320
54000
56250
90000
88222
67500
5770
67500
61601
29629
90000
75000
8841
64800
54000
28889
71996
150
84375
75000
38261
56471
75000
74379
67500
84449
60750
67500
91125
60000
86400
90000
77760
58320
57489
97200
6225
60750
97200
93262
11493
14311
35261
78529
72000
56326
86400
48343
45355
80000
9449
58620
54000
28807
75000
41811
16041
96901
67500
64800
81000
81000
81000
67500
67500
97200
93750
20423
8107
78515
2541
97200
81000
88366
93977
80929
21433
60750
27201
87480
90000
22673
72306
88568
55515
91131
70387
18677
97984
97200
64800
52436
64800
54000
60000
81000
47029
76717
94512
62281
81000
55083
86400
55697
46364
90000
99385
423
96438
3819
58801
54000
69651
51929
97200
86400
98701
56250
45429
67500
81000
78161
53385
80000
65137
54000
65589
81000
64240
54000
91805
26584
69120
13267
54577
72000
69984
92593
58320
97200
90673
81000
67500
80645
54148
97200
100000
21565
75000
39159
47866
35383
64800
97200
77191
95905
93750
67500
97200
77760
28925
75000
92594
76351
81000
97200
78301
39386
20941
35497
39215
65841
75086
56668
60973
76881
52488
81000
85676
10825
30821
66191
90000
30249
86790
72000
72000
35220
10171
54000
58320
64800
10133
93750
90000
52896
60000
54000
64769
76343
66251
60000
90000
54000
81000
91125
8239
54805
91125
55401
45121
44573
25637
51840
60750
62733
72000
93312
81000
98081
60750
64173
60750
98512
64800
47426
81000
67633
57045
67500
81000
97917
87480
98841
5981
97200
81000
41774
73449
71728
57600
97200
86400
54456
49993
42717
44654
1
10937
90000
93750
97200
86400
97200
96748
84821
14497
97200
99816
60543
15765
97200
36833
82547
90000
16717
47841
67500
20969
72900
67161
54000
90000
56250
38640
78363
67500
58320
81147
75236
59489
56250
35345
89844
81000
1643
72000
67500
62500
81000
72365
49793
27566
65610
97200
2248
75191
86400
54000
98913
80929
97200
72000
62500
60750
81000
15814
64800
32847
40361
63949
72900
61385
83920
82463
53841
31865
77605
81000
1441
73029
90000
20051
51840
31881
56250
67500
89311
95329
90000
56571
60750
59936
45011
5082
72900
93312
77760
55540
