1000
30380231133584641
6085873223471273
797161500000000000
24236684355057121
861099008565601
979552051200000000
10699483843395073
389315469328633
5002392306603901
85178043168493705
573956280000000000
807126018750000000
830376562500000000
524880000000000000
531441000000000000
61156144340628481
8199947093179177
503884800000000000
2827028258505001
934173632812500000
96000344360808361
528958107648000000
17809235652710251
325677374726318821
996451875000000000
8444028006101026
984150000000000000
16820445362560802
436966969806935275
17553254697078881
984150000000000000
6647333513140001
305020872108467153
446921216666530913
136296368040626353
738112500000000000
797161500000000000
145989740613162349
2930509219888261
637729200000000000
83282921855946289
569531250000000000
8738439462078041
612220032000000000
2941465050756961
850305600000000000
5316144678822913
16622096539509001
797161500000000000
8989109694857761
32101282706923441
885735000000000000
968551222500000000
518985351562500000
42836575587345673
31451726001074401
36440595177316801
39604956235735801
830376562500000000
469686723042952801
512578125000000000
653034700800000000
850305600000000000
830376562500000000
36158396611681
135134487606209617
6745262731086001
699840000000000000
7038502155366301
929809173600000000
918330048000000000
590490000000000000
51327521587713281
89240426187548833
2691256077146881
911250000000000000
885735000000000000
1657711711180873
47613642530032801
37814485226086363
161096147828040801
531441000000000000
330897858687901
109299647452216321
991796451840000000
850305600000000000
850305600000000000
256953368779799521
3454479119144551
918330048000000000
860934420000000000
996451875000000000
656100000000000000
597871125000000000
23190540464768041
944784000000000000
283631475027003321
637729200000000000
8286150804751
9496572030257313
2018359429369099
191709218313202276
734664038400000000
918330048000000000
171068335638216601
612220032000000000
99000597968819905
747338906250000000
3471877250117521
816293376000000000
637729200000000000
881596846080000000
839808000000000000
664301250000000000
52582745260078801
956593800000000000
944784000000000000
288909334081764001
53413889391658001
797161500000000000
177052043125494433
1068084594743185
561597398408635777
10306459251683911
4033435160874001
699840000000000000
885735000000000000
738112500000000000
765275040000000000
226910050506289921
57396046668857065
2772868022260561
30510771804840601
7910625012651145
797161500000000000
996451875000000000
1428752156631411
101782488689377021
38421498344120893
2130240419853625
615093750000000000
40533214043140001
13876817372559361
560504179687500000
560504179687500000
531441000000000000
152629258782730381
956593800000000000
18303227532365713
72091877090233771
50069136581619793
207347738318259001
956593800000000000
192118022150211851
688747536000000000
820125000000000000
85177998071771151
619872782400000000
738112500000000000
9986740138838053
787320000000000000
944784000000000000
7531635222633601
656100000000000000
8120938868755921
820125000000000000
765275040000000000
27394904009093611
71186889593223361
885735000000000000
12889152579099097
40144431082540681
944784000000000000
797161500000000000
1683547840486681
53724749905332001
664301250000000000
1654748999133241
159218807932801
6945397671846617
37325806233758827
45791486191954801
807126018750000000
738112500000000000
629856000000000000
661197634560000000
510183360000000000
21714461326154323
871696100250000000
58426031916633601
262688390914614001
266931165777971341
145413955575067290
922640625000000000
152101784159614081
816293376000000000
850305600000000000
777600000000000000
13995816810153751
637729200000000000
691980468750000000
44686383094081
850305600000000000
28523640630020941
885735000000000000
3188328900921361
8274636575502715
28679393926724217
755827200000000000
76216497100366273
885735000000000000
895795200000000000
130090262421060481
717445350000000000
512578125000000000
797161500000000000
7012123551137089
664301250000000000
996451875000000000
7604315236002241
816293376000000000
850305600000000000
23091968519420221
21111015243384337
553584375000000000
573956280000000000
510183360000000000
637729200000000000
688747536000000000
148537338389728156
52145439610799833
1214672734383291
546750000000000000
44635447448100676
9166245798769984
531441000000000000
24943476635874721
353520972772381
797161500000000000
354443199610193
918330048000000000
2991717427976341
680244480000000000
31461775348960573
738112500000000000
615093750000000000
205029165851550041
826497043200000000
738112500000000000
956593800000000000
708588000000000000
691980468750000000
44900922885887359
33158262809172565
403089444353716385
16099207398483595
120769916308272001
99791371648683265
708588000000000000
991796451840000000
105376724983801
653034700800000000
111818255169308689
664301250000000000
664301250000000000
566870400000000000
656100000000000000
11615813925297985
1316161373351881
41253401085153115
85746778510776696
70809907669674601
996451875000000000
784526490225000000
531441000000000000
30581245726972801
259509408196374001
61214881574732481
524880000000000000
544195584000000000
708588000000000000
6075229828113601
743847338880000000
656100000000000000
645700815000000000
10893498545542726
79086618008006941
619872782400000000
765275040000000000
20882312754788893
590490000000000000
961083984375000000
168018824986324201
189965499557626297
850305600000000000
864975585937500000
303139018324890001
850305600000000000
4629145241628681
820125000000000000
765275040000000000
56525284382292993
59151344644930561
4204583786321101
783641640960000000
75755271583712241
10771312718835241
100834362943436109
972000000000000000
590490000000000000
664301250000000000
241290962339232961
918330048000000000
5391767324124091
37537408329730201
850305600000000000
7081034696575841
929809173600000000
566870400000000000
816293376000000000
553584375000000000
43195588543781169
1290523496492161
830376562500000000
816293376000000000
124626885430192181
133551074813916817
830376562500000000
553584375000000000
94941273006441001
5651440592487001
566870400000000000
854296875000000000
468189905724155044
797161500000000000
934173632812500000
524880000000000000
13874265726928174
3567976643919601
17890278782220601
46950933095803873
699136942033237555
87328711307218321
52859402462818945
5084507004541201
738112500000000000
615093750000000000
405181858089640993
645700815000000000
885735000000000000
109344905977366081
81392662385070817
76588393609728001
854296875000000000
304465424728081
560504179687500000
708588000000000000
145475550242131663
830376562500000000
922640625000000000
8299042994304529
944784000000000000
984150000000000000
956593800000000000
94424590029793393
787320000000000000
885735000000000000
765275040000000000
668531256153761
896806687500000000
146983473078001
885735000000000000
531441000000000000
637729200000000000
717445350000000000
114204140533977751
637729200000000000
708588000000000000
704071687401255
864975585937500000
820125000000000000
89564466682446471
399471432556884865
15483370266977185
106663195609042177
906992640000000000
19196782786155521
269286316489809061
3372364467017281
108385739789976391
115160411429683201
1999974075868081
881596846080000000
120634520075696341
816293376000000000
885735000000000000
656100000000000000
961083984375000000
3548889005285401
125014539156913459
573956280000000000
22687627297091329
725594112000000000
334693184013266353
263106587563419601
17269093515247561
51051204354954601
203356840873127761
9527691964656481
164656506989939377
50394708623903876
839808000000000000
664301250000000000
234530654477067445
944784000000000000
19050320270957641
622782421875000000
105017656934799101
830376562500000000
50456906593693057
984150000000000000
550998028800000000
807126018750000000
956593800000000000
512578125000000000
117471531534372401
612220032000000000
25271339292059041
653034700800000000
683437500000000000
51767562576219281
512578125000000000
69435366293335281
830376562500000000
149423333562799381
615093750000000000
95802643483050001
918330048000000000
622782421875000000
550998028800000000
933017945399233
1159610926874401
597871125000000000
576650390625000000
904215453275857
557885504160000000
222537574528513
708588000000000000
42503820018357101
12455463956811193
41147794681165873
15666308616968641
672605015625000000
3817895104058881
108843833768640403
41537414433538306
2060240652408961
880950112498149
9820393889453191
922640625000000000
874800000000000000
787320000000000000
8066806497098497
4250736622918657
560504179687500000
830376562500000000
590490000000000000
717445350000000000
17066018088262781
612220032000000000
261413777629310761
787320000000000000
121455584571475001
5488438729625281
896806687500000000
860934420000000000
546750000000000000
637729200000000000
14382019037856705
15142170782380951
860934420000000000
407213632425601
61802148885369985
850305600000000000
715852858026991
7621848859490776
3858130170883846
272932834895513545
131118006249099169
15911794436178286
244829762793842401
531441000000000000
765275040000000000
896806687500000000
66246663981673517
500759765138621782
531441000000000000
531441000000000000
629856000000000000
110063331806023345
765275040000000000
42543847975509361
212272236124264009
956593800000000000
231266807442145729
688747536000000000
137505027170558755
241190550428700441
581130733500000000
653034700800000000
590490000000000000
262209125481493051
531441000000000000
159560814888627231
69604218211938026
182935136662699201
41566540683654001
461324249341753981
708588000000000000
637729200000000000
12018542372118703
245608287822712501
787320000000000000
12201121477237057
2784397416866209
944784000000000000
38018260635292741
18619418779927681
656100000000000000
120329626878768529
43914929329119409
850305600000000000
306476799472851841
7070987052936951
550998028800000000
148265738352719233
10389537282053161
15935243385872161
42969522058003201
4755754604999233
984150000000000000
531441000000000000
929809173600000000
774840978000000000
7284276676683931
820125000000000000
106585229886791041
664301250000000000
5765855470244101
343882207700324353
2338264438855801
3509817214436235
820125000000000000
820125000000000000
1976536034102521
984150000000000000
7490655466905601
28661835234001201
512578125000000000
1717534888065025
16367969105106501
393596806533121
77998685443022881
961083984375000000
826497043200000000
93385112373335553
531441000000000000
48682046388168001
30353406714601489
944784000000000000
725594112000000000
42030042187519261
55895810584583503
516560652000000000
874800000000000000
62990294791522561
615093750000000000
797161500000000000
874800000000000000
747338906250000000
531441000000000000
97206074489829601
765275040000000000
922640625000000000
979552051200000000
308932890867482491
765275040000000000
19665223462501
56325890110426525
956593800000000000
12113012735029801
850305600000000000
17056841849912701
28882449390193081
590490000000000000
51281544046099501
273901537338129016
45505074335632381
172813708411471303
8322107876363841
778478027343750000
597871125000000000
29185825927265281
2356127751308293
58493729265664001
597871125000000000
2502139879140661
5876773830430273
106024535926751541
860934420000000000
664301250000000000
885735000000000000
896806687500000000
800903320312500000
52263070935601
58378960647361
896806687500000000
991796451840000000
15152874504919561
27455343779747971
590490000000000000
4335472848458384
33026802765565841
797161500000000000
765275040000000000
590490000000000000
60029566796663101
98388874673916373
725594112000000000
70556966313175681
92235234706274521
859963392000000000
922640625000000000
9352765254854737
510183360000000000
991796451840000000
688747536000000000
13676861729296641
531441000000000000
996451875000000000
3798278014171096
996451875000000000
8603326041847201
797161500000000000
15412506672571921
113444079196143697
738112500000000000
52955341184668453
63012722286536961
45301402365190951
759375000000000000
524880000000000000
816293376000000000
922640625000000000
6312150838790097
566870400000000000
4209570523631617
850868365834081
590490000000000000
20441178706786801
765275040000000000
221423647853073537
860934420000000000
922640625000000000
797161500000000000
91496299513841377
922640625000000000
956593800000000000
595077871104000000
944784000000000000
918330048000000000
384493779774318061
20739448037450881
797161500000000000
683437500000000000
15864122120306881
339899448052808155
885735000000000000
12775985703281051
553584375000000000
114433669385135101
896806687500000000
22509125722728001
556787895678533227
612220032000000000
249758655535992121
52913306270327569
30829729759644817
1839104640339121
546750000000000000
6139732552199401
82010886906364417
595077871104000000
71788236952740869
860934420000000000
164599802896666001
680244480000000000
61471969181693569
205988878391422897
672605015625000000
530568891723676
830376562500000000
708588000000000000
797161500000000000
797161500000000000
637729200000000000
544195584000000000
8787430593000001
192833654344864401
538084012500000000
33498761448510359
787320000000000000
348992710297660801
524880000000000000
19266515971007681
126075906642963421
102280736202226777
826497043200000000
77622599474567816
546750000000000000
7255320851706733
940369969152000000
787320000000000000
984150000000000000
98184645132207271
787320000000000000
15590361115823041
167333996095057
850305600000000000
41622817693071105
518985351562500000
15288499353088513
132894010097662501
797161500000000000
956593800000000000
944784000000000000
738112500000000000
397731319403811
137095242115978681
885735000000000000
538084012500000000
747338906250000000
979552051200000000
708588000000000000
996451875000000000
217879978837151071
95381398556438401
637729200000000000
576650390625000000
24831914919457
787320000000000000
979552051200000000
11275055484734251
573956280000000000
538084012500000000
25324091207166295
7609802864231041
8217054100437697
774840978000000000
151846268969550689
15437316217842856
1053728878673665
560504179687500000
544195584000000000
23854792417717801
112559623042728961
2583507244875481
1288638611843617
222253762217017
314670776229930401
984150000000000000
984150000000000000
553584375000000000
286869923215236817
9449236645516561
830376562500000000
3935555246012161
197871138506796301
211962028957769665
984150000000000000
871696100250000000
85722208650001
4554032982167809
428353879062544
43553879096804401
573956280000000000
680244480000000000
797161500000000000
11550003969565426
637729200000000000
125798161126809601
138461592686159905
885735000000000000
55598012741809711
629856000000000000
922640625000000000
71851612388325001
826497043200000000
533935546875000000
114339266673465601
18217952027870761
47170936609798401
807126018750000000
738112500000000000
797161500000000000
820125000000000000
996451875000000000
573956280000000000
850305600000000000
168380166592108801
2879826833961601
590490000000000000
755827200000000000
204253056012391786
850305600000000000
531441000000000000
54131022483467761
991796451840000000
36874215370693801
706073841202500000
25013549756682961
553584375000000000
906992640000000000
604661760000000000
10895878477441
531441000000000000
19387713643673041
38474510650664581
73292649051575251
645700815000000000
140295303573482935
691980468750000000
573956280000000000
637729200000000000
66490963745187073
28350493556885501
347920251818778001
40576183187059521
97841087732592847
8256560211036607
546750000000000000
680244480000000000
984150000000000000
839808000000000000
956593800000000000
13572451724478583
738112500000000000
1279417437043201
664301250000000000
956593800000000000
68167956445102801
34384261660297033
738112500000000000
691980468750000000
252548448922721329
510183360000000000
365255773649927169
82603068583875841
755827200000000000
944784000000000000
664301250000000000
949218750000000000
708588000000000000
141475681336476161
979552051200000000
896806687500000000
708588000000000000
289674578541041
20553997242470581
22391674865278401
583200000000000000
830376562500000000
6908623066324981
183610357766158681
765275040000000000
41574954262612501
7569408070944001
12185828410579201
656100000000000000
664301250000000000
20061910850170309
738112500000000000
637729200000000000
1800081977972251
303886074537861201
664301250000000000
16676780499817426
58702141346457511
664301250000000000
984150000000000000
88880168383036801
753145430616000000
512578125000000000
12957651543218031
729000000000000000
41349816313619437
4918243030616241
885735000000000000
58842009256132691
664301250000000000
615093750000000000
5738587999685983
708588000000000000
123496843061233
615093750000000000
699840000000000000
896806687500000000
122693257316315323
44956294855542253
524880000000000000
717445350000000000
531441000000000000
38461841292232081
708588000000000000
3636777316852063
146315965569871987
944784000000000000
820125000000000000
850305600000000000
130811452959725713
944784000000000000
20678618523910465
664301250000000000
41970017894632129
918330048000000000
7655085769508017
512578125000000000
531441000000000000
38183428171023031
711914062500000000
54581282176277
210268603460158101
12029335698050713
18707446281618658
4063133945947869
27524130296967361
13918317468990481
1800982778702017
86215029179070401
922640625000000000
984150000000000000
590490000000000000
765275040000000000
850305600000000000
211835478010304
123009219637324021
34039629796642345
18214969130179921
103186178354269501
637729200000000000
2904430586341761
747338906250000000
3952001231092993
612220032000000000
2814369837383556
71368216182641
576650390625000000
664301250000000000
93184630619628841
688747536000000000
538084012500000000
637729200000000000
860934420000000000
265635284311349081
688747536000000000
826497043200000000
9835446661829377
622782421875000000
664301250000000000
8588770753815715
968551222500000000
15483940239510145
797161500000000000
531441000000000000
204500118839025601
839808000000000000
787320000000000000
738112500000000000
3498385832301361
77355389742637501
765275040000000000
816293376000000000
830376562500000000
34685714806284801
7069925046170449
553584375000000000
192778231318080622
640722656250000000
1461385876577953
15107317217845465
27017013072235201
874800000000000000
765275040000000000
13393964834512501
40776118741687297
163724174359201
5745645587941876
688747536000000000
19990896539938561
516560652000000000
