100 464765999
4304 4469
419 256
640 3646
290 4818
3362 728
4714 3015
3049 4696
1930 2611
1334 2011
2637 2623
2787 4028
106 131
2649 4533
2799 4510
4623 2659
2379 4692
1597 1067
671 3493
1939 2791
386 905
3345 3488
2429 3722
4367 4655
4457 4925
41 2043
2847 2776
866 1281
3334 2586
3033 3298
2048 1662
2558 4419
4999 4537
3542 2318
1448 4858
4752 796
3665 4913
771 3696
3833 826
3093 1992
4365 2216
1284 4679
263 4811
1352 2158
132 2816
883 1182
203 1922
2412 2264
4109 4972
2875 934
4481 2795
2029 4862
1191 3780
1378 4557
4131 1580
678 2596
307 706
4824 4277
3034 2867
1463 2285
2796 971
1690 1755
334 1897
1329 3333
3403 2338
1873 2642
2525 2644
712 3635
81 4519
4551 949
2246 1781
3655 2006
4215 2132
2765 167
1829 3836
792 2995
4859 2503
4133 2190
4587 3146
287 4627
2406 2987
2679 1703
3160 2490
80 760
312 2996
4159 1662
3192 295
1586 4784
3016 202
2532 4689
4554 267
1168 2833
2274 4383
4760 1839
2905 622
4867 2105
1822 136
3260 4472
4332 3659
208 1791
991 4632
