100 827931424
20 19
1 12
27 33
8 41
27 38
44 32
39 19
11 10
45 27
3 36
13 37
33 6
18 42
42 31
20 1
3 49
15 40
2 9
8 39
35 22
22 13
33 37
4 4
29 35
49 32
6 26
35 13
24 47
48 14
36 42
2 44
41 12
29 48
23 32
12 33
25 44
34 6
26 50
16 43
11 29
30 38
1 4
25 14
15 50
49 24
16 17
48 45
34 32
46 12
9 39
35 49
8 27
45 29
29 42
27 5
45 17
43 42
26 4
38 4
46 9
46 7
39 24
21 45
18 12
30 1
5 8
38 16
36 30
41 45
29 42
3 21
22 25
27 4
26 34
17 23
14 2
16 43
46 45
5 30
45 16
26 42
22 43
32 5
31 29
10 11
11 14
16 6
14 20
25 14
33 37
18 48
49 49
4 10
29 32
17 39
2 45
1 36
3 24
48 7
18 46
