100 994891307
39 40
20 48
39 46
19 11
21 42
42 3
35 22
44 41
9 4
22 2
8 7
21 36
22 47
32 25
15 12
39 2
27 6
35 8
35 12
29 44
16 46
29 43
5 6
43 2
13 4
49 35
48 2
15 17
32 22
13 47
47 42
25 15
38 1
1 33
40 30
22 3
30 26
13 9
16 50
23 30
40 33
6 7
28 3
42 39
3 7
28 25
22 22
42 12
20 2
35 31
25 9
2 35
34 13
9 38
22 40
16 11
35 9
34 22
25 7
5 48
42 9
42 50
8 13
6 1
7 38
22 50
33 29
15 22
23 42
19 9
2 9
45 23
23 38
21 48
50 23
42 27
29 6
17 19
27 29
18 9
23 2
45 3
28 44
49 20
4 2
47 6
13 32
16 20
6 46
26 26
49 32
9 36
16 13
47 44
10 38
26 17
33 40
22 40
18 39
10 18
