100 183972628
338 67
356 103
280 434
179 19
473 440
40 496
2 30
497 120
470 49
386 98
375 232
317 123
74 482
137 494
427 389
9 418
471 324
231 181
409 448
263 364
3 297
83 282
389 405
26 455
268 187
135 287
436 366
392 242
21 78
359 2
326 333
367 105
244 408
422 118
290 180
87 498
470 314
195 480
2 105
74 64
232 110
204 21
83 30
196 237
74 314
122 281
149 385
225 353
307 330
341 85
421 470
278 338
160 359
320 59
310 7
198 2
9 305
233 395
493 297
17 131
357 164
471 413
351 406
463 241
241 32
127 68
490 24
464 213
67 336
192 245
294 117
172 232
337 366
56 341
98 456
330 305
98 429
495 429
363 326
396 28
104 374
420 216
189 206
413 10
430 454
398 322
435 371
331 243
210 56
83 107
453 282
85 366
287 405
333 379
375 355
61 5
391 66
468 126
42 470
131 65
