100 100 100 100
1 74 59
1 7 46
0 23 41
1 67 93
0 56 5
0 14 46
1 57 82
0 41 74
0 41 72
0 48 91
1 7 53
0 84 63
0 70 79
1 58 62
1 33 54
1 90 68
1 15 54
1 7 46
1 10 51
0 48 71
0 66 58
0 41 41
1 78 62
1 55 28
0 95 90
1 67 91
1 73 5
1 75 12
1 45 34
0 34 48
1 33 65
1 13 67
1 38 55
1 67 29
1 3 62
0 63 50
1 45 25
0 48 54
0 74 59
0 50 10
0 84 28
1 73 26
0 82 85
0 63 1
1 100 43
1 85 89
0 3 96
0 80 18
1 8 77
1 89 70
1 100 67
1 81 35
0 6 50
1 36 7
0 42 76
1 61 36
1 6 60
0 25 41
1 60 63
1 70 51
0 73 17
1 89 27
1 21 24
0 73 35
1 6 68
1 93 67
1 64 57
1 64 43
1 46 42
0 47 32
1 31 13
1 66 16
0 70 24
1 2 82
1 43 30
1 28 92
1 52 70
0 35 91
0 34 38
0 81 79
0 77 74
1 49 73
0 71 36
0 10 89
1 6 25
1 1 92
0 41 48
0 33 90
0 45 22
0 35 93
1 85 37
1 90 72
0 55 97
1 24 83
1 46 90
0 59 7
0 62 10
1 53 73
1 62 11
0 87 14
