100 100 100 100
1 48 31
1 35 65
0 67 1
0 84 63
0 14 2
1 51 60
1 58 31
1 35 27
1 25 6
1 12 94
1 67 99
0 4 96
1 40 32
0 91 11
1 41 9
0 42 91
1 54 45
1 71 98
1 24 42
1 35 50
0 70 15
0 1 38
1 64 60
1 100 61
1 47 24
1 10 3
0 8 11
0 92 31
1 88 10
1 19 46
1 87 40
1 67 64
0 76 40
0 92 4
0 38 26
1 65 1
0 58 95
1 8 75
0 31 5
1 59 32
0 65 37
0 52 21
1 61 51
0 51 57
0 71 95
0 59 65
0 8 4
1 3 88
1 22 45
1 5 67
0 62 37
1 92 88
0 70 99
1 63 88
1 90 59
0 84 75
0 48 25
1 6 51
1 28 17
0 63 3
1 90 58
0 75 75
1 33 59
0 49 25
0 9 57
0 54 9
1 93 45
1 36 56
1 68 64
1 2 31
0 71 60
0 24 21
1 30 94
1 75 68
0 64 51
0 99 97
0 42 63
1 5 94
1 31 33
1 98 27
0 89 1
1 85 71
0 7 61
0 31 51
1 96 93
0 6 72
1 54 63
1 38 26
1 7 27
1 66 88
1 77 18
1 26 63
1 38 99
0 73 99
1 64 85
0 36 57
0 66 46
0 17 4
1 63 93
1 90 34
