100 100 100 100
1 9 87
0 3 88
1 21 75
0 35 43
1 54 45
0 30 68
0 73 67
1 15 30
1 23 27
0 21 83
0 10 13
1 17 45
1 81 97
0 18 88
1 4 60
1 46 36
0 58 11
0 16 9
1 16 63
0 44 57
0 12 8
0 97 81
0 15 42
0 37 62
0 30 6
1 13 10
1 14 29
0 70 11
0 42 43
1 2 54
0 1 23
1 18 85
1 73 38
1 88 87
1 62 91
1 16 34
0 83 65
1 51 20
0 43 50
0 72 10
1 4 38
1 7 35
0 46 56
0 64 14
1 68 21
0 36 36
1 80 28
1 90 83
0 94 85
0 95 36
1 45 20
0 97 73
0 35 79
0 31 66
1 23 66
1 13 97
1 90 37
0 95 88
0 53 72
0 15 72
0 82 92
0 47 26
0 9 3
0 9 70
0 48 79
0 42 27
1 76 51
0 34 66
1 41 72
0 35 96
0 78 69
0 5 42
1 47 69
0 36 38
1 46 41
1 59 94
1 31 73
1 59 62
0 83 37
1 57 40
0 41 5
0 77 75
0 40 58
0 75 75
0 88 60
0 92 83
0 32 82
1 10 76
0 40 14
0 63 66
1 88 25
0 17 16
1 74 13
0 89 20
1 81 48
1 55 96
0 14 64
1 87 24
1 17 28
0 10 98
