5000 5000 5000 5000
0 1866 3989
1 3867 4505
0 3570 1207
0 4183 4270
0 2798 3981
1 990 3268
1 1551 2581
0 1005 4508
0 2498 3626
0 631 2591
0 3050 2648
1 1167 3170
0 59 888
0 1676 3436
0 2541 532
1 2606 3753
0 1563 111
0 428 109
1 1194 2197
1 4375 1251
0 2726 8
1 4338 131
0 1064 3165
0 4801 947
0 4114 1630
1 617 645
1 560 1491
0 2675 4881
1 214 704
0 3793 915
0 4377 4361
0 4979 3392
0 3072 3116
1 1321 890
0 400 1661
0 2305 2954
0 2237 4198
1 4622 4690
1 4371 4515
0 2686 445
0 2404 2722
1 4292 846
1 432 3200
1 976 1415
1 2140 2406
0 610 2451
1 120 1298
1 231 1063
0 2295 3636
0 2475 2355
0 3313 2167
1 2661 4517
0 1862 2022
1 4442 1819
0 3756 4604
1 610 4133
0 4981 2676
1 4214 4108
1 4379 3247
0 4357 1919
1 2385 1098
0 1495 455
1 2278 4423
1 2458 3130
1 4817 1989
1 4399 3899
0 1231 1914
0 1305 897
1 1274 696
1 1029 2083
1 2788 2824
0 635 718
0 1135 4682
0 2398 219
1 2205 151
0 235 3957
1 4168 4123
1 941 866
0 790 3414
0 978 523
1 433 1943
1 3629 470
1 4150 2334
0 3947 1920
1 1582 1778
1 1077 2323
1 1384 2581
1 769 3234
0 197 789
1 2915 1821
0 1321 1381
0 1054 4187
0 3595 808
1 4476 3120
0 3618 2685
1 2847 1029
0 971 457
1 324 1549
0 816 2295
1 3748 644
0 2076 4844
1 1113 183
1 322 3811
0 1404 4101
1 2217 35
0 1101 2774
1 730 4802
1 4664 2261
0 3022 1760
0 100 1987
1 2966 2829
1 2686 1043
1 1505 816
1 242 140
0 3248 4015
1 2218 4578
0 2519 3923
1 545 3090
1 3533 2273
0 3985 4105
0 3560 1586
1 1154 1601
0 4922 4037
0 3518 4269
1 2804 1913
1 4722 4775
1 2565 1517
0 1361 1697
0 3183 238
1 2343 3359
0 4026 2884
0 1196 4659
1 3738 2336
1 2652 1079
1 3155 3221
1 4688 3530
0 1955 1179
0 4809 2080
1 1253 2675
0 48 567
1 280 4827
1 3463 3701
0 3265 3866
1 2412 3465
1 1047 144
0 2458 4720
1 3040 2749
0 3218 1388
0 536 4129
1 4864 1848
0 1289 3383
1 4248 2299
0 2183 4788
1 546 4999
0 4375 1878
1 3101 3061
0 900 1357
1 4928 3098
1 1485 1652
1 1896 1670
1 4180 2693
0 4194 3121
0 317 208
1 4649 4342
1 2821 1053
1 828 4746
1 49 789
1 4936 1639
0 2733 692
0 3955 440
1 1377 1274
0 2771 1962
1 3908 3326
0 3277 1785
1 4806 907
1 3660 555
1 2906 2757
1 910 135
0 3308 3822
1 1594 630
0 2355 4092
0 152 286
1 2782 1752
1 3694 4760
1 3722 2522
0 339 2303
0 3454 3712
1 3449 306
0 3466 500
1 2430 1964
1 1484 3892
1 3101 4947
0 4468 3822
0 1708 60
0 2569 12
1 4098 477
1 2277 972
0 3235 744
0 196 2925
1 811 218
0 2479 3020
0 2225 3358
1 3819 1783
0 2048 2312
0 4338 1583
1 1432 2134
1 2213 1704
1 4685 1474
1 4780 1128
0 20 4979
1 3958 3434
1 4290 2287
0 4926 3764
0 4939 1371
0 1572 3283
0 1980 896
1 1376 4323
1 1964 4769
0 3826 3100
1 3813 3526
1 247 2798
0 1436 1522
1 2938 2405
1 2304 1921
1 93 2570
1 669 439
0 3247 1719
1 1208 1624
0 2522 2556
0 1568 3754
1 4826 2794
0 1890 3525
1 2968 21
0 2100 3379
1 1421 2368
0 2160 255
0 3396 1648
1 4991 228
0 3846 3538
1 2423 3381
1 2139 2370
1 774 4883
1 14 4770
1 1083 3497
1 3826 1353
1 2928 4263
0 490 4481
1 2442 4275
1 1659 4369
0 647 3462
0 1736 2818
0 4575 3015
1 1220 4963
0 3562 350
0 4957 1422
1 3280 2680
1 3720 4215
1 1189 4258
1 4398 4506
1 4403 4654
1 363 2292
1 1002 1879
0 605 1934
0 268 2206
1 450 3190
0 4853 1782
1 4374 2648
1 3522 1048
0 3137 4895
0 2890 4971
1 4570 361
1 3027 2062
1 3232 3233
1 1874 4215
0 1619 230
0 117 3634
1 399 2163
0 4159 2707
1 3872 1913
0 4863 392
0 4929 2011
1 939 4877
0 1858 2089
0 2879 2918
1 2214 1963
1 3368 4911
0 391 776
1 2326 2008
0 2485 4751
1 1100 253
1 1494 3996
0 3241 1984
1 2306 462
0 283 4503
0 4004 249
1 1722 4373
1 555 1966
0 4474 815
1 758 3685
0 1079 4955
0 2008 2654
0 4242 4316
0 2984 116
1 1865 763
0 2923 2879
0 3050 1080
0 4037 893
0 1831 387
0 1309 1451
1 4384 30
0 4254 516
0 3780 2208
1 1019 3472
0 4577 4783
1 679 4354
0 4239 155
0 1528 2559
0 1750 2949
1 823 2595
0 1650 1081
1 2908 4272
0 4794 3129
0 2360 30
1 2349 4342
1 1781 601
0 1098 2202
1 1928 4938
0 1244 1764
1 3924 2127
0 4285 1999
0 3774 1295
1 3142 1088
1 3154 580
0 2261 2406
0 888 2420
1 752 4125
1 3316 2874
1 3356 2317
1 4884 4824
1 2802 2524
1 1756 495
1 1227 752
1 1213 2522
0 4640 1307
1 1377 1850
1 3159 4915
1 2575 1732
0 2532 2725
0 4921 4301
1 2012 1169
1 2110 2374
1 2675 1306
1 1517 284
0 455 1861
0 2171 1128
0 1949 768
1 4685 2269
1 2007 137
1 1088 1034
0 3041 1882
1 4509 1856
1 325 589
0 3973 2208
1 856 798
1 1111 353
0 876 2434
0 2659 3648
1 3489 4252
1 3130 4428
0 4570 1270
1 1896 2070
1 1901 2125
1 27 2672
0 1952 3441
0 2524 1298
0 4876 1737
0 2994 3720
1 1006 1281
1 2043 1096
1 1169 4174
1 4008 2462
1 403 322
0 539 3977
1 1041 2717
1 383 2698
1 1219 1930
1 3991 2793
1 2330 846
0 538 3817
1 4514 819
0 3628 4169
0 2769 318
0 2341 49
0 2961 41
0 2028 669
0 965 2054
0 3415 1909
1 351 3246
1 336 1313
1 323 2408
0 1094 3388
1 2259 2787
0 3466 3592
0 3601 3509
0 179 1311
0 3999 2322
1 235 1973
1 3904 2242
1 3408 1458
1 3462 3625
0 930 766
0 4691 3588
0 3406 3875
0 4505 2353
0 2206 3029
0 4373 40
0 427 1065
1 87 2014
0 469 2513
1 2147 2471
1 3555 1855
1 4227 4649
0 3196 574
1 302 2897
1 2462 4170
0 819 852
1 1497 1305
1 276 2833
1 3457 3440
0 3895 3812
0 2999 758
1 2951 4552
1 2016 778
1 3015 4917
0 2034 2333
0 2438 382
0 4356 762
0 1680 3970
0 131 1346
0 4819 2957
0 3465 920
1 4664 4892
0 3972 3277
1 4941 1136
1 4123 1394
0 2615 2716
1 4175 4058
1 1207 468
0 345 2347
1 9 67
0 2140 1458
1 2353 1316
1 418 1782
1 1395 2145
0 481 1545
1 4725 2371
1 1526 4627
1 3010 2253
1 2758 1793
1 1197 2724
1 4863 2466
0 1586 452
1 697 2392
0 52 3574
1 3480 3957
0 2221 4980
0 3462 3222
1 4083 1454
0 2702 2475
0 3947 82
0 4499 746
1 2701 3716
1 1790 2066
1 2002 601
1 3258 2613
1 4357 1994
1 4095 1133
0 4366 3597
1 4479 1655
1 2598 4817
0 4913 3143
0 2731 2777
1 4660 2241
0 35 4669
1 1429 1719
1 1976 3950
0 1602 3980
0 1577 3420
1 3430 1469
1 2974 2212
0 1843 192
0 3434 3562
0 415 1459
1 914 2372
1 2213 4455
1 1755 1520
1 1918 1535
1 215 1798
0 3200 4867
1 3736 3750
0 4521 2312
0 4928 240
1 3827 4869
1 3543 4045
1 3623 2265
0 1661 1168
1 995 1976
1 3747 2953
1 954 2994
0 2332 1228
0 421 2709
0 2747 1902
1 1147 2461
0 1555 566
0 1574 2233
1 1810 2058
0 2125 1880
1 499 3053
1 4183 4836
1 1144 2115
1 918 4382
1 1871 2433
1 2670 4844
1 593 3258
0 4826 2219
1 4005 598
0 3371 3554
1 2404 135
0 1538 151
0 4964 165
0 2351 91
0 2735 374
1 508 3771
1 1160 3614
0 2875 3474
1 857 2097
1 4212 3523
0 850 1818
0 4511 3779
1 3448 815
0 1491 2907
0 3731 1959
1 273 244
0 1141 3629
0 446 3413
1 2507 364
1 3240 248
0 2661 4091
1 2202 2970
0 4436 2568
0 121 4444
1 4626 1993
1 2277 463
0 189 1125
1 3209 2237
0 3578 3035
0 4736 4802
0 3165 4578
1 3195 1361
0 558 323
0 2627 461
1 1620 1376
0 3836 934
0 4709 4437
0 4360 2531
1 3281 2260
1 676 4153
1 1834 1792
0 4349 3025
1 2264 1510
1 1255 1889
0 2700 690
1 4963 2287
1 418 2800
0 4348 114
0 413 436
1 1987 2591
1 401 603
0 677 3782
1 3174 2455
0 3283 1717
1 3668 726
1 47 425
1 2440 1287
1 1341 1448
0 1136 2463
0 387 1380
0 1126 4662
0 1480 288
0 4801 3342
0 4446 2382
0 3458 3219
0 2714 1154
1 4664 2695
0 1230 886
1 1661 133
0 3397 1368
0 2108 584
1 3925 2867
0 651 2905
1 3673 4828
0 2926 2404
0 1026 4384
1 4734 3771
1 4786 1878
1 3888 343
1 3389 1010
1 178 852
0 2722 2923
1 1615 145
1 4482 2316
1 3994 1616
0 1154 3106
0 4945 3647
0 562 1542
1 4754 2386
0 3020 1482
1 4480 4896
1 2413 4425
0 2572 987
1 556 782
1 496 1580
0 1387 4486
0 3095 3585
0 3711 4932
0 4062 3427
0 461 3184
1 2885 2732
0 2403 3010
1 866 3116
0 4127 640
0 2395 4910
0 2369 394
1 2582 3701
1 3744 1328
0 2223 4026
1 768 2912
0 3047 4066
0 180 3914
0 4269 869
1 3451 4746
1 244 2664
0 3681 2314
1 3603 1580
1 1293 3679
1 2429 4268
1 4768 3849
1 2647 4077
0 3 2115
1 1014 2838
0 918 3811
1 2317 4866
0 2154 1642
1 4244 795
0 2555 2844
1 2910 3107
1 2538 300
0 807 3843
0 2577 4215
1 1581 2515
1 4786 4513
1 4650 2272
1 1521 1327
0 2443 1973
1 629 3596
0 2535 3336
1 4986 1466
1 2366 1503
1 3485 2645
1 4206 3035
1 706 3715
1 3502 1174
0 4982 802
1 4175 567
1 4113 3919
1 1081 3436
0 1645 1005
0 2687 1180
0 4507 4002
1 1952 911
1 3290 1237
0 4784 4979
1 4350 123
1 897 235
0 627 2558
1 1908 380
0 4685 3222
0 22 3706
1 2195 3706
0 2451 2416
0 979 649
0 4942 842
0 4722 1189
0 963 50
0 2315 1617
1 1547 191
1 261 179
0 113 2445
0 4910 2758
1 196 4025
0 3832 2125
1 3317 1969
1 222 2060
1 1836 4385
0 4738 1244
0 90 1695
1 4506 1491
0 1107 3815
1 1010 373
0 1926 863
1 3122 4258
1 2180 2759
1 4961 2982
1 3095 975
0 2350 928
0 3375 2109
0 23 400
0 4528 4846
1 1017 1988
1 4072 3694
1 3457 1239
0 4803 192
0 4722 2302
1 1832 2384
1 4474 2142
0 2487 4108
0 1453 1565
1 2978 2588
0 848 1062
1 3131 4204
0 3263 147
1 1345 2730
0 1242 2888
0 972 2941
1 2720 2270
1 3520 4508
1 153 865
1 2924 1463
0 3173 840
1 2890 431
1 3956 3630
1 3228 3846
0 462 4169
1 4292 3030
1 2103 56
1 2580 4216
1 3604 779
1 3184 514
0 3550 1906
0 16 1593
1 3527 575
0 611 3310
0 3181 1393
0 4157 885
1 2446 975
0 3410 4591
1 4307 4196
1 1005 1686
1 920 3524
1 1457 1347
1 2520 4036
0 967 2758
1 978 2257
0 2044 2600
1 1004 798
0 171 3142
1 929 1656
1 3713 3016
0 1969 4095
0 3637 2951
1 4617 292
0 4542 3234
1 906 4183
1 2616 1847
0 4574 1654
0 4535 989
1 3422 3106
0 357 4600
0 4690 2908
1 3819 4320
1 4647 1531
1 3692 2605
0 3464 1015
1 4408 4724
0 3767 74
1 1139 3015
1 2912 3220
1 900 3757
0 877 735
1 3476 2910
0 3131 3214
0 3151 1118
1 1483 2071
1 1252 3754
0 3041 4698
1 3589 3092
0 3099 4439
1 3554 4348
0 4080 1971
0 4560 541
1 1475 8
1 1445 4048
1 4623 783
0 1469 1562
1 1982 394
1 754 3405
1 546 2466
1 1766 1129
0 2092 1884
0 1804 3527
1 72 2530
1 4913 2407
1 2611 2522
0 1052 2755
1 3043 403
0 4983 2566
0 927 4520
1 4091 532
0 4999 964
1 4432 1187
0 536 1703
0 4270 262
1 2542 1418
0 3444 2939
1 2258 2774
0 410 3809
1 2859 4523
0 109 814
0 4978 3955
1 3937 4527
0 2373 1190
0 1884 179
0 1575 2850
0 4892 840
0 165 4074
0 4682 1989
0 4766 4950
0 178 4941
1 1667 2956
1 129 3805
0 3442 1853
1 1623 3363
0 3797 1309
1 2857 2505
1 1971 1385
1 3928 1498
0 984 1972
1 4999 2861
0 3149 3221
1 687 1662
0 476 4192
1 3659 4265
0 3795 1996
0 1858 4109
1 4578 4520
1 4706 2547
0 1605 625
0 354 1578
0 656 3007
1 4100 4077
1 480 4979
1 1008 2928
1 280 3962
0 1262 4185
0 1876 1511
1 242 3689
0 2269 68
0 3019 4939
0 3235 3258
0 832 3001
0 3263 4005
0 2447 135
0 2271 4815
0 4472 750
0 569 2358
0 2948 117
1 1412 1183
0 4865 1715
1 1976 1249
0 2409 1329
1 2768 463
1 1854 3901
1 693 3263
1 1072 919
1 3632 3071
1 2656 4404
1 3398 3970
0 2447 3142
0 668 3048
1 1786 3917
0 2313 636
1 353 3347
1 372 2469
0 1328 4990
1 1010 4999
0 1950 1208
0 4140 4517
0 2552 1155
0 3150 118
0 3153 3614
0 1061 2824
1 68 3712
0 1097 3165
1 760 2097
1 4461 513
1 2102 3296
1 1908 773
1 2778 4058
0 1553 2700
0 509 3101
0 2210 1595
1 3308 618
1 2665 1248
1 4007 2407
1 4892 1058
0 293 156
1 4413 174
1 4952 3985
0 2434 4581
0 235 3779
0 3366 4339
0 4203 1418
1 3829 1578
1 4797 3558
1 2887 4106
0 4935 201
0 3738 1308
1 187 129
0 133 38
1 2900 1069
1 4073 3096
1 2355 4524
0 1611 3871
1 2646 4395
1 734 4747
0 3558 4665
0 4738 2795
0 3985 2343
1 2759 865
0 538 1457
1 2705 1048
1 453 3240
1 2150 1969
0 777 2535
1 3497 2447
0 124 4918
0 2432 1904
1 2242 3762
0 203 1275
0 4443 815
1 1087 3468
0 4783 1516
0 1397 3434
1 357 1714
1 3020 290
1 120 3495
1 2649 1363
1 438 4242
0 1913 3802
0 894 3986
0 4400 1417
0 3391 2767
1 4189 3785
0 730 263
1 4647 2647
0 198 880
1 408 4199
0 1310 3672
0 2840 1221
0 1153 3509
0 2649 2859
1 2253 522
1 1571 1827
1 3394 4836
1 461 4164
0 4880 4122
0 1997 1108
0 1436 2369
1 26 3810
0 672 1831
1 4762 900
1 4231 2971
0 2492 1644
1 2019 2031
0 303 4445
0 1257 636
0 3359 3836
0 681 254
0 1746 1735
0 4390 1840
0 4949 2920
1 3742 2747
1 869 3870
1 2154 1553
1 3306 3954
0 3445 1197
0 4623 1960
0 1764 729
1 3694 4266
0 939 2413
0 4045 3920
0 2357 3377
0 1226 2267
1 4546 3933
1 2856 4429
1 434 714
0 2310 572
0 4360 1041
1 2680 3383
0 2967 1665
0 4505 1768
0 471 540
0 3241 2371
1 2061 887
0 4057 4120
1 2622 4005
1 637 3356
0 2237 520
0 1205 4567
1 368 1474
1 3658 1509
1 2445 3379
0 3768 4703
1 2084 1078
1 2939 2789
0 571 1468
1 817 1818
0 1269 1007
1 692 2339
1 3792 2782
1 4064 1060
0 3579 1650
1 2481 4730
0 1215 36
1 491 512
1 4106 1521
1 2120 1502
1 2855 1049
1 2137 3648
1 2177 3653
1 1673 600
0 765 4517
1 2821 2753
0 3286 3304
0 1026 4495
0 2549 2882
1 1391 2574
0 3185 4206
0 4566 791
1 3587 207
1 4734 748
0 902 4805
1 4328 2463
0 3741 4364
1 794 3558
1 3487 33
1 2860 2670
0 4356 823
1 3465 4810
0 569 3916
0 1166 3638
1 139 1534
0 2031 756
1 1814 765
1 54 2132
0 759 309
1 3099 2698
0 3220 360
0 2387 1718
0 1039 1137
0 4814 1448
1 1044 2014
1 111 1495
0 1366 3069
0 4815 2422
0 4670 157
1 4355 2103
0 1024 1860
1 4908 3214
1 2283 170
0 1500 3087
1 4921 1736
1 547 3162
1 2907 45
1 1093 2932
0 3213 2650
0 4418 1190
0 4736 3134
0 1190 3721
0 1403 1666
1 882 2346
0 2778 230
0 1285 1202
0 3763 4369
1 4074 2899
1 2445 3839
1 1979 3710
1 3883 4756
1 4058 1986
0 4241 3600
1 3609 310
0 3316 1394
0 22 2094
0 4049 339
0 1907 4444
1 2866 1505
1 2141 2878
1 4702 4441
1 237 3821
0 1380 3614
0 2691 617
1 2709 3057
0 2461 146
0 1345 4723
1 4291 738
1 3766 3699
0 4289 1739
0 1508 1213
1 2304 2670
0 1830 3595
1 4034 4718
0 4474 2014
1 2820 4753
1 2696 795
1 984 1399
0 570 2719
0 3713 2096
1 2024 2416
0 4015 2761
1 1204 441
1 728 4144
1 657 2706
1 2665 228
1 4885 125
1 3408 4839
1 2335 2542
0 357 4695
1 1617 4442
0 2649 978
0 2367 1742
0 1536 4296
0 995 1823
0 4857 4423
0 934 954
0 3482 4818
1 4522 3681
1 38 2155
0 1464 1655
1 2340 1502
1 3916 382
0 316 368
1 4986 488
1 272 2917
0 4048 1386
1 4152 2111
0 2418 4236
0 2128 2158
1 3334 4209
1 2669 252
0 2478 3896
1 771 3915
0 2130 3165
1 590 2459
1 483 4150
1 3364 985
0 586 218
1 3821 3470
1 2423 1693
0 997 2672
0 4996 1303
1 467 25
1 1177 1490
0 3580 3664
0 3579 4751
1 2496 2639
1 3719 2182
0 3907 4589
1 1604 2929
1 4212 310
0 120 4809
0 1670 3628
1 2596 1140
1 3590 17
0 332 3655
1 2632 4679
1 4397 806
1 2101 3181
1 4641 793
0 741 1893
1 2241 3278
0 1397 943
0 1024 1447
1 1327 2518
1 2093 231
1 1243 4436
0 103 3787
0 1443 350
1 3203 2447
1 4916 137
0 1120 3329
1 443 3440
1 1401 4713
0 914 2004
0 243 4197
0 3624 4157
0 254 783
1 3735 570
1 431 917
1 4160 4357
0 1302 2755
1 590 4011
1 3383 2368
0 94 2245
0 2652 4055
0 3767 2419
0 4283 3790
0 4385 3770
1 3048 34
1 4012 1475
1 2660 2946
0 311 2278
1 4882 22
1 2393 2272
0 789 1860
1 1915 248
0 2550 2679
1 944 1258
0 1502 1947
1 2331 2649
0 1855 2710
1 3549 4824
1 3379 2146
0 854 2237
0 793 3798
1 3894 3650
0 2045 2617
1 854 191
1 83 3958
0 2134 4120
0 2960 4335
1 2441 888
0 50 2183
1 835 2353
0 3268 1854
0 2357 3577
0 524 4815
0 687 4510
1 1400 1823
0 1580 831
0 1323 4799
0 2347 1952
1 4836 2022
1 718 2079
0 3488 4121
1 818 176
1 2422 3856
0 1006 1731
1 3211 2518
1 4228 3326
1 1192 572
1 2855 2164
0 840 1486
0 848 348
1 1672 4232
0 471 640
1 3085 1424
1 1663 380
0 3592 1117
1 3612 3278
0 1233 2364
0 2758 2559
1 2407 1004
1 261 3360
0 3607 1742
1 1732 4809
0 1856 4097
1 3435 3801
1 3364 1997
1 1228 2753
0 3762 2840
0 1346 4447
1 3797 2868
0 4692 485
1 2896 2127
0 1538 2250
1 4933 3144
0 4407 3958
1 1946 851
0 385 3462
1 350 3795
1 2359 3024
1 4588 2151
1 2302 2502
0 4630 4912
0 1142 2357
1 4382 906
0 310 938
1 2515 4727
0 2134 2362
1 3028 1304
1 475 418
1 1514 282
0 2710 4690
1 1326 1419
0 213 1124
0 989 695
1 1880 3370
1 4595 474
0 1928 651
1 2428 4296
0 472 4213
0 1594 3858
1 4120 72
0 1606 2978
0 1519 2698
0 865 3443
0 4274 838
0 728 2011
0 4096 219
1 674 957
0 2917 4345
0 2957 990
1 113 1415
0 4403 4180
1 4119 3294
1 4567 4242
0 3030 2098
1 1877 417
1 4699 2289
0 1581 4041
0 2802 2907
1 792 4171
1 874 4636
0 4445 1038
0 2295 447
0 3717 773
1 4898 2636
0 1700 2579
1 1071 3709
1 4228 673
0 3364 656
0 1380 2225
1 538 1554
1 2639 3820
0 889 3340
1 3606 4832
1 114 3965
1 1135 4467
0 2359 1379
1 329 3528
1 4557 4462
0 830 1446
0 4240 691
0 4354 3392
1 691 4315
0 1181 3003
0 4219 2430
0 3868 2551
0 1616 3652
1 3743 2406
1 1278 3495
1 1570 3976
1 1283 616
0 1229 2950
1 4475 2746
1 4346 1387
0 2783 2599
1 563 3418
1 761 4295
1 2341 1361
0 3681 1249
0 4636 2157
0 735 3064
0 4060 1951
1 1211 2503
0 3322 3600
0 948 1218
1 2982 2406
1 655 2273
0 1161 3703
0 3921 664
1 2296 89
1 1967 1184
0 1621 3749
1 1074 3454
0 3348 3488
0 2412 3453
1 1601 3275
1 4906 3821
0 1461 1332
0 2973 1162
0 1009 3974
1 3230 763
0 1489 107
1 850 2232
0 2674 1952
1 2868 2053
1 1785 430
0 256 3441
0 1529 3402
0 4797 1607
1 1694 281
0 3671 95
0 1458 1240
1 1192 1452
1 1181 298
0 2618 924
0 4283 3764
0 3600 1385
0 3404 3412
0 1742 1428
1 1768 734
1 4016 2583
1 365 2509
0 4005 1552
1 1472 1764
1 2917 993
1 2538 2502
0 948 2541
1 4103 2430
1 412 4635
0 378 1667
0 4676 4373
1 3926 4156
0 4821 2708
1 4676 2283
0 1590 4252
0 2368 3803
1 1807 4190
1 3666 1857
0 1762 4173
0 3263 1701
1 1773 3019
0 3408 4619
0 3424 3031
1 2007 4776
0 1584 4882
1 3093 370
1 2551 210
1 377 4041
1 2534 3395
1 4569 4299
1 485 615
1 3307 1226
1 4092 439
0 2376 653
0 4320 1263
0 2486 1313
0 3111 772
1 2782 931
0 2092 2274
1 3264 3978
1 4664 1368
1 3292 2523
0 269 1396
1 1955 3375
1 321 4820
1 490 3551
0 1479 4619
0 2615 1669
0 1738 3507
1 2069 11
0 2547 1061
0 4396 1218
0 304 1083
1 1083 2320
1 4908 360
1 890 2398
1 2919 1212
0 326 3696
0 3074 4353
0 2909 3855
0 1446 1439
0 4965 786
0 2958 1001
1 35 3617
0 3060 168
0 1881 39
1 3063 2149
0 4288 4613
0 9 967
0 3727 238
1 3987 4261
0 1492 4208
0 1288 1004
0 3049 220
1 337 4872
0 1011 4518
1 2851 2762
0 1011 3999
0 3614 494
0 1318 1495
0 2269 3150
1 947 1588
0 4901 431
0 1704 1787
1 1783 3528
1 2648 599
1 212 3834
0 12 2050
1 901 1552
0 3046 4155
0 4988 712
0 166 1790
0 1808 2653
1 3569 4025
0 4816 739
0 735 1892
0 1761 2658
1 1536 1309
1 1890 2801
0 1877 4111
0 275 1627
0 1045 1159
0 2665 4862
0 4026 487
1 3066 1015
1 2139 1199
1 3663 809
1 1220 170
1 1074 4070
1 2647 2452
0 1209 485
0 3677 3609
0 4938 2821
1 2194 3405
1 2079 4747
1 2252 2398
1 914 2720
1 3749 944
0 4311 3886
0 2949 523
1 2625 808
0 527 3515
1 2828 1176
1 4652 1126
1 4476 2741
1 1451 2209
1 1300 4428
1 2560 3883
1 2963 2590
1 1406 2455
1 3425 3484
0 542 3649
0 4421 4670
0 3664 398
0 2047 1884
0 3939 729
0 1943 969
0 456 2019
1 535 814
1 1926 4307
0 4200 4224
0 62 3164
0 2603 183
1 1030 43
1 3744 2178
0 4043 2397
1 1610 3234
1 4016 2276
1 2945 3436
1 1596 276
1 1765 2932
1 36 2387
0 3189 2139
1 519 897
0 402 4305
1 4785 2070
0 2545 887
0 1869 2265
0 1073 885
0 3261 2430
0 3594 666
0 3961 1587
1 1797 1757
1 1482 3993
0 735 2193
0 1536 628
1 100 4583
1 2134 3388
0 95 923
1 2002 4360
1 2745 3791
0 1691 2833
1 4747 40
1 1176 202
0 3481 3861
1 2006 4981
1 1846 204
0 439 2853
0 4221 1788
1 4187 4269
0 4203 92
1 4419 322
1 2255 4835
1 2745 2216
1 3543 264
1 4880 4
1 2487 2649
1 963 1759
0 193 2611
0 2406 4857
1 4615 2605
1 2887 4220
0 278 1383
0 1315 4707
0 2637 245
0 650 3376
0 2512 3700
0 3405 4328
0 984 1968
1 2348 3002
1 553 1419
1 4256 2255
0 3054 4782
0 2752 4116
1 780 1278
1 469 1363
0 2421 542
0 3608 2078
0 1565 1907
1 1660 1947
0 4912 832
0 4174 3688
1 1562 3977
1 3708 1010
0 1116 444
0 2614 1739
1 2104 4857
0 2337 2964
0 4826 4899
0 1106 4257
0 2138 4145
0 1669 4386
0 830 4069
1 2086 950
0 4334 2493
1 218 2399
1 2545 2707
1 2678 4190
1 202 3336
1 1271 4411
0 676 1191
1 1685 1881
0 2119 98
1 3265 2623
0 725 1120
0 4872 683
0 1443 2338
0 141 417
0 4814 163
0 2898 1607
1 2685 14
0 3700 1977
1 2419 1390
0 4601 6
0 4668 2089
1 1974 3773
1 1036 2055
1 1240 4388
1 1984 453
1 4561 1489
1 2971 341
1 743 556
1 4180 289
0 3756 1755
1 2671 1741
1 4873 396
0 1244 2237
0 4832 901
0 2394 200
1 3645 2987
1 3723 2115
1 927 3059
1 3039 4155
1 1776 1185
1 1679 89
1 255 2504
1 2063 2976
1 3720 1991
1 3656 2261
0 4488 4867
0 2245 2411
0 2540 1616
1 4149 4351
1 1653 2055
1 1983 88
0 307 2392
1 2018 2766
0 521 3778
0 1519 3411
1 1362 747
1 455 3772
0 98 2412
0 139 2792
0 690 3576
0 4361 4323
0 2090 1604
1 4281 764
1 4793 3646
1 646 3717
0 1723 3271
1 1255 1612
0 4384 1015
0 1844 3999
1 1419 3962
0 2057 4749
0 3157 2084
0 1890 6
1 1625 3522
0 3267 3884
1 4187 4424
1 419 2493
0 2759 1489
0 880 655
1 263 697
0 1831 2461
1 793 251
0 2043 843
1 2580 4172
1 2652 2286
0 1140 2697
1 3262 240
1 778 3104
0 3948 3630
1 2667 2685
1 4353 2739
1 2674 932
0 2872 864
1 47 4542
0 3853 499
0 3757 2332
0 2413 2223
1 4869 3221
1 240 1966
1 2174 1985
0 1108 2050
1 588 1240
1 1834 2772
1 3662 1824
1 1264 2795
1 647 190
1 345 2444
1 375 4062
1 2507 1355
0 760 3028
0 1473 246
0 2163 3522
0 1297 3448
0 494 3151
0 3080 3714
1 1925 1138
0 3385 3803
1 4953 938
0 1544 4719
1 4584 3130
1 4128 4331
0 92 2146
0 4605 1895
0 944 4401
1 4376 2470
0 330 983
1 233 1753
1 2046 1398
0 40 2369
1 4581 1813
0 3662 814
1 744 466
0 1909 4510
1 3995 1588
0 1059 2777
0 3952 431
1 3545 4654
0 233 2139
1 3041 2857
0 3372 1145
0 1777 2344
0 325 1499
1 432 2985
1 1631 2538
0 4508 4137
0 846 3530
0 1540 3819
1 294 476
1 4883 107
1 3567 2646
1 3998 472
1 1781 274
1 3515 1203
0 3141 221
0 856 4179
1 659 2687
0 4618 807
1 1669 4010
1 2391 87
0 1699 3563
0 2257 1493
1 4650 3001
1 2871 1078
0 269 1794
0 1877 4258
0 2062 4366
0 1843 227
0 3062 1775
0 3868 41
0 703 1890
0 4836 2155
0 2947 608
1 629 3594
1 1540 2118
1 2051 4888
0 3195 1811
0 3656 678
0 3272 1517
0 2609 4110
0 4390 1297
1 2816 4168
1 1846 3468
0 1143 3106
0 3665 2296
1 397 598
0 4454 1453
1 105 2504
0 1196 4190
0 422 481
0 1047 1508
0 1647 4740
0 1429 3164
1 1414 1794
1 2974 320
0 4654 1275
0 678 4393
1 261 1582
0 167 3742
1 3115 3107
0 4549 273
0 2066 4971
1 4785 3778
1 2945 2433
0 3084 3781
1 4775 3419
1 3287 1606
0 4676 1186
0 3681 4875
1 2325 2480
0 4908 4591
1 743 3140
0 1830 2944
1 1705 825
0 3982 2789
0 851 2446
1 4363 4732
0 3918 2661
0 4079 1042
1 2552 3149
1 1146 4238
0 1388 2974
0 3705 1799
1 2207 4169
0 1708 1777
0 2328 4888
1 2088 195
0 600 4456
0 579 4687
1 4085 1409
0 4708 2084
0 4457 3081
0 880 348
1 2667 947
0 2615 2795
0 1088 1924
1 1982 4990
0 2703 1465
1 468 3722
0 75 1328
0 510 4115
0 3795 4975
1 4226 2584
0 3597 1757
0 2213 3386
0 3846 2862
0 4120 3728
1 1650 4227
1 1372 1965
1 686 790
0 1705 1005
0 2669 763
0 1086 87
1 427 4404
1 3673 3010
1 97 3278
0 1375 2058
1 4511 4486
0 1936 1937
1 2735 4803
1 563 491
1 3685 541
0 1415 3265
1 2271 492
0 1813 810
0 1591 499
1 3434 1285
1 1186 619
1 4826 2188
1 4516 326
1 1245 2658
1 4598 3441
0 3941 226
0 505 1852
1 4874 3752
1 866 4712
1 1588 3055
0 2614 4399
1 3498 909
0 1117 4474
0 4483 3389
1 4236 4410
0 2194 1245
0 3129 1754
1 272 3152
0 3765 1069
1 3776 3701
1 1997 1722
0 2639 4975
1 1099 2558
0 2638 1674
1 2354 4332
0 4903 4319
0 2709 1489
0 1503 4893
1 1381 973
1 4940 4937
1 4990 2714
1 4424 4481
0 2734 2415
1 2711 254
0 2560 1
1 4801 4111
1 3023 2638
1 4828 4450
0 128 3357
0 676 3168
0 449 3518
1 754 3774
0 4163 2500
1 1077 2692
0 3019 2355
0 1857 2242
1 33 1202
1 1747 2323
1 3643 4201
1 2175 4546
0 400 1136
0 94 4473
0 241 2301
1 2235 4807
1 3228 2095
1 1186 3422
0 4490 2892
0 4854 609
1 4812 333
1 4444 3846
0 1194 531
0 3455 2626
0 2640 4400
1 4642 4430
1 2892 1271
0 1486 1534
1 257 2361
0 4112 3048
0 1406 3246
0 1323 3569
0 1192 2460
1 4560 3791
0 4511 3590
0 3656 4833
0 2955 3869
1 4609 3942
1 172 1789
1 1717 4541
1 2701 940
1 45 1077
1 2660 713
1 2251 77
1 949 181
1 1964 1357
0 3447 3105
0 268 3611
0 657 4345
0 1981 4086
1 677 395
1 889 730
1 3035 4402
1 1269 206
0 4006 463
0 3915 1549
1 4012 1693
0 553 4372
1 3093 3980
0 678 2530
1 4344 1152
0 3177 405
1 1993 1042
1 483 448
1 2457 1455
0 1862 934
0 3958 2641
1 1758 2446
0 1767 2082
1 639 490
1 1585 377
1 2888 2382
0 1560 2818
0 334 3309
0 4594 2265
0 4638 1945
0 3268 3956
0 2512 2962
0 3654 3131
0 1905 1755
1 2843 1580
0 1293 2921
0 1189 2352
1 4391 2977
1 4890 1822
0 3500 556
1 1697 2976
0 4642 458
1 1043 3985
0 1027 1596
1 1272 166
0 4568 1675
1 2100 3597
0 4254 854
0 3850 1018
1 1124 727
1 1843 896
1 3095 2796
0 662 1214
1 203 1990
1 1687 891
1 3965 1904
0 313 2702
0 2026 637
1 3393 891
1 4344 1635
1 2599 2130
0 453 4813
1 1292 2317
1 892 558
0 3023 598
0 3451 3455
1 3938 400
1 571 4304
0 34 2643
1 2033 2576
0 2273 3666
1 4216 753
1 1803 1727
0 92 345
0 2061 3388
1 1810 4045
1 1333 52
0 1116 2097
1 4119 488
0 2854 3340
1 4464 2381
1 3197 3358
0 4197 4589
1 2873 4929
1 2997 3222
0 1120 3537
0 4347 1457
0 2645 2561
0 2300 4796
1 850 257
1 842 1934
1 2369 1021
0 1867 4715
0 4499 2507
1 2271 296
1 46 2459
0 1065 703
0 3505 2399
1 2254 4590
1 3671 2729
0 4955 1910
0 1398 1677
0 1552 3414
1 1985 4852
1 1445 2892
0 321 4353
1 90 1879
1 3821 2015
0 1452 3926
1 2497 3316
1 4303 561
0 3818 2774
0 372 788
1 4487 3373
1 1833 2368
1 3757 3005
1 3613 2641
1 2548 4087
0 4691 4042
1 3525 4500
0 4147 1909
1 4984 2739
1 1777 1517
0 419 4861
1 789 1725
0 4094 3545
0 3995 4797
1 640 2945
0 1876 4561
0 732 1658
1 3031 28
0 3554 2278
0 2968 2463
1 4287 2129
0 1246 4187
1 1936 3949
0 3399 3558
1 2680 99
0 2314 4152
0 4851 3691
0 3006 446
0 2336 2316
0 4333 2192
1 2472 2805
1 1533 3878
0 609 3579
1 2917 2856
1 180 585
0 1125 1278
1 2816 2568
0 438 4087
0 2247 4033
0 4268 1271
1 4045 2355
1 999 3999
0 3605 3363
0 1493 463
1 4702 608
1 2569 2900
1 432 2798
0 745 802
1 4932 2082
0 1204 851
0 3890 455
0 4289 1142
0 1716 2708
1 1581 975
1 4683 4572
0 2255 2798
0 2889 1815
0 3380 3160
0 638 1840
1 1642 3329
1 4008 3008
0 1969 3398
1 169 1352
0 4723 2972
1 4476 97
1 3618 701
1 3980 3044
0 118 3774
1 3395 2067
0 925 2209
1 2170 1745
1 3970 3258
1 4321 4993
1 2468 4228
0 4982 4621
1 3147 1602
0 1540 1072
1 4641 4093
1 4368 1540
0 2006 1738
0 968 2293
0 3639 4452
0 2457 4346
0 3406 388
1 3916 814
0 4395 1715
1 2403 2522
0 3263 1131
1 3965 973
0 2097 1184
1 3253 4886
1 1745 1362
1 1802 1233
0 3283 1833
0 4285 4535
1 2910 1373
0 136 4591
0 4263 1575
1 1639 1950
1 2214 904
1 2742 369
0 2728 3126
0 3749 3651
1 2442 3535
0 3860 1549
0 4840 844
0 1712 1853
0 351 2574
1 1272 1472
0 2939 1968
0 2255 194
0 653 3899
1 1537 4764
1 1358 4245
1 1669 3393
0 3544 1008
0 2568 4615
0 2073 1216
1 4992 638
0 1790 3294
1 60 2893
1 1433 990
0 2712 3069
0 1970 4463
0 1989 1992
0 4355 330
1 988 514
0 343 3834
1 2236 2573
0 4342 1638
1 2044 152
1 2240 205
1 761 2722
1 735 1736
0 162 2807
1 2926 3678
0 4612 1231
0 930 3511
0 3362 3394
1 2514 2482
1 4777 3042
1 2966 3062
0 3853 753
0 4030 258
1 4934 4742
0 82 2440
1 4120 2692
0 4431 3340
1 799 902
0 2542 1157
1 4443 1656
0 2789 3238
1 389 1206
0 1820 1372
0 3671 54
1 3637 2616
1 58 4978
0 2880 3594
0 1935 650
0 2461 4323
1 2184 4563
1 805 1378
0 954 4457
0 2057 348
1 4875 230
1 1449 2037
0 608 1005
1 2621 2246
0 3060 4326
0 1019 2917
0 4676 4933
1 1708 2191
0 2152 1708
0 3540 3013
1 3250 4480
1 2368 778
1 1752 3557
0 2459 4499
0 2041 4689
0 3993 1085
0 2026 3396
1 2044 3929
0 2698 3121
0 4099 1364
1 1465 2321
0 618 2144
1 426 4088
0 642 870
1 712 1818
1 4331 1503
1 340 574
1 3752 1023
1 293 2160
0 4229 4003
1 4843 2953
1 1731 70
1 116 1997
1 1384 1511
1 847 1006
0 2776 4247
1 4050 1131
1 4011 774
1 2270 2277
1 2579 3700
1 2172 2023
0 4019 406
0 22 1375
1 2715 1864
1 1486 311
0 3064 4680
1 2304 1418
1 2200 3549
0 4505 1049
1 129 1030
1 3263 4080
0 3680 2287
0 1471 3726
0 1579 1916
1 1913 772
0 2314 409
0 2337 1063
0 1956 3042
1 2677 4654
0 4897 3566
0 1939 4741
1 3190 4281
0 3750 2152
0 61 1474
1 2342 3518
0 4826 1205
0 2127 2073
0 293 1675
1 3030 3558
0 4042 4282
0 168 1354
1 209 1842
1 3366 1539
1 2612 698
1 2537 2406
0 3311 4143
0 393 190
1 3402 494
0 1957 3334
1 4987 100
0 2315 901
1 1894 1363
1 3432 4013
1 4612 2608
1 352 685
0 3686 2551
1 4476 4129
0 20 4176
1 3066 3192
1 619 2908
1 1440 995
0 623 1337
0 329 2763
1 4888 3004
1 659 3151
1 2887 1193
0 2782 2218
1 2680 2343
1 1720 4975
0 4431 2431
1 514 759
0 4408 2737
1 2034 980
0 3949 1513
0 2941 4200
0 302 1752
0 4651 46
0 1445 2453
1 1401 3920
1 4674 3244
1 2151 478
0 2027 2937
1 4912 3528
1 747 3472
1 3223 4441
1 2328 4839
0 1419 4542
1 4548 1937
1 4635 2231
0 1096 1788
1 4717 614
0 192 2132
1 151 3668
1 1314 4096
1 4272 4991
1 3986 4221
0 962 2701
0 4250 2531
1 4655 217
1 858 1324
0 3458 4215
0 1795 1942
1 2075 733
0 333 3156
0 3941 4556
0 1352 3208
1 90 3109
0 851 1071
0 2316 3270
1 60 314
0 1429 2773
0 4470 4724
1 1984 3009
0 2263 2629
1 2041 2593
0 2872 3308
1 1978 2851
1 147 1243
0 817 2184
0 2005 1753
1 3014 1574
0 1615 2388
0 3322 3201
0 3858 1921
1 3353 3785
1 2475 4658
1 2639 2972
0 1542 234
0 1923 2139
1 2461 15
1 3159 1563
0 4120 1422
1 1662 3033
1 1883 1542
0 1660 4258
0 1736 3577
1 1599 3369
1 4777 255
1 453 3836
0 1865 801
1 1436 4791
1 4452 3231
1 3534 1335
0 614 1053
0 4656 1207
1 607 4272
1 3822 4762
0 1069 4233
1 1763 3235
0 973 3301
1 290 3813
0 289 4169
0 414 1007
0 1384 721
1 4128 4449
1 3115 3661
1 1613 3427
1 1961 3984
1 4903 2097
1 3842 2677
0 3214 688
0 4032 2614
0 2174 2232
1 2233 548
0 4442 1173
1 4310 2319
1 3810 956
1 4930 833
1 3129 1059
1 4784 3815
0 1117 3875
1 1498 3261
0 1707 1055
0 2806 3692
1 4139 268
0 1788 3303
0 1309 472
1 3475 1865
1 2894 321
1 2609 4246
1 1737 1090
0 599 1172
0 3877 171
0 3327 144
0 2273 3961
0 2251 2130
1 4368 2549
0 2769 71
1 1525 3408
0 4980 2786
1 3368 4997
0 3567 3668
1 4147 2156
1 2516 3823
0 2565 2359
0 3815 1791
0 935 4348
0 3812 1810
0 368 460
1 1459 2781
1 4060 4155
1 3437 648
0 3922 4883
1 3444 2642
1 4386 17
1 2888 96
1 1429 246
0 2438 2410
0 4960 3557
0 3252 1704
0 1114 2023
1 1917 988
0 3244 2879
1 2704 4233
0 3986 2547
1 1977 2198
1 904 4524
1 3729 2024
0 4418 3158
0 941 1815
0 2936 3819
0 2397 455
1 937 921
0 3093 3585
0 4210 1007
1 2432 2739
0 4412 1778
1 2488 2341
0 766 2541
0 1942 3463
0 3772 1250
1 1491 532
0 4022 1536
1 3769 345
0 4389 3211
1 4711 3314
0 1215 594
1 357 3364
0 4723 787
0 638 1494
0 497 1101
1 1593 2919
1 1249 1779
1 121 2273
1 2492 1570
1 552 3843
1 3627 1077
0 1789 2804
0 4332 4137
0 2905 3643
0 4941 557
0 2990 4197
1 22 177
0 2427 1135
0 2810 4125
1 3956 4362
0 1995 1290
1 2036 1290
1 1474 15
1 725 103
1 117 1704
1 1443 1013
0 2062 1814
1 2657 1757
1 3361 2202
0 3083 4795
1 4486 4373
1 2853 1516
0 2196 3748
0 3754 2559
1 3942 4188
0 1386 3003
1 1288 3865
0 3891 235
0 820 3967
1 501 2254
0 2873 3867
0 2528 43
0 333 3672
1 4708 3760
1 1915 4359
1 2299 1362
0 281 2024
1 1430 4929
0 1911 580
0 2870 2115
0 325 481
0 2387 3961
0 4039 2708
1 1088 4771
0 1727 759
1 3773 4317
1 1198 4294
1 4643 1877
0 3343 3951
0 2287 4082
1 3755 2506
1 2419 2557
0 3165 1343
1 1500 896
1 3887 870
1 673 4266
0 3533 1056
1 2147 2642
1 1502 2191
0 1504 3982
0 1563 1585
1 3041 795
1 4875 2979
0 4903 2625
1 547 1022
1 2374 123
1 959 1870
1 3703 1853
1 3463 695
1 1011 827
1 2059 3019
0 4950 3203
0 4879 332
1 1547 3061
1 1516 2317
0 3085 238
1 2901 4625
0 2962 4935
0 4471 4270
0 1222 2150
1 4087 1078
1 1331 2226
1 4830 4455
0 4322 1184
0 1360 3491
0 4830 2510
1 1642 392
0 2665 981
1 4081 313
1 1776 4905
0 1017 2081
0 66 1784
1 1125 2866
1 4876 2401
1 4474 849
1 1301 2292
1 3003 429
0 3890 2973
0 2871 703
0 2646 1854
0 31 4940
1 2566 4419
1 1642 831
0 4476 654
1 2939 3408
1 3756 4437
0 4708 1758
0 794 1420
0 3633 4159
1 2394 478
1 4194 3792
1 981 2681
0 829 1084
0 974 4164
0 849 4641
0 4535 2132
1 3154 4879
1 4793 4287
1 764 1714
1 2563 2183
1 1234 1421
1 1595 2009
1 2123 4119
0 3945 2401
0 1906 202
0 383 678
0 1438 390
0 467 4501
1 2037 4206
0 1986 4415
0 2003 2777
0 623 1466
0 1440 2285
1 1935 2337
0 3933 2246
0 2375 4405
1 2103 1675
1 1566 1355
1 1837 558
1 2416 4341
1 4550 4367
0 2254 2944
0 2878 4829
0 4376 765
1 170 702
0 3792 3362
1 2947 2545
0 842 1384
1 145 4267
0 2190 4329
0 884 2973
0 4389 2104
1 1239 4925
1 1546 3267
0 674 4543
0 1243 4120
0 523 2913
0 2250 4947
0 1023 1552
1 4031 3387
0 2050 745
0 1852 4807
0 1810 2364
1 1171 1396
1 1131 4420
0 2110 3621
0 4922 306
0 1928 1911
1 2267 950
1 1153 2566
0 3537 3901
1 3190 88
0 490 1115
1 502 671
1 1826 4780
1 1445 147
0 4845 2751
1 2593 4843
0 2438 2230
1 4228 1597
1 382 1809
1 596 381
1 4892 1577
0 1218 2585
1 409 1377
0 2342 709
0 1544 1411
0 3802 1365
1 40 4479
1 2013 3633
1 2814 258
0 2676 71
0 810 1213
1 2841 3302
0 3694 1625
1 1025 4642
1 1759 3263
0 19 4719
0 1626 1787
0 4838 1541
0 1160 361
0 1156 3918
0 1774 3788
0 2092 886
1 4973 1033
1 3946 4937
1 2832 317
0 4582 4323
0 4887 4518
0 1040 4655
1 2505 3416
0 2716 1650
0 592 120
1 4669 2595
0 4467 900
1 4543 1290
0 655 177
1 551 161
1 2635 1203
0 2197 1393
0 2200 3611
1 3448 2567
0 4113 1161
1 1039 4888
1 1148 628
1 1769 2845
0 926 2302
1 3425 2572
1 2429 4359
0 2509 1720
0 4853 1664
1 4089 879
1 4878 1276
0 4377 1747
1 1998 106
1 1834 3486
0 4040 4377
0 4402 1128
0 4247 4616
1 1834 2700
0 928 2674
1 3030 4334
1 4276 407
1 4762 4864
1 2255 3743
1 4071 2996
1 4545 824
0 446 4026
1 4490 3500
1 2437 1237
1 333 4981
1 4045 988
0 3500 2646
1 4179 2220
0 3785 423
0 578 4087
1 3729 4012
0 1843 4635
1 1418 1798
1 3115 4387
0 925 715
1 3133 3118
0 3668 1953
1 1625 2260
0 1812 1678
0 542 645
1 3224 2863
0 1097 3545
1 1875 3333
1 4765 2571
1 2679 1286
0 834 3903
1 1431 1668
1 4387 4745
0 751 932
1 3631 4086
0 3301 1383
1 2315 1014
0 3318 2196
0 2894 818
0 1721 4604
1 3959 1275
1 2893 1163
1 2393 3605
1 4652 3616
1 141 3242
1 3951 171
1 2868 1435
0 352 2470
1 3201 359
0 490 4326
0 3576 4351
0 3086 2269
1 2060 4283
1 1461 2870
1 671 3396
1 4258 96
0 4076 1229
1 180 4420
0 2832 4015
0 181 315
1 3477 2233
0 3528 3742
1 4868 1307
0 460 4260
1 95 4470
0 1802 3998
0 786 4997
1 335 3672
0 1225 1259
1 3306 2905
1 3207 3673
0 3293 2287
0 3007 4706
1 443 3820
0 4561 4461
0 47 1017
0 47 3152
1 2754 1805
0 1837 4381
0 1810 418
0 1209 1035
0 3638 2528
1 2023 2327
0 4593 3115
1 2767 757
0 3810 1672
0 642 56
1 3506 3370
1 3563 3441
1 4466 2256
0 1495 2911
0 1575 829
1 56 2188
1 450 4137
0 1810 4201
1 2144 986
0 4834 886
0 2477 4806
0 4195 3876
1 2488 937
1 2633 2441
1 1981 1269
1 2826 1048
0 2446 894
1 1627 913
1 3823 1609
0 4374 2675
0 1061 2969
0 3689 4646
0 4361 2694
0 4838 2357
0 3334 2816
0 4860 3166
0 463 3627
0 2176 1012
1 1949 2046
1 977 2726
1 618 3813
0 538 3920
1 2513 580
0 50 4946
0 2322 1739
0 2511 4385
0 2888 3913
0 4566 2451
1 357 54
0 1884 1624
0 3979 3462
1 2444 161
0 233 3139
1 562 372
1 4798 436
1 4451 1218
0 1143 2651
0 3310 615
0 787 3081
0 4332 1378
0 2441 1073
1 3855 4128
1 519 2823
0 867 4524
1 1734 4476
1 3270 706
1 1917 167
1 610 2048
1 2971 4967
1 3724 1469
1 4266 4782
0 1257 2781
0 580 1256
1 1712 883
1 3770 2958
0 979 2201
0 164 589
0 2271 4886
1 3473 4464
0 2081 4910
0 1722 1653
1 3737 1297
0 756 4383
0 3692 1720
0 2164 3901
1 328 3661
0 4289 1351
1 670 3349
0 3616 1144
0 1339 1493
0 2221 4815
0 4258 4764
0 1417 3876
1 2068 3604
1 461 325
1 2996 4761
1 1088 2530
0 1958 2293
0 151 4056
1 1307 4001
0 3347 4013
0 626 4291
1 3714 1203
0 2022 3153
1 114 230
0 635 1058
0 363 3976
0 3484 4916
1 3512 1647
0 1975 1462
1 3058 2073
0 4288 4397
1 4039 4526
0 601 2924
0 636 3686
0 4579 1009
1 7 2116
0 3204 4054
0 4434 4795
1 291 4769
1 4945 1814
1 946 2019
1 4019 2610
0 4772 4599
1 2743 4034
0 4045 3182
1 4374 4913
0 1502 2512
0 1894 429
0 308 3661
1 1763 1075
0 2263 1369
0 3415 3348
1 578 3437
0 603 3652
0 3393 2948
0 2195 2401
0 4435 3237
1 3748 3185
1 1630 1596
0 3598 104
0 1024 1761
0 3890 1030
0 650 2080
0 4525 3538
0 292 2656
0 4075 155
1 1961 2270
0 139 2929
0 4871 1392
0 2921 3808
1 1162 3824
0 5000 1228
1 1282 4744
0 3518 1288
1 1172 4363
0 819 684
0 787 3310
0 2731 2956
0 1655 1262
0 186 3791
1 82 571
0 2242 2200
0 2949 1984
0 1872 676
1 2245 3468
0 4461 867
1 2642 1981
0 3055 4240
1 2593 1499
0 4910 2914
1 4177 1770
1 222 1809
1 2553 1261
1 4665 2549
0 1712 2071
1 2493 1752
1 1819 3093
1 431 886
0 2926 2461
1 4110 1603
1 2511 2186
1 4421 590
0 1139 2961
0 1910 4690
1 4923 1436
0 4189 3986
0 2376 4632
1 2453 3081
1 3101 1733
1 4683 517
0 3736 212
1 251 4199
1 4232 230
0 979 2879
0 302 3006
0 4820 3822
1 794 4008
1 2337 1814
0 4281 3636
0 2718 2652
0 1403 300
0 3737 4339
1 1276 3221
0 1664 4424
1 1202 2741
1 528 4239
1 258 354
1 2205 2040
1 3237 3820
0 827 3519
1 3721 640
0 346 2986
0 4279 1941
1 1751 2573
0 4694 340
0 4828 1777
1 2957 313
0 1265 1616
0 305 3166
1 790 601
0 4995 1795
0 1903 2286
1 1873 2666
1 2401 4742
1 4220 4599
0 1895 2408
1 4882 2083
0 3541 2961
1 665 2512
0 1655 4086
0 1133 2009
0 4464 1580
1 588 3849
0 4644 1412
1 2777 292
0 309 1271
1 348 111
1 3607 3940
0 1224 322
0 23 475
1 3258 3637
1 2517 3469
1 2524 1350
1 2445 351
1 2596 64
0 782 812
0 770 457
1 1160 264
1 433 1573
0 1113 1170
0 3271 2590
0 220 2741
1 1446 207
1 4207 949
1 2433 4336
1 204 2243
0 472 3782
1 2813 3394
0 4713 655
0 1186 3389
0 2266 2036
0 2358 2739
0 2639 836
0 365 3704
0 4985 570
0 2648 3628
1 990 2817
1 3179 3022
1 2638 115
1 1941 884
0 4017 2773
0 25 1864
0 714 24
1 590 1
1 4437 4622
1 881 1553
1 856 3260
1 2763 1596
1 464 2984
0 2108 4967
1 4214 4096
0 166 183
1 1513 2710
0 936 1348
1 1701 978
0 3394 587
1 3938 3343
0 3788 30
0 2459 402
1 550 1222
1 2515 650
1 546 523
0 1974 3470
0 3606 4220
1 2712 725
1 2981 4904
1 4020 334
1 1132 4333
0 4620 1651
1 2475 467
0 1688 1794
0 3859 1766
0 1895 380
0 85 287
0 4022 2443
0 2429 156
1 4261 2586
0 3533 4568
1 3954 1600
1 3694 4837
0 4344 2769
0 2663 1135
1 4053 979
1 3224 4504
0 2737 3199
0 1611 1159
1 4280 3715
0 3248 2208
0 4378 213
0 1538 2399
0 3078 3531
1 1361 4588
1 2399 3325
0 2359 2666
1 436 3299
1 2705 2979
1 4110 1924
1 1432 3101
0 4 2230
0 777 1877
1 4299 1442
1 2270 1752
0 2082 2556
1 832 1908
0 888 3760
0 4098 793
0 2253 4577
1 4323 4283
0 956 89
0 688 2492
1 1058 221
1 3790 2911
0 4058 997
0 536 3823
1 4821 2302
0 150 3293
1 501 1450
0 19 1492
1 368 3627
1 4002 1516
1 2826 4580
1 92 151
0 4808 923
0 3264 3268
1 942 422
1 3696 2706
1 4805 310
1 12 4318
1 137 393
0 3094 2182
1 4834 1793
1 631 693
1 2587 94
0 4579 3445
1 2677 408
0 3549 4628
0 877 2631
0 1983 4933
0 1296 3784
1 4319 3817
0 3177 771
0 4508 774
1 1769 2091
1 4715 122
0 102 4562
1 2769 3519
1 3742 4592
1 873 1254
1 4134 877
1 1346 93
1 1492 3218
1 1800 3375
1 1666 1786
0 4883 3357
0 249 2847
0 2640 2046
0 1112 2479
0 4573 1420
0 432 1653
0 1266 1006
0 2411 661
1 4136 2540
0 3828 1544
0 2037 3525
1 2275 2071
0 2753 3392
0 3832 2887
0 218 4639
1 3982 1891
1 1918 2995
0 3230 2176
0 1602 2429
0 1510 4296
0 96 2749
0 4957 777
0 2351 4933
1 211 4465
1 1889 4983
1 392 3594
1 3688 3635
1 1588 922
1 3183 3753
0 1308 1127
1 842 112
1 1594 3513
1 2367 2521
0 2122 2722
0 3707 2321
1 573 2750
1 4646 1935
1 4709 80
1 1953 2739
1 858 734
0 3980 3301
0 1892 451
0 2475 892
1 2012 4557
1 322 2867
1 1876 1432
1 2190 813
1 1706 3306
1 870 4003
0 1415 3314
1 3187 942
0 697 3584
1 1660 4106
0 3769 448
1 4023 3274
1 971 1883
0 4216 4480
0 2772 3731
1 4724 3996
0 2743 4815
0 2226 2689
0 3817 523
1 702 2680
0 1081 4383
0 2793 188
0 3265 946
0 745 2734
0 4453 4357
1 3211 267
0 3228 640
1 4545 3372
1 952 2190
1 308 2331
1 1282 3929
0 3954 1628
0 679 3528
1 989 3262
1 4639 2012
1 570 2253
1 27 1054
1 4599 1254
0 3171 1670
1 1155 1885
1 179 3115
1 816 3420
0 1778 4799
0 1278 231
1 1740 4862
1 2094 2009
0 697 1948
1 2940 4208
1 2710 1814
1 3650 4468
0 3450 1245
0 711 2263
0 4681 3662
0 1359 2637
0 1640 2671
0 4169 774
0 3735 370
0 1972 4784
0 3622 1749
0 4659 1995
1 939 4547
1 2358 3998
0 4908 4378
1 2386 3411
1 3546 1520
0 329 3319
0 923 1731
1 2909 3921
0 1535 2254
1 1585 1243
0 2099 2003
0 3186 1634
0 1324 625
0 4356 1619
0 4602 1431
0 2641 2821
0 2959 1628
0 1123 771
1 1871 3332
0 2361 4456
0 227 4430
0 1201 1242
0 3911 2126
1 4411 4205
0 2488 2485
1 899 4348
0 2559 3962
1 3924 2238
1 173 2655
0 4505 3975
0 1186 4118
1 2663 1318
0 683 1967
1 2628 1404
0 2500 648
1 442 1162
1 3349 1557
0 3560 4136
1 1568 2756
1 440 1543
1 4367 2594
1 4636 2507
1 222 2754
0 2559 413
0 2428 4339
1 3176 4751
1 1056 240
1 2555 2219
1 612 43
1 2927 1005
1 4119 492
1 379 2700
0 3724 1198
1 1566 820
1 2104 3133
0 4026 3010
0 679 2164
0 3660 2378
0 4221 2867
1 1090 169
0 1373 1867
0 4562 1447
0 1560 2364
1 908 1518
0 2290 3784
1 1868 1391
1 4978 800
1 2467 3649
1 4754 2688
1 3305 4696
0 2844 2320
1 4682 4472
1 4435 706
0 2048 4013
1 1917 1043
1 4851 686
0 1482 4575
0 1117 3985
1 4765 4489
0 746 2067
1 3994 4845
1 690 1687
0 4848 1947
0 2217 748
1 3562 1680
1 3305 1128
1 1974 4835
0 1533 3413
1 2670 1419
1 1217 3678
1 2178 1113
0 1810 4758
1 2408 1918
0 535 929
0 3049 94
0 427 4163
0 2247 672
1 160 71
1 4540 2117
0 4564 184
0 1047 4983
1 4596 4104
1 833 3790
1 2532 3988
0 3730 2630
0 910 1769
1 1678 3740
0 1773 3228
0 2872 3838
0 3889 72
0 4784 1970
1 2318 2931
1 2411 944
0 317 529
0 4890 971
1 932 416
0 2565 4227
0 2922 4681
0 1200 2327
0 4820 3776
1 1260 306
0 3940 8
1 2102 2949
0 2292 668
1 3046 4976
1 993 731
0 460 357
1 931 3285
1 3745 1246
1 303 1754
1 4580 3324
0 1206 622
1 1285 4539
0 2105 3814
1 4815 62
0 637 1067
1 4790 4046
1 4332 519
0 3587 1400
1 4566 2664
1 3444 4497
1 4613 4957
0 1673 4380
1 2128 4540
0 2317 662
1 2038 1748
1 1894 4513
1 1875 1831
1 2180 447
0 3257 1876
0 663 4610
1 3758 4921
0 1491 2361
0 2684 4097
0 2554 766
0 2113 3644
1 1678 2537
0 838 359
0 641 2960
1 189 4844
0 4361 1529
1 1121 2258
0 2538 2368
0 4697 3133
1 2613 1245
0 145 405
1 2804 2402
1 4862 1380
0 3461 2506
0 915 3744
0 148 2093
0 3373 3626
1 4207 3870
1 3282 4630
0 2496 711
1 2016 1318
1 4105 958
0 3806 4991
0 1395 1511
1 4303 3970
1 1321 2972
0 94 467
0 1050 2980
1 204 4065
0 17 2456
1 4329 2408
0 3909 4477
1 913 2742
1 1929 3817
0 2919 597
0 873 1080
0 808 3959
0 2215 3883
1 766 1670
0 2044 3639
0 2940 4195
1 2940 1011
0 434 3338
1 2090 2672
0 287 4225
1 3904 3506
0 3588 891
1 679 1500
0 99 1826
0 865 3607
1 2830 2973
0 822 554
1 4733 1849
1 319 664
1 134 2482
1 1817 2349
0 4767 3585
1 826 3226
0 3858 3861
0 713 3796
0 2461 1423
0 2967 3407
1 4547 677
1 4967 2137
1 1699 3098
1 3816 1824
1 2493 651
0 2707 725
0 1221 447
0 435 1915
1 2341 3279
0 3548 1281
1 1135 3601
1 1037 2471
1 2101 1663
0 928 32
1 671 1896
1 823 3878
1 2997 3448
1 2926 1124
0 3320 1288
1 1049 3075
1 299 1754
1 3418 798
0 16 1644
0 1278 1020
1 3788 2414
1 1168 3858
1 420 204
0 696 889
1 4611 2282
1 580 2323
1 2514 3069
0 3621 4902
1 2266 608
1 1881 4859
1 2544 2087
0 2585 3358
1 3919 4851
1 4199 2966
0 236 3284
1 996 2265
0 512 4644
0 385 3119
1 3388 1151
0 902 1352
1 3914 83
0 1311 4779
0 3991 314
1 1698 3934
1 1888 1104
0 913 2846
0 3371 1043
1 3785 969
1 671 2323
1 4092 2
1 1816 1449
1 2312 1210
0 1330 3410
0 2577 2623
0 3477 2203
1 627 3897
1 2058 1611
0 2012 3352
1 2099 2537
0 2498 1269
1 2974 410
0 386 1363
0 4351 1471
0 2108 2939
0 4500 4341
1 1605 2243
1 1412 1678
0 1420 2821
1 1503 2061
0 476 3425
1 560 492
1 2929 1101
0 1514 118
0 38 4505
0 2974 2862
0 625 2555
0 187 2818
1 390 3297
0 3956 4509
1 1095 3707
0 3036 1154
1 2621 3487
1 3302 2862
1 3131 1754
0 342 1670
1 4291 3908
1 1755 3501
0 11 1747
0 3312 79
1 104 44
0 3863 2524
0 664 4781
1 2111 4258
1 1874 2888
0 3089 2480
0 3723 2184
0 646 919
0 3222 830
0 2526 692
0 2537 575
1 3720 562
0 164 3454
0 2422 1354
1 4972 1728
1 3483 1713
0 1037 4633
1 1261 2086
1 1707 1563
0 2152 3518
0 623 558
1 4381 4572
0 860 2032
0 4425 3142
1 2516 2173
0 4090 2716
1 688 3348
0 1130 1595
0 215 4424
1 3670 3564
0 4631 2189
1 659 1038
0 4760 622
1 742 958
1 797 4044
0 2213 2833
0 2321 4890
0 3630 195
1 157 3195
1 1708 1507
0 1081 1060
0 2801 2856
1 2956 2160
0 2668 1684
0 2609 3679
0 500 2935
1 1280 3728
0 279 4395
1 1348 3955
1 4475 224
0 2361 191
0 829 4637
0 2067 4692
0 1243 2969
0 3960 4408
1 3206 4464
1 3793 2579
0 243 4235
0 3015 4096
1 1093 1320
0 1068 2867
1 2701 166
1 2736 4000
0 493 193
1 1317 1143
1 3818 1623
1 586 2844
1 1304 1085
1 1128 1506
0 373 776
0 2137 3565
1 1141 3144
1 2647 3104
1 2910 392
0 2364 4382
0 2107 162
0 1627 1019
0 2994 1052
0 3564 4157
1 4764 44
0 2908 4097
1 2457 909
1 1083 1776
1 4220 1342
1 1995 1676
0 2281 2515
1 2130 859
0 690 2487
0 205 1826
0 2577 875
1 3687 1743
0 3118 3253
1 2690 4918
1 697 4396
1 3966 1981
1 1612 3903
0 4382 1031
1 3384 1303
0 1031 139
0 1201 4401
0 3974 1088
1 3318 390
0 3480 215
1 347 2455
1 2959 3264
1 2740 2453
0 1531 922
0 4053 3308
0 2851 3843
1 2633 2065
1 2698 559
0 4444 1197
1 2460 3976
0 1495 773
1 1377 2596
1 2420 3073
0 1102 6
0 2525 500
0 2340 2433
1 3367 3627
1 4775 2097
1 2821 4715
1 130 1439
0 1119 771
0 1577 4401
0 4033 117
1 425 1954
1 2994 344
1 1763 4773
1 4491 2637
0 4212 1763
1 4206 738
1 500 1740
0 299 1287
0 3770 3319
0 2597 3951
0 2489 2372
1 1932 4583
0 695 2868
1 4315 3331
1 336 2503
0 4977 645
0 1480 2038
0 1462 2741
1 2717 883
0 2092 2304
0 3363 805
0 3245 4702
1 1900 4089
0 2607 3594
1 3484 666
1 1292 493
0 959 3409
1 4687 300
0 4238 2441
0 31 985
1 1578 2659
1 222 2275
0 3377 3001
1 486 3349
0 1077 2457
1 864 1266
0 2216 3186
0 4184 2954
0 4393 4708
1 2513 1257
1 3446 4079
0 3571 32
1 3749 2397
0 3270 4790
1 2250 3717
0 4723 2246
1 490 3798
1 3953 2010
0 2407 954
0 905 1916
0 4590 472
0 1200 454
1 2168 1962
0 3839 910
0 2021 318
0 3224 4014
1 851 1422
1 233 2507
0 4254 1377
1 3870 1334
1 60 4718
1 3582 279
1 1124 2485
0 4607 4124
0 1550 3529
1 4576 1333
0 3139 1469
0 450 4222
0 981 2290
1 1024 1480
1 4997 3763
1 691 3637
0 3182 1950
1 821 4914
0 4684 4835
0 2057 241
0 826 1603
1 3135 805
1 2074 3744
0 1321 4150
0 2135 155
0 4199 3850
1 1567 159
0 524 4870
1 1233 1266
0 1298 4576
0 4754 1532
1 3976 1216
1 4961 517
0 2830 1984
1 1123 1682
0 4747 3985
1 1116 4572
0 3220 3237
0 4303 351
0 2597 1698
1 2295 1897
1 3695 1136
1 2501 326
1 2639 465
1 4217 4362
0 2332 2180
0 1240 1351
1 1694 611
1 2808 179
0 2075 1238
0 277 2317
0 2277 2801
0 2136 4304
0 2893 193
0 1199 2575
0 3907 1674
1 2016 4586
0 2943 3792
0 336 3497
1 2680 4362
1 78 3559
1 4814 85
1 202 324
0 1222 1808
1 4958 863
0 4132 817
1 2302 3371
0 3142 277
1 4774 1789
0 2489 4252
0 2556 248
0 2432 2107
0 429 795
1 381 3647
1 2987 4847
1 1575 1419
1 3949 1562
1 582 2959
1 2707 4137
1 221 2139
1 1317 3040
1 4702 1227
0 2016 2540
1 2131 4031
1 2435 4770
1 3903 1937
0 4633 4736
0 1900 1430
0 330 1909
0 3913 1574
1 786 1870
0 4500 4128
0 3231 1624
1 1299 3324
0 1894 2429
0 4691 1870
1 217 861
0 3825 4328
0 1727 557
0 2398 3001
0 1714 1952
1 421 379
1 2442 4312
0 3487 3007
1 2696 3398
1 4577 3176
0 2158 1982
0 2316 2131
1 3280 3994
1 429 4920
1 1333 232
1 3262 956
1 2933 828
0 3476 2226
0 4054 3799
1 1267 1344
0 3525 2827
0 4860 2461
1 1497 590
0 23 1882
0 4516 3581
1 2989 4914
0 380 4493
1 334 137
0 4068 4581
0 1993 1149
0 2940 1104
1 1942 3561
0 1508 4933
1 1774 2420
0 375 2952
1 4003 1343
1 2623 1356
1 4305 715
1 2873 4432
1 1899 368
1 2768 1674
0 1403 854
0 773 3211
1 1899 115
0 3092 866
1 856 671
0 3638 2500
0 1177 3648
0 504 2095
0 2814 1697
0 886 4455
1 1316 695
1 1052 2938
1 2179 2998
0 3262 3551
1 4666 4269
0 4479 2083
0 3459 4422
1 2014 647
1 4913 1444
0 1508 2262
0 321 1920
1 3806 516
1 3368 2890
0 1525 3529
1 1947 2349
1 2421 331
1 4198 877
1 2038 3707
0 219 3090
1 3418 1712
1 475 700
0 1245 3615
1 84 1230
1 1633 3383
0 1582 4809
1 2575 3794
0 1337 2092
1 2335 2487
1 4927 2341
1 1574 1417
1 4541 2226
1 2440 3467
1 3127 1123
1 673 2511
0 3838 2979
0 4288 4643
0 3981 2609
1 4283 3149
1 1555 289
0 2856 747
1 3251 107
0 17 3067
0 2337 2734
0 612 2354
0 2728 3105
0 3197 351
0 3489 2028
1 3546 839
1 671 180
0 39 1812
1 268 1842
0 3228 3167
1 1016 1061
0 654 3237
0 18 2906
1 3504 2946
1 1837 350
1 1467 4570
0 671 4264
1 1415 3183
1 2768 4708
1 1150 4930
1 4583 1517
0 4613 2628
0 1228 1899
0 1892 3058
1 1068 1108
1 4056 2411
1 4489 4764
0 2152 1309
0 2078 595
1 3275 4738
0 3508 2340
0 4601 1644
0 1282 4958
0 4060 4218
0 3311 3534
1 3076 1201
1 182 1184
0 3701 2683
1 325 1452
1 2250 887
1 349 1739
0 1575 1102
0 1993 2353
0 452 2812
1 246 3441
1 2196 1875
0 1816 2265
1 582 1858
0 378 1538
1 3294 4564
1 3555 1732
1 2865 4258
1 2350 2392
1 876 1562
1 4362 3688
0 1453 1266
0 1125 4289
0 1629 1846
1 542 4143
1 3774 2113
1 3306 3541
1 3447 3699
0 3598 2984
1 4117 1209
0 2493 928
0 2744 155
1 4540 4585
1 4641 1293
0 988 737
0 1038 4136
0 1513 4356
0 375 4092
0 1844 123
0 2852 964
0 1407 489
1 4791 3404
1 2216 3907
1 3413 1818
0 2653 780
0 3512 1730
0 3002 2003
0 2741 823
1 4513 2711
1 2815 4817
1 816 29
1 2365 3260
0 1025 2386
1 483 2929
0 2825 4235
1 1727 2158
1 2091 4697
1 3996 4371
1 4856 1910
0 3978 1007
1 646 2647
0 196 155
1 1256 3949
1 2608 4502
1 905 4441
0 1606 2941
1 1201 2888
0 213 2373
1 1802 2718
0 3893 3155
0 4931 2540
0 4337 186
0 625 4692
1 4215 2101
0 4785 1569
0 3202 3417
1 2471 813
0 2699 2130
0 415 4714
0 2411 2599
1 162 2483
0 1792 2511
0 3135 4724
0 2257 242
0 3394 2513
0 2352 2319
0 2704 857
0 1422 4000
1 1385 3692
1 2363 682
0 1521 4143
0 4750 3406
0 463 561
0 2248 4280
0 2189 4364
1 2482 1970
0 4723 1832
0 1305 4480
1 1831 3260
0 2387 1331
0 745 2288
1 597 3284
1 808 502
0 2897 415
0 1080 3036
0 4500 1480
0 911 1042
1 3043 1214
1 2532 1445
0 2822 3947
1 2209 767
0 1776 4749
0 620 1433
0 1980 2573
0 401 1891
0 1926 1166
0 93 1053
1 4274 4506
1 3858 36
1 139 14
0 1807 1702
0 2579 4670
0 499 3262
1 4378 4935
0 3070 653
0 4063 4025
1 3163 717
1 784 4792
0 3916 4332
1 1307 4734
1 757 2597
0 2455 3313
0 1574 3515
0 1592 3791
1 3933 2559
0 3281 2516
1 2572 3599
1 45 1211
0 3732 4294
0 920 2585
1 1621 1452
1 2408 4939
1 4000 1690
1 965 3577
1 3842 3793
1 2490 721
1 48 2068
1 4791 4749
0 3961 1917
1 1242 3043
1 2640 2459
0 2957 1520
1 4038 4849
1 3044 3215
0 864 2949
1 2983 771
1 3246 1013
0 1138 4471
0 305 3593
1 1585 1112
0 1468 4526
0 36 1318
0 499 1228
0 4049 3992
0 1736 1007
0 3523 1396
1 321 3233
0 363 3801
0 4428 2774
0 484 919
0 1558 3414
1 1322 4435
0 4969 1002
0 1066 2508
0 2965 3820
1 2457 4602
0 3378 1035
0 2667 1469
0 1915 3678
1 2465 2546
0 4823 946
1 1560 586
0 1424 2014
1 1773 1822
0 2125 2027
1 1318 1989
0 1862 1468
0 1652 1153
0 1677 4959
0 1121 3104
0 1305 1775
1 1310 1593
1 1498 1077
0 1683 2874
0 3752 2368
0 74 3568
0 663 1835
1 4121 2459
0 3708 3547
0 3598 797
1 2113 3033
0 1839 4021
0 1807 609
0 4704 339
0 2024 495
0 2876 4228
0 1766 3924
1 1620 329
0 2845 1247
0 479 2047
1 3786 4730
0 838 1707
0 3951 372
1 4611 4967
1 3611 3557
0 4138 670
1 2413 1516
1 4657 4920
1 4615 4969
0 745 1386
0 1035 4436
1 1132 4822
1 1570 551
1 966 43
0 4887 963
1 1298 4065
1 2318 1585
1 1633 608
0 4236 2233
0 3889 2981
0 2157 2726
1 866 1481
1 1690 1856
0 2063 491
1 2069 3207
1 3562 2866
0 3148 1722
0 4070 2317
0 4628 3042
1 3942 4709
0 1458 2524
0 822 4553
0 4781 3351
0 4533 2216
1 1831 2659
1 4789 3123
1 1394 1753
0 4956 2035
1 2382 1070
1 2244 1960
0 417 1958
1 3822 141
1 3209 1084
1 4907 4160
1 3604 3946
1 4985 23
1 3651 3934
0 4159 579
1 940 2335
0 1334 1513
0 2015 4823
1 1642 4672
1 1990 4801
1 4096 812
1 984 3338
1 4339 795
0 4578 3657
1 824 1256
1 1219 1172
1 351 3093
1 3496 3719
1 1728 375
0 1266 1812
1 1592 3801
0 4732 557
0 4142 1890
1 402 4431
0 2564 2700
1 2451 1697
1 4251 4099
1 1807 2288
0 2960 4621
0 206 1058
1 1484 1155
0 3767 1238
1 1189 2525
0 2631 254
1 2383 2077
0 405 3055
1 1939 1361
0 1234 3195
1 1057 3282
0 1079 2462
1 4509 46
0 14 2004
1 1407 199
1 4490 1585
0 477 1420
1 3437 4526
0 3691 4276
1 3333 2261
1 4040 1358
1 2408 4466
0 2937 1943
1 4916 1061
1 1540 97
0 4807 1949
0 4530 1377
0 814 4239
1 4489 2684
1 1023 2757
1 2168 4263
0 3833 81
0 4309 2135
1 4021 3782
1 298 3763
0 3028 396
0 340 4271
1 4899 3742
1 2297 4892
0 61 238
0 1006 1913
0 2224 2324
1 883 2980
0 4421 2166
0 162 93
1 2365 3071
0 2736 265
0 1233 1243
0 4211 4877
0 694 734
0 866 4063
1 4731 333
1 2466 3247
0 358 2531
0 650 3780
0 121 1072
0 4116 3608
1 1350 1549
1 4296 1924
1 668 2565
0 2124 1
1 2375 806
0 1202 3606
1 1131 4370
1 4027 294
0 382 1225
1 2800 2366
1 4993 3748
1 2190 2853
1 3216 4639
1 3982 1909
0 3133 2403
1 2424 460
1 2575 771
0 2395 503
0 4248 2879
1 2353 2679
0 3435 475
0 3137 3083
1 3605 1345
0 4510 2472
1 3037 2321
1 4790 48
1 3173 2660
1 4035 72
0 2896 2203
0 833 3398
1 192 420
0 2462 4453
0 881 199
0 3008 4844
1 83 4583
1 3108 3453
1 1722 4915
0 4505 2960
0 3046 1691
0 1777 3146
0 4145 4603
1 1335 2500
1 2877 3415
1 955 2439
0 3110 2987
1 1815 3551
0 730 2014
1 3648 4554
1 1125 4702
0 1450 1346
0 2521 3240
1 2609 2538
0 337 3191
1 556 2709
0 4061 2627
0 3966 1532
0 4026 4448
1 1102 568
0 98 1209
0 467 17
0 1600 3201
0 736 3063
1 1274 995
0 1651 1546
0 1792 3859
1 2275 2048
0 4556 1862
1 627 4246
1 1911 1196
1 2046 1839
1 681 820
0 1385 3532
1 2574 788
1 910 1996
1 1881 2909
0 861 765
0 4437 4257
0 290 1155
1 1263 382
0 4600 2236
0 3051 408
1 4871 3837
0 2112 1050
1 772 4584
1 45 3932
1 288 1878
0 658 2440
1 2635 4873
0 4629 162
0 3018 3487
1 1698 1573
0 1260 1442
0 1301 2285
1 4335 3716
1 2343 2995
1 914 2590
0 4348 1376
0 1904 1049
0 2102 3433
0 3943 3230
1 744 1730
1 4448 1737
1 3509 2148
1 3601 4778
1 3109 1237
1 4109 3751
0 3652 974
1 1675 3511
1 2542 3193
0 1257 273
0 2041 4364
1 4358 3104
0 2009 4294
1 450 1905
1 644 1038
0 2224 1136
0 2256 1377
0 518 3078
1 2051 3682
0 4733 4103
0 3222 2096
0 3650 2268
0 79 113
1 1988 2347
0 623 4416
1 4653 1056
1 206 2165
0 4717 777
1 1755 1718
0 3207 4422
0 4418 2490
1 97 1428
1 4812 4564
0 1919 2830
1 1602 3844
1 3874 1774
1 62 2525
0 3413 1796
1 1287 513
0 4780 3765
0 3791 508
1 4452 1208
1 4907 3592
0 3931 4480
1 760 2354
0 787 4542
0 1654 394
0 1198 1386
1 2691 1246
1 4013 2479
0 1425 4791
0 1939 2390
0 2821 769
1 3687 3207
0 2094 4042
1 1540 372
0 4214 1593
0 2602 4456
1 39 2561
0 610 3091
0 1863 1205
0 4001 2576
0 183 4687
1 1673 1736
1 3963 2554
0 323 2279
1 2327 1853
1 1812 430
1 153 1349
1 3877 228
1 4330 1359
1 1033 4255
1 1113 1185
1 4193 712
1 2299 1546
0 4023 242
1 3934 1235
1 1147 1339
0 1197 4934
0 1934 4166
0 3092 2459
0 1429 2694
0 3099 2520
0 4558 622
0 3850 1821
1 2016 969
0 2746 275
1 3812 565
0 4977 4016
0 1446 2511
0 1548 3783
1 1915 3076
1 1622 1278
0 301 1519
0 4526 4306
1 2871 1690
1 4605 1220
0 2877 1460
0 1420 3732
1 1718 4380
0 2511 4524
0 3757 975
0 4844 273
1 674 1813
0 2925 3944
0 458 1451
1 4489 3946
0 2265 296
1 1877 2169
0 1601 1953
1 1242 2940
0 1983 4020
0 3996 441
1 3543 1094
1 1994 1933
1 359 3479
1 4142 476
1 3494 2514
0 89 955
1 1548 2614
1 4610 3389
1 2337 3027
1 570 1510
1 3342 4228
0 3698 3496
1 699 2858
0 1791 856
0 2362 4002
0 3634 3123
0 149 964
1 219 4820
0 4826 2119
0 3134 1754
0 2813 3796
0 806 941
1 3951 1751
0 897 3474
1 3342 3606
1 118 895
1 451 2801
0 4035 4813
0 421 4407
0 2972 4618
0 4979 4060
1 4196 2655
0 1250 1493
0 325 3638
0 4035 1665
1 631 2615
1 2783 2633
0 323 1313
1 804 1383
0 297 2921
0 3780 3028
1 3012 1432
1 1531 4372
1 2625 1771
1 3684 3265
1 537 3012
0 3204 1024
1 4506 2326
0 2825 2295
0 4585 3228
1 4294 4326
1 431 4559
1 4542 1819
0 4407 3979
0 4423 2950
1 3799 3734
1 4758 1044
0 2354 2507
0 2835 1940
0 4498 2870
0 2384 1790
1 2324 4873
1 96 3110
0 1275 1461
1 30 1387
1 909 3786
1 4981 4677
0 3198 4237
0 2749 23
0 1633 2350
1 2643 841
0 3548 4555
0 2167 987
0 376 3619
1 52 1818
1 2581 671
0 2550 4478
0 3004 3605
0 691 4748
1 1165 1094
0 4483 4479
1 4289 915
1 2443 3243
0 755 116
1 1176 469
1 4824 4701
1 3964 5000
0 2582 4652
0 2273 4610
1 1036 4436
0 2298 3459
1 297 700
0 3769 2790
0 1145 2233
0 2055 4098
1 3304 1796
0 1019 3025
1 2162 4610
1 3980 265
1 3596 3158
1 4992 2372
0 3651 922
0 4211 130
1 1364 1740
1 3472 4592
0 4230 4848
0 2167 1439
1 2381 4349
0 4332 4366
1 1186 2930
0 3968 4574
0 1347 961
0 3282 217
1 857 2618
1 1825 2669
1 4024 2952
0 1985 770
1 2144 2577
0 4988 1598
0 293 429
1 3575 1603
0 2229 1187
0 1952 3589
0 336 15
0 4592 3926
1 1036 3226
1 1120 2360
0 2685 4562
1 2706 2335
1 4795 3886
0 1511 4438
0 3751 619
1 382 3503
0 2992 1885
0 3730 804
1 1769 1123
0 4329 746
1 4511 4047
1 302 1364
1 1017 2077
1 1491 868
0 3521 2677
1 2723 1774
0 1044 2202
0 806 4200
1 2489 1385
0 3616 1356
0 3104 483
0 1139 4345
1 3976 1776
1 992 1617
0 2702 3464
0 3705 2997
0 1436 39
0 1836 1818
1 3158 416
0 838 1783
1 2277 772
0 3635 3408
0 1769 1634
0 3698 2228
1 657 4934
1 2751 4765
1 4697 211
1 2993 608
0 4953 951
1 2201 1285
1 1579 1392
1 953 2802
1 3451 4616
1 1575 2975
1 2120 3245
1 4069 4750
1 4897 4764
1 1651 565
0 2809 1054
1 2688 2026
0 1914 1344
1 3687 2384
1 1034 4710
1 3149 2883
0 4376 626
1 480 3568
0 4904 429
1 2822 2288
1 3690 1050
1 616 1962
0 4717 3854
0 3298 1312
0 4363 1950
0 4255 4627
1 4 1385
1 2724 2064
0 3891 4386
0 2036 2068
1 3177 110
1 3937 2640
0 1813 1831
1 1167 2407
1 867 2203
0 4681 1095
0 1649 3802
1 2267 4218
1 1196 135
0 305 1844
0 4419 4735
1 2602 2033
1 4680 799
1 215 1815
1 2460 4399
0 4840 2089
1 2189 3287
1 727 903
0 3311 4919
0 803 2834
0 4715 1733
0 1206 3886
1 4623 3658
1 2722 3325
1 604 4634
1 2660 2530
0 1007 4074
0 2645 807
1 2326 1465
0 3094 421
1 2010 2186
0 630 429
1 2270 1917
0 292 4687
0 2301 4630
1 486 4640
1 2959 4717
1 2504 2410
0 2538 2166
1 1121 755
0 1692 4610
1 2175 1887
0 406 2832
0 1894 4139
0 723 148
1 4796 2600
0 286 765
0 2337 63
1 1123 3457
1 2554 4062
0 3269 1839
1 4859 2745
0 1511 4286
1 2025 1948
0 4930 4545
0 675 3467
1 1587 2715
1 2189 1052
0 136 3078
0 86 1381
0 1927 2721
0 4314 2320
0 2589 1589
0 4492 487
0 2466 1279
1 108 4668
0 2128 1380
1 3860 1402
0 513 1061
0 3230 4979
1 1845 3044
0 1043 2580
0 3928 3655
0 3160 1375
0 395 1758
0 4160 556
1 1560 389
0 2957 3165
1 2152 3436
1 2835 2458
1 2563 345
1 3813 2544
1 420 3265
1 1086 1268
0 156 971
0 264 4316
1 4211 3701
1 2227 4276
1 2538 2641
0 3348 327
1 3895 2363
1 2864 958
1 3559 274
1 2168 4772
0 3805 3628
0 3743 3369
1 4964 36
0 1240 3336
0 687 1041
0 2234 4676
0 1671 403
0 3555 4017
1 1971 852
0 1327 2940
1 97 2676
0 475 171
0 3370 608
0 648 4058
0 3305 2707
0 3044 3741
1 4884 4786
1 4917 915
1 3109 1433
0 1728 4900
1 145 3007
1 1237 474
0 4842 1169
1 1562 278
0 1059 2198
1 2058 361
1 1274 1844
1 4105 3866
1 875 24
1 3347 481
1 230 2979
1 862 1231
0 3898 415
1 3200 3997
1 4532 4076
0 1977 1506
0 1586 2269
0 3168 4926
1 2835 112
1 3064 3420
1 1539 550
0 2038 3339
0 869 3364
0 2840 3740
0 2530 3175
0 2077 2063
1 324 861
1 4593 3241
1 3671 3896
1 1865 3632
1 1233 1552
1 1724 1978
1 2047 1799
0 2608 3149
0 4713 770
1 1679 1642
1 2970 3886
0 1775 2888
1 2481 2341
0 3932 1318
1 1117 2783
0 1681 1605
0 972 660
0 1958 4369
0 4475 1838
1 2373 1082
1 1114 2712
1 2110 3363
1 3184 647
0 1462 1720
0 4732 4059
0 924 1837
0 3614 2641
0 1328 4072
1 2717 828
0 4944 2609
1 292 2411
1 3553 4930
0 4083 1275
1 3954 328
1 1004 1997
0 1653 1530
0 1119 1727
0 192 3531
1 4940 2305
0 1342 3412
1 1009 1629
0 3728 1127
1 271 1459
0 2148 3514
1 3256 4571
0 502 4627
0 4413 2590
0 1856 628
0 841 2413
0 2136 3307
1 2209 1633
1 4398 1056
0 4830 4839
1 2935 3154
0 1985 3688
