5000 5000 5000 5000
1 764 2034
0 3041 2084
0 4191 1596
1 3020 3711
1 4813 1461
1 2825 2534
0 3514 2907
0 519 3732
1 2418 2123
0 997 181
0 369 115
0 2737 4795
0 883 2626
1 519 1493
1 564 3839
0 4088 1887
0 3057 3327
0 459 2106
0 3172 669
1 587 4855
0 1407 3224
0 2567 3023
0 3526 1336
0 1466 2790
0 2873 2949
1 3149 1071
0 426 1381
1 1603 3543
1 2645 1911
1 2672 2242
0 2252 3497
0 2015 3065
0 265 4716
1 540 3835
1 2274 4240
0 716 3118
0 572 81
1 250 3833
1 710 3593
1 4060 1713
1 2097 3281
0 4042 4780
1 3198 1929
1 4790 1840
1 1385 4886
0 3433 4346
1 2241 549
1 3972 4832
0 519 4598
1 3045 2066
1 1131 1421
1 2141 624
0 1409 720
0 95 607
0 3685 4054
1 2733 4191
0 2580 1911
0 537 3201
1 3750 3910
1 4994 161
0 4640 431
0 1272 1288
1 3830 1533
1 975 143
0 2470 4326
1 4956 4393
1 2468 3298
0 2727 1303
0 3079 3300
0 4222 1893
0 733 3692
1 442 2324
0 4326 4918
1 4450 1008
1 4151 3779
0 1452 3229
0 4151 2840
1 4661 2830
1 3894 3606
0 520 1819
0 969 3569
0 312 2340
1 1078 3751
0 4294 326
1 4242 732
1 4086 2589
1 3162 3756
0 2349 1761
1 1601 500
0 595 1875
1 4147 2127
0 853 4623
1 4841 1656
1 2439 1233
0 172 3312
1 3020 989
0 427 1760
0 1113 341
0 4421 978
1 140 4250
0 1500 2742
0 3079 2307
1 3750 3364
1 3946 2299
1 4153 953
0 2244 3535
0 2294 657
0 4307 138
1 4871 4806
0 2483 146
1 4627 4090
0 4411 993
1 495 1225
0 4293 3032
0 3836 4474
1 3166 4371
0 3921 2315
0 3502 1585
1 2877 1483
0 4203 2396
1 1104 3571
1 2477 3366
1 474 4783
0 2181 73
1 4630 3346
0 4851 1989
0 822 4410
1 4820 3058
1 2728 3090
1 1555 2536
0 134 3703
1 2948 3486
0 1396 1592
1 867 250
1 1433 2296
0 4764 4231
1 4401 3250
1 707 1307
1 114 4538
0 538 983
1 624 1826
1 3748 1845
0 585 3144
1 2237 2426
0 3497 956
1 3578 215
0 349 159
0 3244 3174
0 856 2244
0 1406 3097
1 4718 3874
0 3094 2687
1 1104 3924
1 4125 3753
1 2778 1543
0 2577 1271
1 88 3125
0 2365 4749
0 757 3770
0 1191 1269
1 1813 1797
0 2618 33
1 2262 4881
0 134 3852
1 3559 2984
1 204 1018
0 1423 1312
0 2839 407
1 1208 2241
0 4140 4235
0 1916 1078
0 698 1332
0 953 1499
1 3782 1367
0 4415 4744
0 2576 3118
0 2151 1331
1 2249 1464
0 4450 3285
0 2385 998
0 149 3857
1 3805 2215
1 2614 2634
1 807 619
0 4395 695
0 3973 4548
1 2923 4055
0 1242 2984
1 1454 1338
0 2942 1896
0 4224 3169
0 3934 2471
1 129 3231
1 1662 3392
1 813 1601
1 2355 3501
0 2940 4919
0 4417 28
0 630 766
1 1796 2813
0 1788 4070
1 640 967
1 4891 2383
1 4866 3456
0 2331 2449
1 4251 1737
1 1965 3467
0 3218 4228
0 4176 2255
1 3177 323
1 2322 549
0 2972 2652
1 4369 3209
1 813 4682
1 1460 602
1 573 1640
1 4311 1501
1 4243 4304
1 661 414
1 2440 1598
0 3666 2119
0 252 398
0 1975 2214
0 1833 4904
0 1206 153
1 2071 2445
1 380 2935
0 2562 3895
0 3653 349
0 3705 583
1 1937 2679
0 2242 360
0 1134 3985
1 3791 4424
0 1351 3074
0 1491 1244
1 2622 1555
1 1993 1634
1 587 1185
1 1171 4382
0 3909 4342
1 3025 2377
1 269 630
0 3526 720
0 2476 3452
1 4949 3595
1 4888 2379
0 377 894
1 269 2524
0 3185 2540
1 865 3468
0 3802 2967
1 818 93
0 4305 2344
0 731 3346
1 2351 4272
1 4114 500
0 3254 2993
1 1209 2170
1 1540 2042
0 2272 3787
1 678 571
1 2493 3070
0 1234 1119
0 318 179
1 1505 725
1 960 3154
1 4620 4128
1 2689 4491
1 1258 1554
0 4138 905
0 4356 1362
0 694 2313
1 3947 1409
1 1948 1425
0 2630 3866
1 2589 2690
1 1677 4401
1 3035 4237
1 1883 2149
1 4996 2893
1 70 2512
1 2990 1978
1 793 2332
1 1703 4213
0 283 2709
0 3715 4605
1 4937 439
1 3470 1310
1 641 4571
1 1439 1275
1 2905 2728
1 4534 2999
0 2583 3000
0 420 1857
0 2811 2859
1 3187 2714
1 4415 799
1 3503 677
0 1134 4316
1 4254 2952
0 3164 418
0 209 700
0 980 2113
1 4419 3297
0 1886 2707
1 1669 1742
1 3933 1297
1 3062 1123
1 2796 436
0 2004 1439
1 434 4404
0 1230 1376
1 4658 3981
0 4917 1152
1 3404 2172
0 2041 3917
1 3548 1053
1 655 1326
1 2718 3500
1 2737 2033
0 2921 452
1 483 4201
1 3640 2352
0 335 1779
0 4076 1535
0 341 4024
0 1926 276
0 1903 1295
1 1943 468
0 3883 4075
0 2441 632
0 1499 4122
0 4009 1729
0 2897 1473
1 2396 3811
1 3820 4597
0 3810 3064
1 563 676
0 2218 3302
0 1405 1135
1 284 2389
1 4939 922
0 3895 3052
0 2785 1382
0 1037 441
0 3572 1485
1 3300 1585
0 4480 4671
1 795 2593
0 4480 2750
0 3575 1640
0 2621 60
1 2575 946
1 1719 1349
1 794 4553
0 4803 2709
1 2221 4423
0 2848 4620
0 1051 2225
0 4704 803
1 2306 902
1 2660 4301
0 1620 4139
0 3305 4514
1 1960 1343
0 32 1961
0 1940 2255
1 2640 388
0 4943 238
1 3179 2700
0 4566 2946
0 2059 2742
0 3524 3834
0 416 4149
1 1577 949
0 4558 3725
1 1551 4663
0 2078 1618
1 3904 1905
1 3595 730
0 4432 4360
1 157 2644
0 1835 1043
0 3208 1886
1 873 4567
1 3106 103
0 1478 4588
0 4457 1631
1 418 33
0 2806 2061
0 3569 2796
0 2607 220
0 1977 933
1 1675 3219
1 4048 4750
0 2712 3358
0 4825 3541
1 416 4268
0 2699 2943
0 3472 2256
0 4301 1264
0 887 4805
1 3657 1603
1 856 376
1 1541 702
0 4052 3721
1 3705 2343
0 4221 1631
0 1800 4844
1 368 2174
0 2545 3318
1 3124 4605
1 970 4042
1 3622 3145
0 2739 4821
0 4059 881
0 1809 795
1 2188 4294
0 1709 4953
0 4979 3176
1 3315 1852
1 3814 4826
0 4848 1931
1 2708 1476
1 682 1431
0 1727 212
0 2396 2386
0 1920 4215
1 1124 4418
0 2121 2793
1 3138 3833
1 1684 1424
0 1924 1907
0 2942 432
0 2234 3961
1 4396 3333
0 229 4038
1 198 3998
0 254 3946
0 2758 2426
1 3408 1226
1 3500 226
1 3311 4318
1 2033 2602
1 2099 4447
0 2316 3684
1 4583 2478
0 3582 1660
1 933 1684
0 2166 1434
0 1495 2527
1 47 2464
1 4128 720
0 3208 1996
0 4474 2575
1 2110 1137
1 2479 4238
0 2664 577
1 1009 3580
0 593 597
1 713 190
1 1953 305
0 2008 2046
1 956 3756
1 3876 1137
0 1488 4468
0 1946 2486
1 2366 862
1 3429 2244
1 1407 1011
1 3185 1630
0 1696 4152
1 1791 16
0 4416 4830
0 1961 3409
1 2915 4280
0 1378 2968
0 4645 2598
1 3270 3213
1 3497 1871
0 4823 1956
0 1359 1556
1 4747 896
0 4198 1175
1 1250 3133
1 4829 482
0 3476 1296
1 4535 2645
1 1375 4930
1 4991 1593
0 990 2647
1 2554 881
0 856 4961
0 2690 1867
0 1742 3326
0 512 292
1 4477 2729
0 486 3786
1 3432 1256
0 1920 3769
0 1853 4375
0 38 3088
1 370 3194
0 3645 1720
1 3389 1694
1 3415 3721
0 1016 177
0 826 223
0 2543 2652
1 3292 4982
0 4993 923
1 1068 4874
1 1078 2834
0 440 3372
1 3209 794
0 4431 1476
0 3247 172
0 716 29
0 2105 2126
0 3709 4615
0 706 1121
1 1563 4221
0 4580 1674
0 1324 625
0 1225 2956
1 4148 3679
1 1220 1953
1 655 1712
1 1839 3659
1 2319 3937
0 1237 1593
1 2672 1656
0 3622 1303
0 3883 3622
0 1664 1135
1 1755 4145
1 2899 2709
1 910 4388
1 4131 3052
0 4981 2039
0 1202 3900
1 4670 2069
1 4623 896
1 1870 1437
1 554 2583
1 2431 2041
1 3690 2966
0 2444 4865
0 24 804
1 2717 980
0 2054 3256
1 2209 303
0 2063 861
1 356 1940
0 1315 1596
1 1815 2487
0 3900 750
0 4341 4239
1 1305 294
0 2235 568
1 2331 4640
1 1187 4691
1 4968 895
0 631 4073
0 1494 2325
1 2774 4373
1 1139 2109
0 1955 1157
0 3807 3244
0 207 230
0 2259 4940
1 1526 128
0 372 4462
0 3933 2923
1 3481 1420
0 4256 4200
0 2898 2666
1 1014 4708
0 830 1468
1 3555 2789
1 2198 1349
0 3113 976
1 4774 344
0 4851 4836
1 296 1469
0 2235 1375
0 1866 1126
1 1939 1841
0 3369 2272
0 559 2641
1 4309 3182
1 1642 2356
1 1111 3423
0 4715 565
1 2066 2642
0 3733 438
1 2870 784
1 4744 2700
1 1549 2468
0 1253 4355
1 90 4988
1 4194 4400
0 2487 3127
0 1835 3146
0 3243 2213
1 2200 1671
1 2638 3871
0 2658 3211
0 3784 1051
0 4453 2197
1 4868 3132
0 1086 3793
0 1719 480
0 1223 1561
0 2623 2668
1 3067 4056
1 1812 1770
0 2647 1670
1 3665 2824
0 464 2857
0 456 4872
0 3289 3581
0 4529 146
1 3581 1676
0 4365 3192
1 2342 4761
1 2803 324
0 1841 2885
0 327 3984
1 2096 2724
0 395 491
1 2736 2747
1 53 1131
0 3645 1497
1 1432 4374
0 373 773
0 4880 678
0 399 274
0 4079 2625
0 2052 390
0 4371 1674
1 3898 82
0 1645 3638
0 1979 4139
1 4021 292
1 4567 3806
0 4945 4741
0 1064 138
1 1275 3787
0 2160 2880
0 3050 3722
0 1389 3493
1 4466 4952
0 60 1820
0 2173 4871
1 3299 536
0 3763 1404
1 1396 4159
1 818 3508
1 2285 4576
0 1080 2742
1 871 3004
0 1632 1388
0 4502 2213
0 4718 835
1 1690 338
0 4613 2592
1 2372 3713
1 2220 203
0 4355 1827
0 1771 3449
0 726 3370
1 2379 3280
1 2855 390
1 4296 4209
1 642 3884
1 3102 1929
1 2706 4383
1 302 2467
1 4132 434
1 1605 3816
0 4230 4814
1 4186 3003
0 108 4967
0 1037 2336
1 4367 4950
0 4968 208
0 4894 3889
1 307 2018
0 4326 3158
1 2047 73
0 3783 4694
0 4216 4065
1 843 3861
0 658 4525
0 725 1577
1 1671 4763
0 4344 3418
1 1543 3399
1 1687 1462
0 141 4019
0 235 3955
1 1667 4576
1 3047 3349
0 1553 4508
0 4947 1591
1 2094 1614
0 645 1876
0 908 4960
0 630 2798
1 3699 1445
1 2565 1937
1 1746 2425
0 4666 959
0 3540 2093
1 1707 4518
0 3754 3662
1 1210 3930
1 1555 2004
1 4700 789
0 2715 2730
1 931 2071
0 260 3444
0 2520 3983
1 4001 2313
1 3294 3983
1 4857 1735
0 3894 999
0 4519 84
1 4976 2986
1 1174 1793
1 1872 1237
1 932 478
0 4639 2649
0 3399 2862
1 624 2240
1 3891 4343
1 3919 1374
1 3839 933
1 2482 4684
0 4022 768
0 374 1920
1 4362 4741
0 508 1813
0 4971 2847
0 4395 1788
0 3174 726
0 3202 410
1 306 3996
0 1558 2016
0 2558 4194
0 2902 2166
1 1269 2205
0 1667 3730
0 3126 357
0 3304 906
0 2106 4199
1 472 4889
0 2526 1242
1 1505 1352
1 2357 2165
0 2072 4970
1 1985 551
1 3405 2348
0 3218 821
0 2904 3966
0 814 3163
1 1681 3828
0 2418 4432
0 3634 3874
1 1698 2790
0 1347 3202
0 3668 4161
1 2703 1920
0 731 3505
1 4881 3567
1 2270 3121
0 2234 1452
0 752 4719
0 1307 1931
1 1324 218
0 2881 834
1 2816 947
1 228 2426
0 2272 3378
1 1039 1342
1 2312 324
0 3942 489
1 4307 3786
1 1127 3164
1 4481 1501
0 438 378
1 3075 1182
1 4242 2281
1 2521 2993
0 1463 4597
1 3566 3103
1 2405 2330
1 1977 3958
0 2218 4303
1 3950 695
1 3076 212
0 1207 1121
0 1590 4352
0 710 1763
1 2123 1332
1 462 2426
1 3683 1415
0 2892 23
1 1582 3856
1 4539 432
1 4125 1625
0 1543 2094
1 1925 4837
0 3617 1127
1 718 4547
0 284 153
0 4741 1171
1 3384 3936
1 868 1011
0 4323 3562
1 517 1527
1 217 1826
0 2044 2694
0 1120 512
0 2446 4280
0 229 751
1 382 3270
1 3183 1036
0 950 4460
0 1399 1193
0 1547 1731
0 3560 556
0 1350 723
1 2432 3173
0 28 4
0 1187 3087
0 4105 988
0 2122 2048
1 2692 1446
1 3182 3530
1 959 1583
0 95 4769
1 4991 1364
0 3645 4514
0 866 3548
1 2698 4990
0 3956 2215
1 889 2939
1 3055 4858
1 1974 2867
0 2976 4544
0 4980 599
0 401 4459
1 3447 2295
1 4293 861
0 892 2266
0 531 1774
1 2086 3768
1 1426 753
0 687 684
1 1156 444
0 577 2202
0 1756 4351
0 110 176
1 2142 4424
0 3802 1739
0 4868 4664
1 781 532
0 1161 2857
1 4567 379
0 1530 2154
1 4434 657
1 4541 1434
1 3579 2945
1 866 740
0 4413 2486
1 1687 4853
0 315 4720
1 69 456
0 695 3646
0 845 1563
1 1547 1027
0 3323 1417
1 4813 1554
1 2972 3111
1 2098 1077
0 159 4309
1 3887 60
1 2465 3092
0 3435 2534
1 2787 2148
0 1565 3232
1 1070 972
1 2454 4554
0 1548 2810
1 2954 1682
0 2566 2314
0 3816 2923
1 4016 18
0 4812 3315
0 1236 3435
0 2566 4586
1 4830 3909
0 4506 4389
0 1089 4425
0 1751 721
1 1174 369
0 807 1136
1 4572 3936
1 2099 4964
1 267 2237
1 102 157
1 4166 4125
0 3399 3945
0 4661 2980
1 3695 3738
0 229 3164
0 3315 4340
0 4235 2112
0 4321 4014
0 4568 1937
0 4685 3079
0 120 1353
0 4249 2752
0 3012 3489
0 1423 4441
1 4636 4630
1 3002 1474
1 1550 4610
0 2103 1141
1 2302 1548
0 3238 4075
0 2081 3121
1 2871 1534
1 536 21
0 2276 1444
0 1714 787
0 1437 2705
0 35 2427
0 2194 178
1 1209 4350
1 3971 4531
1 1300 166
0 4998 1853
0 3122 4601
1 4425 4924
1 1134 1610
1 1672 2352
0 140 897
0 2921 4644
0 584 1284
0 202 217
0 3281 4534
0 1844 3052
1 474 1055
1 3507 2898
0 806 2118
1 1628 3287
1 3044 4738
0 1656 1921
0 909 208
0 58 817
1 1487 4061
1 3428 2268
0 4648 1844
0 913 2247
0 440 140
1 2650 48
1 3184 4969
0 2826 745
1 192 4579
0 2048 4979
1 2023 2479
1 2762 1390
0 464 4258
0 599 4624
1 3473 2030
1 2122 2814
0 4885 3475
1 1201 4410
1 1641 423
1 3725 2012
1 2656 2947
1 562 1260
1 2395 3555
0 1519 4573
0 593 3894
1 2051 216
1 1477 3273
1 3124 1139
1 2108 2702
1 4642 1894
0 4811 2755
1 207 759
1 3027 2317
1 158 774
0 1394 2899
1 1341 213
1 1341 4624
0 1018 4928
1 4620 98
1 1177 537
1 1855 1047
1 1784 3260
1 3941 4770
0 2289 3738
0 1137 1403
1 2073 3093
1 3332 1365
0 3513 2541
0 1148 3000
1 1610 2586
1 709 1454
0 2751 2862
0 1137 2860
1 3225 4008
1 4126 3119
1 2615 3609
0 1381 142
0 2233 3601
1 4088 1202
1 720 1046
0 475 498
0 410 4537
1 848 1812
1 678 2014
0 4770 2636
0 612 4290
0 3510 2415
0 1322 3080
0 3352 707
0 4334 1781
0 2493 1287
1 1808 553
1 2158 1545
1 2458 2859
1 4859 3272
0 47 3402
0 4470 3128
1 1684 2852
0 930 78
0 1759 4579
0 921 2863
0 2404 4136
0 4287 1533
1 1238 536
0 3333 4726
0 1504 755
1 1971 1562
1 4635 4442
0 3973 4487
1 1045 4838
0 3672 754
1 2903 4144
1 4571 2510
1 3967 3426
1 2893 1690
1 4128 1711
1 2027 4594
0 3311 399
0 3692 1583
1 3401 2656
0 4897 2492
1 573 2806
1 1163 2863
0 1175 880
1 2934 1807
0 4231 1739
1 4714 3400
1 1053 4669
0 4926 3905
1 1649 998
0 4619 4320
1 2851 2710
0 1597 74
1 2189 4203
1 288 3268
0 4106 3611
1 1554 4123
1 2501 839
1 3384 1437
1 452 4126
1 363 1481
0 119 293
0 3996 4609
0 2378 105
1 1898 2762
1 809 4178
0 1009 918
0 2117 2522
0 2040 4327
0 253 1805
0 605 2196
1 409 444
1 480 2027
1 3735 1707
1 110 603
0 799 3311
0 175 4131
1 741 209
0 3873 99
0 3467 986
0 3050 79
0 1278 1666
1 104 1691
1 614 3495
1 1960 4359
0 286 819
0 895 405
1 1029 4286
0 1424 1266
1 2113 4564
0 2104 2280
0 3001 3030
0 2773 628
1 4031 1992
1 332 3278
1 1064 1689
1 505 4918
1 224 608
0 2076 3935
0 732 431
0 3439 3459
0 2544 3565
1 2184 1646
1 555 2645
1 4613 3232
0 3308 389
0 3399 4499
1 2264 4558
0 4033 1299
1 4197 1471
0 2512 1680
0 200 498
1 2162 400
0 373 3888
1 3744 1777
0 3935 2341
0 3793 4240
1 2888 3832
0 4796 1214
1 2588 2227
1 1881 1547
0 3957 3736
0 3056 1771
0 3051 370
0 2588 760
0 3693 4311
0 4456 105
0 2866 4120
0 1752 2282
1 2524 1341
1 3631 2702
0 4430 4733
1 89 2406
0 3694 3622
1 101 2388
0 103 4619
0 2888 203
1 340 2794
1 749 3758
1 521 269
0 2123 4889
0 2519 1076
0 3471 4288
0 3381 509
0 3894 493
1 4220 2041
0 1483 607
0 2304 4666
0 2506 4260
0 290 3747
0 3879 4567
1 4122 3488
1 172 2230
0 976 3901
0 754 2876
0 1433 2602
0 888 1197
0 2962 1745
1 1345 4036
1 367 85
0 310 3335
1 1813 2664
1 2793 91
0 499 270
0 14 2072
0 1857 40
0 4765 2478
0 692 1422
1 4208 3372
0 4135 3837
0 4233 4037
1 2819 1011
0 3990 4732
0 4964 2464
0 4399 4667
0 3817 787
0 421 1158
1 205 932
0 1618 3432
1 3574 2500
0 969 4986
0 1267 3418
0 2073 473
0 2413 1591
0 1856 219
1 4369 2107
0 4293 4478
0 116 29
0 2913 2283
0 2564 3374
1 3014 1845
0 2600 897
0 3629 3963
0 2683 673
1 4570 957
1 1289 192
1 397 4921
1 4824 2700
0 318 2806
1 1483 4502
0 254 3883
1 2789 4931
1 3274 2975
0 309 1826
1 570 2219
0 1498 892
1 1679 1856
0 4301 259
0 2769 2836
0 3430 1873
0 868 4714
1 131 2348
1 3983 3012
1 3165 824
0 1505 3467
0 3461 4750
1 270 362
0 1362 1368
0 3962 2439
1 3364 732
1 3598 3155
0 637 1702
1 2447 3140
1 1117 332
1 235 1391
0 1286 4664
1 4090 4373
0 291 428
1 3120 2210
0 3330 2673
1 4643 2089
0 315 538
1 1554 2520
1 4886 1230
0 184 1893
1 904 3832
0 799 3696
0 1195 39
1 2128 3264
0 4072 4247
0 1968 605
1 25 4913
0 2769 365
1 495 98
0 2740 953
1 4039 1826
0 807 918
1 4715 2037
1 4830 4379
1 4666 3974
0 1328 4071
0 3808 3871
1 4272 1739
0 491 1050
0 4133 2594
0 613 1326
0 1969 3556
1 1494 438
1 3834 858
0 519 3522
1 4757 145
1 2217 2847
1 4889 4650
0 2013 2603
0 3644 4171
1 3339 1621
1 2395 4094
0 3651 1462
1 1701 370
0 533 937
0 2369 1898
0 1587 1069
0 2363 4723
1 445 1603
0 977 3282
0 481 1646
1 3663 2449
1 1049 4106
0 2884 4098
0 2839 3294
0 2727 863
0 4088 413
1 1919 3136
1 1377 1918
1 4264 917
0 1776 1393
1 3527 1014
1 3305 1510
0 679 264
1 1508 298
1 1401 149
1 3358 4257
0 3277 2032
0 3732 3999
0 4178 4871
1 80 3465
0 3139 1669
1 3778 1496
1 1924 4331
1 2663 4692
1 3299 1169
1 3402 1971
1 2762 3063
0 4518 2670
1 4378 2316
0 98 4999
0 2573 2809
1 4274 3967
1 1802 2164
1 1531 3767
0 3839 1038
0 3712 1984
1 2235 4116
0 4390 979
1 311 3143
1 4366 4585
1 1523 663
1 4851 2291
0 2589 4273
0 2320 2678
0 4829 965
1 2782 2517
1 2280 1197
1 3023 1267
1 1344 1661
1 2531 2023
0 2133 504
0 5 52
0 4969 2484
1 628 4984
0 1442 1571
1 2652 1809
0 4779 3277
1 3329 4412
0 1867 430
0 4752 3458
1 1212 154
0 3720 1358
0 916 1969
0 1122 1815
1 2435 786
0 2461 1498
0 4048 907
1 4662 3498
0 2168 2011
0 1891 1402
1 3969 1287
1 1136 3736
1 932 1443
1 4179 3960
0 2551 539
1 2771 4084
1 2890 282
0 29 4637
1 3774 4403
1 1562 3726
1 4086 3850
1 2910 2402
1 2114 3830
0 1491 4524
1 4604 961
0 2106 4948
1 3742 1767
1 3393 4415
1 2251 3206
0 1249 4116
0 2517 4968
0 2857 2000
1 4379 179
1 3767 3974
0 2791 3538
1 872 3788
0 3 4491
0 455 3106
1 4855 168
0 3 3461
0 4655 3133
0 3935 1681
0 476 3973
1 1182 706
1 4834 2511
0 1634 1201
0 2846 4115
0 3985 1377
1 2184 4710
0 4522 2940
1 4379 4382
0 3857 3587
1 254 2206
0 1573 1269
0 3450 1033
0 2923 4896
0 3061 4389
0 1914 756
1 3430 1783
0 263 4652
0 3756 2957
1 2740 2595
0 4047 3780
0 4155 1562
0 3701 1209
0 4791 2114
0 101 4510
1 1204 727
1 874 1552
1 4537 4519
1 1877 3654
0 493 3353
1 136 2936
0 1122 2785
0 2536 1828
0 761 2912
0 1964 3613
1 4263 3934
0 4410 2138
1 3971 4901
1 2269 3155
1 252 1906
1 1639 2735
1 386 3882
1 3298 3592
0 4864 4346
1 276 2824
0 2437 1650
1 4668 4158
1 318 3281
0 3540 466
1 4237 209
0 4262 552
0 785 3714
0 3993 4035
1 411 1798
1 2315 3
0 1296 3775
0 2102 554
1 2632 88
1 576 2959
0 3371 4553
0 1697 4029
1 3340 2653
0 1827 2054
0 612 4952
0 206 1922
1 4497 1618
0 1291 3820
1 986 4965
1 4681 4039
0 3257 4696
1 4322 1928
1 538 821
1 3755 4742
0 4461 3723
0 4128 3130
0 3767 776
0 2160 3820
0 4080 2728
0 2065 1838
1 836 3826
0 1688 3649
0 4124 4854
0 664 2808
0 3008 3689
1 1932 733
0 4308 365
1 3901 2425
1 2114 1231
1 402 1561
0 3497 2102
1 2100 729
1 797 3841
0 4636 4020
0 2737 1699
0 1792 2454
0 2285 2160
1 1429 3311
0 3149 328
1 407 2692
0 3131 4456
1 2605 387
0 514 2193
0 2295 4213
1 4190 4407
0 1278 2130
0 2227 2229
1 2817 267
0 4443 3751
1 175 396
1 4421 2467
0 1203 868
1 3014 1271
1 608 843
1 1027 2899
1 4556 2030
1 1673 1622
0 3407 1705
0 1579 3007
0 450 3979
1 3797 4953
1 4498 1633
0 2746 315
0 2600 3438
1 2527 4206
1 285 4723
0 1555 1593
0 4334 1815
0 2582 4353
0 1501 3732
0 1470 1394
0 4368 3045
0 3898 4918
0 2557 1814
0 4167 1289
0 3451 1138
0 3807 4423
0 2648 1916
0 4892 4601
1 828 2171
1 4922 4888
0 1896 2297
0 939 4362
1 811 2631
0 2419 4929
1 926 3545
1 4419 4199
0 3920 4848
1 1452 3971
0 2698 2616
1 3339 1236
1 1732 3113
0 2225 1917
1 4005 4626
1 2152 1581
0 1154 151
0 3914 3752
1 1972 2299
1 188 4296
1 374 2459
0 3965 2978
0 3607 673
1 883 4943
1 2390 4255
0 2199 2287
1 1490 1783
1 1855 40
0 600 2935
0 244 3598
0 890 3723
0 2031 1584
1 4859 4802
0 2877 2618
1 3635 2634
0 867 2143
0 697 2617
0 2875 3383
1 617 4699
1 4372 4156
1 4741 615
1 4425 79
0 590 2497
1 450 187
0 3593 147
1 3767 1140
0 891 4773
1 3558 533
0 1539 954
0 2716 4544
0 1225 740
0 2169 1464
1 1376 809
0 2155 987
1 514 301
0 2341 2184
1 616 1722
0 514 1548
0 4018 1590
1 4899 1198
1 396 2244
1 3151 3395
1 4683 4696
0 3820 2232
0 764 2912
0 3925 3262
0 977 1816
1 4581 3160
0 1213 3721
1 4766 1185
0 10 927
1 1021 4784
1 1091 244
1 2313 3874
0 4370 445
1 225 4693
0 194 41
0 3581 2069
1 2245 1594
0 2170 2883
0 4458 4729
0 1871 4925
0 1613 1869
1 788 2217
1 3812 1233
0 1129 2836
0 2878 233
0 163 4869
1 2655 1334
0 2035 572
0 4567 3132
0 3834 1675
1 1736 4113
1 3199 4550
0 4523 1194
1 2197 1145
1 3560 1741
1 552 3794
0 4937 3083
0 512 2766
0 1023 1247
1 1732 2159
0 88 4144
0 102 2572
0 2809 134
1 3706 2709
1 4526 3387
0 4191 4282
1 1239 163
1 2317 656
1 3042 3288
0 1028 2654
0 2009 3611
0 649 3896
0 439 3647
1 3013 2067
1 3538 4971
0 1957 1182
1 1475 2836
1 3734 294
1 1275 539
0 4059 656
1 761 1137
1 3949 3079
1 4596 998
0 1548 1000
0 4331 1026
0 3535 4005
0 3495 857
1 2120 240
1 803 3042
0 4700 4401
1 2103 2907
1 2901 1098
0 1419 4404
1 2417 3392
1 593 3244
0 2909 215
1 819 1084
1 3092 4874
0 4744 3058
1 2717 4894
0 2842 1736
0 3237 1648
1 1518 1295
0 1804 1111
0 3744 3561
1 2796 1221
1 881 671
1 665 2952
0 4434 1927
0 805 4067
1 636 41
1 1824 1606
0 1726 3164
1 3676 1177
1 31 2228
1 1454 951
1 4842 3448
0 3205 4266
0 4441 2012
0 931 4815
1 3136 597
1 1242 2273
1 1436 1053
1 2265 1529
0 4692 980
0 4363 2587
0 369 792
0 563 3985
0 2279 1128
1 1890 2085
0 1501 372
1 4711 438
1 4094 4105
1 2501 4975
0 4475 4199
1 2190 276
1 3534 4700
1 1071 4584
0 2786 2157
0 2067 3810
1 2770 1
1 1425 107
0 130 1568
0 2444 2192
1 328 4606
0 1734 4202
0 4643 2305
1 589 4117
0 2448 4699
1 477 1465
1 2734 4591
1 1163 1016
0 4694 790
1 2378 1982
1 2623 2141
1 3232 4021
0 713 663
1 175 4887
0 4458 2785
1 2482 657
0 605 2246
0 4222 3995
1 1149 1162
1 2553 4984
1 4365 708
0 2587 1596
1 1526 3066
1 2769 750
0 1091 3520
0 1921 684
1 1205 4589
1 4773 925
0 4852 4307
1 1242 648
0 1076 2873
0 4901 766
0 935 1455
1 4987 1778
0 38 2606
0 2026 3410
1 3662 4699
1 1919 2914
1 1101 2392
1 1631 1298
0 4744 954
1 2331 519
1 2040 3875
0 1306 2341
0 949 622
1 4683 26
0 412 1951
0 1892 2529
1 66 2695
0 715 2307
0 1105 1893
1 4293 2733
0 3575 1072
1 1168 2711
1 3016 1360
0 748 4246
1 1431 1004
1 4712 3281
1 4706 3839
0 2878 4664
1 1399 773
1 4271 696
0 3420 2730
0 1125 3030
1 4417 4766
1 2284 993
0 4441 1916
0 483 1013
1 1811 3122
0 2468 2005
1 272 1848
1 4095 4397
1 1283 4028
0 2310 645
0 4375 1992
1 2479 1225
1 909 3312
0 2783 1053
0 1639 3114
0 3887 4249
1 368 1330
0 3439 1190
1 4329 4203
0 698 3852
1 4532 2246
1 4907 3368
0 1216 1337
1 4135 363
0 3304 4273
0 4188 295
1 4097 4883
0 4805 203
0 1555 2310
1 1825 1340
1 104 941
1 2682 4810
0 4848 1195
0 1689 2558
1 1620 4193
0 3313 2846
0 3647 3317
0 1588 2674
0 4061 3808
1 1651 242
1 4353 3010
0 1666 3208
0 2092 3474
0 4304 217
1 4531 4334
0 2740 4328
1 1778 3818
1 973 583
0 3254 2608
1 4218 1740
1 2629 1070
0 1328 2245
0 4629 1654
0 1605 1390
1 3096 1813
0 4418 3285
0 1968 510
1 3151 2109
1 1266 106
1 1700 3150
1 3512 3279
0 3047 1443
0 465 560
1 782 2586
0 572 2999
1 3249 2955
1 351 2503
0 2820 1333
1 506 2855
1 2646 4400
0 2052 3982
0 3107 576
0 1657 4804
0 2808 2056
0 3734 1642
1 2051 4830
1 334 1808
1 114 1754
1 1398 399
1 829 3653
0 900 3816
1 789 1981
0 2821 1180
1 4535 3321
1 1913 4239
1 2430 3451
0 4782 2092
0 2189 2853
1 3646 4731
0 4774 4965
1 1412 4834
1 1266 3386
1 1119 2255
1 3218 1487
0 766 3973
0 3504 4652
0 1435 2498
1 2925 1750
1 1025 2317
0 2869 2099
0 3845 3518
1 4075 2745
1 4687 804
0 3607 31
0 2939 307
1 3520 4661
1 3926 4993
1 321 3775
1 4726 2533
0 1064 1317
1 228 217
0 238 4002
1 2523 75
0 104 4097
1 568 4559
1 1927 3990
0 4017 1394
1 309 3461
0 4331 4734
1 2680 1257
0 3835 322
1 4756 3101
1 280 197
0 1695 4526
0 3343 2031
0 4377 1422
0 4201 1282
0 1871 4962
0 487 4843
0 1429 1512
1 1812 2050
1 2810 575
0 775 3538
0 1602 1043
0 2637 3729
1 1239 1127
0 4448 4319
1 4105 958
1 2300 1661
0 4203 2804
0 1468 2525
1 2350 1007
1 4922 1656
0 1162 3455
0 1074 1569
1 1098 2735
1 1543 1942
1 1136 4903
1 1460 958
0 4306 1949
0 4495 1627
1 1299 275
1 3998 193
0 2470 2149
0 4694 1337
1 2739 1691
0 1504 4078
0 237 2818
1 1424 1385
0 1549 2051
1 2815 3555
1 384 1201
0 1422 1456
1 3557 4857
1 2457 900
0 2092 3711
1 2965 3772
0 963 433
0 631 3935
1 779 2813
1 4568 4424
0 2575 1406
0 4439 4249
1 3566 433
0 4600 1356
1 2432 27
1 3242 4617
0 1924 1168
1 266 401
0 818 2673
1 4882 524
1 4086 2219
1 2186 2379
1 326 2875
1 4871 1160
1 4279 4671
0 1486 4200
1 4638 3200
1 4275 2389
0 1270 2785
0 4484 1433
0 2305 112
1 4476 4449
1 1702 1705
0 1880 3230
1 2045 618
0 3473 2268
1 240 708
1 2968 2439
1 147 3476
0 208 2388
0 4512 4016
1 1986 1232
1 2575 2804
1 407 2153
1 2133 1443
1 4776 286
1 3592 1318
0 4449 2835
1 4413 3436
0 4033 2719
0 1189 422
0 2275 3059
0 3841 3118
0 4011 391
1 4985 3304
0 391 2336
0 2453 690
1 4103 440
0 1961 4949
1 983 4100
0 1851 3443
1 2357 2370
1 4619 2920
0 261 1710
0 2672 3607
0 3521 4172
1 697 3961
1 761 2985
1 807 2540
0 798 25
0 1335 2065
0 636 2437
0 4949 2520
0 4121 4143
0 130 1190
1 725 4364
0 542 2501
1 2888 4364
1 2754 2280
1 1625 2672
0 4614 1667
0 3452 786
1 2417 541
1 4520 4588
0 3898 4576
1 3508 2853
0 1836 4234
0 3764 665
1 4552 4389
1 467 3587
0 4226 2730
0 1076 1098
1 3117 1298
1 1483 3932
0 3075 4371
0 1466 4585
0 3102 2188
1 4995 1794
1 731 2494
1 3609 916
0 1385 789
0 2607 82
0 1176 4198
0 874 211
0 3725 972
0 3854 924
0 2192 2797
0 1864 1531
0 2415 2078
1 3841 1071
0 974 3522
0 2666 1712
0 3327 3221
0 2442 3897
1 1230 1390
1 4312 2047
0 4650 2063
1 3371 215
0 3152 689
1 1936 922
1 3513 4113
1 2880 1808
1 282 4376
0 3051 1719
1 107 92
1 2462 1343
0 4665 1249
1 3123 2923
0 4247 3584
0 492 4944
0 4386 3097
0 4192 2604
1 165 2584
0 3170 2722
1 3724 4693
0 3082 4669
1 3918 1718
0 1842 2911
1 3432 4823
1 952 2446
1 904 1960
0 1699 3912
1 1716 3003
1 2506 2066
0 4495 2385
0 3237 3756
0 917 66
0 539 3819
0 2088 4364
0 993 3947
1 307 46
0 587 1251
1 2560 670
1 1423 3447
0 4465 4222
0 1595 1285
1 158 4651
0 2821 851
1 3790 2691
1 1769 1636
1 1044 2467
0 4750 2646
0 462 851
0 2037 1042
1 940 2829
1 4729 777
1 3212 3486
0 1461 2604
1 2824 3492
1 4818 4919
1 3388 439
0 4702 2884
1 2530 2777
1 2454 2413
0 2548 1036
0 3747 1447
0 4582 4841
1 843 1708
1 2484 2400
0 3906 3040
1 2269 807
1 3461 1547
0 4319 3104
1 4668 2630
0 828 1260
0 1720 3720
0 2672 2572
1 980 1025
0 1205 3109
1 4250 264
1 2256 720
1 4907 1771
0 948 1597
0 3583 3564
1 4943 2340
1 1795 3973
0 2565 276
1 1450 1407
1 2977 1167
1 1178 3640
1 1956 2496
0 2833 3102
0 4315 2082
0 4945 605
0 2181 2402
0 1794 4360
0 3983 3052
0 4332 935
1 1501 1499
1 1349 3735
1 2964 3496
1 236 1527
0 1849 1263
0 4257 1533
1 4146 1943
1 4563 561
0 1670 546
0 2706 251
1 4053 1235
1 3367 4694
0 4017 1379
1 3667 2878
0 976 4177
1 4314 1137
0 4560 1734
1 584 1538
0 1445 3418
1 3231 590
1 1729 4220
0 4430 4492
1 2065 2914
1 3905 768
1 4274 1320
0 3710 3787
1 1725 930
1 3633 2050
0 1504 2554
0 4030 1328
1 635 2371
1 2102 1673
0 4076 2432
1 3618 998
0 3718 4427
1 3241 3080
1 3083 3918
0 4323 3451
0 622 4836
0 2696 2220
0 421 122
0 3863 3072
1 3250 754
1 498 4722
0 4961 4220
1 1616 781
0 1574 2556
0 2732 4213
1 5000 4493
1 424 4513
1 768 3143
1 4003 997
1 719 1735
1 1157 4241
0 3094 4023
0 51 1508
0 1953 2788
0 3584 710
0 458 4662
0 606 3411
0 3284 499
0 1476 3148
1 2833 1897
1 2472 2637
1 1418 4104
0 364 1529
0 1057 2768
1 1754 178
1 3292 802
0 3765 2868
0 1985 1870
1 228 4312
0 3866 2970
1 749 1855
0 1997 409
1 2008 2221
0 470 1402
0 1107 4317
1 2011 3243
1 4411 2240
1 1299 4491
1 553 3375
0 272 2610
0 3583 2817
0 4656 971
0 2118 348
0 2159 4908
1 990 1750
1 1385 1118
1 4672 4479
1 3074 4695
1 2521 4023
1 3136 1811
1 602 1214
1 4474 2959
0 3522 2868
1 3552 3210
0 2073 3001
0 620 4831
1 1421 2286
1 395 1188
0 2381 1376
0 581 3789
0 2054 4140
0 237 4539
0 4469 912
1 4752 3753
1 2646 824
1 2576 1539
1 4307 2623
1 3189 438
0 2335 4825
1 2241 2736
0 2265 3117
0 1109 579
0 4865 122
1 4259 625
0 3659 3534
1 1691 3875
1 2909 747
0 3180 2452
1 4734 3111
1 3694 643
0 4457 743
0 4509 4844
0 2041 2405
1 164 932
0 372 2542
0 4717 608
0 2546 3796
1 1305 3433
1 1853 3084
1 4609 428
1 1364 1590
1 2233 3690
1 4574 4609
0 4749 2205
0 3903 4731
0 1994 2537
1 2286 2843
0 1142 3256
0 847 3089
0 2886 1763
1 3758 4945
0 291 2164
1 4633 1676
0 2151 1155
0 2563 666
0 2545 3241
0 122 544
0 4300 1043
1 4653 4518
0 1623 2632
1 1538 4796
1 4692 1932
0 3311 4106
1 3682 4028
0 3352 4625
1 4153 4616
1 1879 1898
1 3370 1848
0 1127 868
0 263 2357
0 1167 2699
1 53 4954
1 2137 2152
1 4101 2019
1 2389 919
1 1298 272
0 4547 1904
1 763 2785
0 383 4805
1 1633 1257
0 1752 1900
0 1285 3892
1 1370 104
0 4897 406
1 2273 1090
0 4367 1105
0 2044 4718
0 3666 834
1 1708 4680
1 2233 2725
0 4880 749
1 757 4424
0 4 1831
1 4469 1186
1 2169 1633
1 4768 2107
0 4561 4570
1 4792 2396
1 634 1241
1 2183 1107
1 472 1343
1 1206 1891
0 3677 2707
0 3144 1205
1 2518 2725
0 753 2115
1 2138 4405
1 1301 2203
1 1904 3968
1 3587 1490
0 2049 4686
1 1808 4094
0 4974 3497
0 977 1921
1 2130 1173
0 4186 2024
1 3113 3577
0 1443 4238
0 3797 697
0 1837 4806
0 1617 1968
0 146 4280
0 2677 3888
0 3300 2524
1 3987 1689
1 2450 299
0 2634 2292
0 2479 2371
0 2082 2192
0 3376 6
0 2966 4242
0 3043 561
1 1549 2527
0 3333 3828
0 3278 1669
1 361 4471
1 17 1230
0 1933 4663
1 4197 3700
0 1550 1159
1 2023 1561
1 4017 2682
0 4749 2448
1 2796 2022
1 929 1111
1 1428 528
1 39 4089
1 1039 736
0 1160 992
0 860 4792
0 125 1769
0 3571 3795
1 1673 2222
0 2335 3956
1 4172 4520
0 3956 790
1 2264 1480
0 1849 4370
1 263 1498
0 1590 883
1 2028 3467
1 843 4377
1 1705 2406
1 1519 1009
1 869 1363
1 4638 3695
1 1755 2361
1 2089 2814
0 1307 2145
1 1489 3241
0 2142 3571
1 4124 2228
1 4801 3268
1 2167 3596
1 3834 2265
1 3556 2451
0 1424 3997
0 45 51
0 1760 923
1 2016 2727
0 3199 2598
0 587 4585
0 1756 2550
1 2051 3058
1 1163 1820
0 3272 2889
0 1462 3293
1 3878 541
1 315 2957
0 1372 2764
1 202 4419
1 246 2554
0 2439 931
0 2768 946
0 1189 2301
1 2930 3485
0 1026 3898
0 1368 756
1 474 1238
1 472 2611
1 3292 2671
1 1213 3776
0 4358 547
1 4784 194
1 2907 2314
1 3636 2429
1 1472 4225
0 881 2795
1 733 1901
1 572 2641
0 997 3276
0 660 3341
0 2095 2301
0 686 3097
1 4002 1873
0 4454 2859
0 1304 4857
1 3765 2336
1 914 1454
0 666 4488
0 772 3049
1 1281 1354
0 2178 4368
0 1654 2841
0 1051 4841
1 2135 1883
0 3954 3326
0 1277 2643
1 4618 4126
1 3564 779
1 1462 4509
1 3789 782
1 3732 2104
0 2537 2317
1 4661 60
0 738 1233
1 2328 1026
1 49 4959
0 3256 3169
1 4931 1015
1 2286 1126
0 2465 3875
1 2423 1115
1 4195 2082
0 3486 3644
0 3943 1846
1 64 2786
1 4628 1774
1 2473 4220
1 2567 368
1 4329 316
0 1671 576
0 2971 555
1 98 4213
0 4343 4945
1 1855 512
0 4760 2011
0 3800 2867
0 4575 1017
0 2543 3372
1 325 678
0 56 2733
1 4092 4294
1 385 3094
1 618 4692
0 997 2262
1 1137 2605
1 3409 1752
0 4591 4675
1 1820 4625
0 1593 3152
0 2625 3919
0 4212 1232
0 1516 3376
1 2212 4473
0 4598 3149
1 1324 2579
1 4165 3322
1 493 4784
0 948 2226
0 4739 1591
0 3604 714
1 3313 1790
1 158 373
0 631 1682
1 2365 2453
1 4434 2893
0 2488 4343
1 4621 4746
0 2795 3003
0 828 3208
0 4161 1952
0 2909 1826
0 2397 393
0 94 231
0 1971 325
1 3872 1244
1 73 4901
0 3380 3742
1 1205 4017
1 2303 407
1 390 1371
1 2315 4679
0 4788 3322
1 1030 570
0 4229 1960
0 3047 1749
1 4757 3207
1 2875 2466
0 3951 1516
0 961 1579
0 2390 1113
0 2337 4137
0 4373 4988
0 444 621
0 4142 2911
0 2482 48
0 884 3152
1 306 4709
0 3026 1957
0 1923 2447
0 3792 4282
0 4761 2792
1 10 1590
1 2137 482
0 3699 3503
0 1851 107
1 2020 1561
0 4804 3590
0 2886 1642
0 1949 168
0 1215 3290
0 3617 3309
1 2687 4950
1 3071 4702
0 2307 2122
0 4726 750
1 1212 4491
0 1341 1408
0 2311 2544
1 3713 3537
0 4159 1925
0 2261 3333
0 763 2481
0 1962 3354
1 3082 1624
1 1497 2152
0 320 1381
0 3330 1140
0 14 2128
1 4935 3337
0 3005 4291
0 2114 3928
0 3871 512
1 2158 1572
0 955 728
0 3856 2502
0 3099 8
1 795 1456
0 675 1971
0 2191 1820
0 2194 4011
1 1140 339
0 279 1228
1 4461 4805
1 4968 9
0 4396 2156
0 3903 1525
0 1443 1635
1 481 4258
1 1712 1978
0 3581 1144
0 2727 1200
1 2204 1012
1 3072 4956
1 3475 2083
1 4469 690
0 2580 4710
0 4825 4560
1 2371 3673
1 1296 622
1 2371 3932
1 1417 3704
0 328 58
0 4266 639
0 1984 1157
0 308 874
0 4308 3660
0 2227 78
0 755 2659
1 4551 1031
0 377 4499
1 3968 2580
0 3167 354
1 4522 4382
0 1148 4183
1 4611 4262
1 3975 1005
1 1946 2426
0 1127 516
0 4788 2418
0 2460 1900
1 1351 890
1 4638 1455
0 3814 3271
0 990 1745
1 1122 2272
0 3533 2822
0 2107 1921
1 2585 684
0 1443 1085
1 424 1833
0 4507 1030
1 3827 157
0 2969 3882
1 731 1279
0 3219 1210
0 2259 266
1 4699 4858
1 1596 4915
1 1954 578
1 2316 4641
0 326 2031
0 4166 3169
0 537 2472
0 611 207
0 1630 1954
1 3559 2666
0 1619 2922
1 2478 1128
0 4266 111
1 3900 4159
1 2530 2777
0 2213 2642
1 114 105
0 2467 2316
0 4715 3902
1 1677 3597
0 3100 858
1 1242 2612
1 2892 3847
0 763 1108
1 4407 566
1 1055 374
1 2709 76
1 1814 2826
0 2926 2232
0 2784 3293
1 2436 1371
1 3465 4774
1 89 1589
1 1332 3181
0 517 1547
1 4991 1176
0 2680 1873
0 2377 4780
0 920 2959
1 1744 4920
1 3505 3310
0 4231 4655
1 4116 4432
0 4267 1772
1 3947 1260
0 1669 830
0 3829 649
1 4445 4594
1 2130 4414
0 3804 2265
0 953 2958
0 4753 4238
1 2509 2201
0 2505 4371
1 2928 989
1 3345 2662
0 510 4675
0 591 200
0 2884 112
1 1484 3235
0 4209 794
1 2348 4747
0 2846 1801
1 4008 1737
0 2744 891
1 171 1842
0 4779 1863
0 2011 3458
1 1829 1652
1 1482 2213
0 4375 3224
1 652 967
0 4921 4307
0 797 4516
1 744 4848
1 1928 4137
0 4773 1137
1 19 3912
1 3076 2762
1 1802 3758
1 262 1978
0 4064 3996
1 4662 2173
0 3962 614
1 205 311
0 1059 3173
1 1319 4961
1 2810 1608
1 4743 3454
1 1273 4678
0 1401 3130
1 85 1416
0 3161 3055
0 4194 2064
0 4001 276
0 4706 564
0 4895 955
0 58 674
1 3310 3887
1 4863 1414
0 4806 4985
1 3019 1124
1 1548 709
0 1601 476
1 2160 865
1 641 4082
1 4525 2099
0 4067 2085
1 112 1989
1 2366 638
1 3825 2405
0 3270 3486
1 4414 3788
0 647 2670
1 2452 3461
1 768 3941
0 2701 105
0 1776 1328
0 3560 100
1 2976 404
1 1906 1468
1 92 802
1 4100 762
0 4817 1674
0 2942 4488
0 383 517
0 685 60
1 3781 782
1 279 2805
0 3848 4684
0 4060 780
0 3829 4245
1 2067 1399
1 1353 1017
1 551 2181
1 1262 157
0 238 4503
1 4826 1577
0 187 2055
1 2014 2058
0 3453 2512
1 4421 1552
0 1554 48
1 3007 2248
1 2155 901
0 2403 4839
1 2009 68
1 1500 866
1 1091 1257
0 1287 4460
1 4308 1767
1 66 554
1 2231 1656
0 2721 1330
0 3437 4816
1 2209 3744
1 4600 4244
1 3582 386
1 4610 2673
0 3563 2575
1 1366 835
0 1382 2505
1 2758 1948
1 2444 2118
0 3650 2407
0 1455 4172
0 3658 4896
0 411 4612
1 137 1806
1 4168 2688
1 1844 4693
1 1960 3159
1 3403 2851
0 3033 2206
0 3672 3796
1 2583 3102
1 324 4973
0 2393 4518
0 2638 956
0 2436 77
0 2130 4351
1 4592 1507
1 1220 1880
1 4944 1448
1 759 320
0 1815 2111
0 1876 1740
0 4275 4403
1 4304 3460
1 1517 3031
0 3880 3427
0 2090 176
0 4903 1194
1 1179 3001
1 676 369
1 2500 1705
1 1949 969
0 1123 1181
1 2300 2134
1 536 256
1 2115 493
0 396 2265
1 1383 2397
0 2281 1533
0 922 4598
0 113 2000
0 2283 1706
0 3205 2528
1 33 3259
0 132 4885
0 346 1955
1 3649 1230
1 4383 4723
0 60 2483
1 2805 617
1 1418 2600
0 193 524
0 3711 4225
0 728 4855
1 1824 1393
1 3341 256
0 2516 3124
1 1830 3658
1 1508 3472
0 3063 1709
1 4281 1428
0 2397 4729
0 2884 2879
0 2779 2028
0 3221 411
0 372 967
0 1693 1930
1 2931 580
0 4990 4850
0 4003 2728
0 2913 4827
0 4859 1864
1 2638 3110
1 3651 2857
0 720 1588
0 1131 311
0 2113 3274
0 3295 3539
1 1236 486
0 4844 4155
1 587 4646
0 2810 1408
0 4632 3641
0 277 4237
1 2265 2911
1 1850 2655
1 3921 1732
1 352 3663
1 2741 3112
1 2653 3494
1 3600 239
0 64 4730
1 2637 2738
1 819 2822
1 4670 3087
1 1005 4208
1 1214 1847
0 3699 3955
0 2418 4593
1 2546 4917
0 3109 1380
1 449 2348
0 352 1121
1 4181 1906
0 3183 3791
0 3735 120
0 3386 3700
0 3897 1819
0 1283 22
0 4115 1355
0 2851 4972
1 2320 3650
1 2437 4634
1 1370 1479
0 442 2092
0 2260 723
1 4476 875
0 2106 1046
0 3420 636
0 1863 4697
0 1717 4293
0 1309 3551
1 862 2838
0 3857 3209
0 4649 3810
1 2148 4847
0 489 2441
0 2145 351
1 1934 2713
0 4497 219
0 2583 2253
0 2423 1950
1 1898 3023
1 2009 3099
0 3814 3303
1 209 1732
0 461 76
0 2657 2929
0 1866 2935
0 3419 3532
0 4800 3553
1 2055 154
0 3872 1088
0 1275 2886
1 2472 1328
0 3316 1845
1 3272 4519
0 3357 2613
1 2096 2211
0 2744 34
0 4203 2591
0 3988 3592
0 1271 2969
0 1382 3237
1 2126 3748
1 3362 699
0 1237 3453
1 369 3412
1 2302 3093
1 1841 279
0 4508 4081
1 214 4901
0 2236 2878
0 1066 2959
1 4949 2339
1 3819 1995
0 4075 2462
0 1613 2029
0 4944 1845
1 231 2899
0 3696 718
0 753 3501
0 1272 290
1 1371 402
1 1233 3971
0 3526 4063
1 2623 4687
0 3177 3474
0 1026 1452
1 4521 4836
0 3326 2944
1 2252 2573
1 3404 823
1 3495 2025
0 1056 1525
0 615 216
0 864 569
0 1772 816
1 4232 171
0 3314 3533
1 1483 396
1 853 264
0 3664 4798
0 4689 3634
0 3833 3485
1 2412 4825
1 69 1583
0 1022 4622
1 4631 1189
0 491 1005
0 471 3986
1 434 1509
1 1588 824
1 3460 3675
1 1292 3051
1 167 1666
0 4592 2492
1 3240 2527
0 2648 753
0 4641 4965
1 3480 4699
0 438 687
0 582 3794
0 2429 1254
0 1953 59
1 4502 3663
1 1867 656
1 4754 1481
0 4028 3789
0 1014 2775
0 2451 1092
0 1054 4330
0 4273 4509
0 4524 795
0 4196 2562
1 3691 843
0 1702 1745
1 1899 2260
0 4282 2708
1 4844 43
1 1074 813
1 2987 2245
1 1483 2467
0 4706 193
1 126 4917
1 67 3305
0 4132 2114
0 2091 386
1 3468 1491
0 2474 1139
0 139 2804
1 556 4336
1 4515 2259
1 2838 1295
0 2727 2409
1 1693 2772
0 4033 3228
0 3483 847
1 1254 3836
1 933 1206
1 4370 1249
0 3984 1393
0 3390 4112
0 279 635
1 4632 488
1 3854 1039
0 4262 75
1 3221 2510
1 348 4914
0 4242 2271
0 3293 3523
1 2051 4193
1 1716 1932
1 899 4621
0 2483 1031
1 3646 4710
0 4070 2013
1 3375 2237
0 1047 1384
1 798 1482
0 4565 2849
0 3402 3678
0 3825 3505
0 4001 1698
0 3721 3948
0 1648 619
1 2842 1132
1 162 4537
1 2620 297
1 4797 2908
0 3441 615
0 2681 3433
0 3122 372
0 2851 3781
0 2064 214
0 451 1384
0 3080 3734
1 4427 2685
0 4854 3354
0 2365 4572
1 3913 3137
0 118 3002
0 326 370
1 2724 4882
1 894 1117
1 1149 2916
1 3576 39
0 2016 4076
1 52 1249
1 4383 384
1 4742 4997
1 3793 1210
1 3915 4412
1 2786 3669
1 4194 2760
0 1682 2651
0 2563 4702
0 3301 2684
1 3223 3701
0 109 3060
1 3946 2202
0 2925 620
0 4413 3858
1 1526 4920
1 2852 2007
1 3518 3188
1 1633 1152
1 4347 153
1 626 78
0 4716 565
1 2029 4495
0 3747 62
0 3415 4445
0 3945 431
1 1748 449
1 255 93
1 2270 901
1 776 1667
0 2697 2091
1 2038 563
0 4880 1880
0 3899 1025
1 4904 1249
1 4660 466
0 3037 535
1 3042 1091
1 637 1553
0 533 3819
0 4378 114
1 732 4882
0 3149 1314
0 3813 29
0 267 1384
1 1930 1743
1 1290 1437
0 2619 1221
0 1304 4352
0 2857 2389
1 10 1764
1 3055 1230
1 2604 4089
0 3311 2030
1 2442 3370
0 3081 1963
1 44 3686
0 4410 2828
1 1448 658
0 811 2450
0 2230 862
0 3637 3553
0 2847 867
0 97 2468
0 2235 3282
0 395 272
1 4902 363
0 4223 3091
0 2781 3767
1 1704 4598
1 2075 4180
0 3883 3387
1 3213 359
0 77 2436
1 44 1564
1 1332 1772
1 2631 1250
1 3764 4950
1 1255 2840
0 3578 3375
0 3631 193
1 2012 3065
0 4323 4891
1 439 2471
0 1536 2373
0 1159 345
1 582 3698
1 1309 2586
1 2402 3597
1 3401 1833
0 4225 2587
0 1642 1985
0 948 1543
0 4779 1543
0 3161 3359
0 4505 4645
1 3203 2720
0 2152 1535
0 88 4493
0 2154 2563
0 3947 1470
0 3126 2598
1 3563 480
1 4756 25
1 1683 2965
1 1745 634
1 4389 2275
0 2104 4257
0 342 4480
0 1036 3665
1 4325 2563
0 1177 1749
0 1855 202
1 3096 3656
1 379 2533
0 4211 1908
0 2572 1972
1 4321 3525
0 1537 1440
0 3537 269
0 3192 2569
0 2615 1919
1 1864 1989
1 3306 602
1 1858 2224
0 1066 4516
0 72 4870
1 1038 2439
1 4049 1505
0 649 1587
0 2261 485
0 3668 1467
1 1661 1435
0 2315 2180
0 2454 3606
1 335 3430
1 886 1653
1 415 366
1 4272 4894
1 42 3092
1 1496 4722
1 2632 527
0 1115 3413
1 4657 4969
1 945 705
0 2492 1505
1 971 3617
0 2090 518
1 282 4733
1 1751 1035
0 3226 1404
0 1795 1067
0 829 810
1 3643 3157
1 3132 1544
0 1372 3149
0 2183 3689
0 2250 569
1 2844 3482
0 1327 2218
1 2374 4910
0 1638 2807
0 2438 4348
1 2295 3100
1 1540 726
0 2168 184
1 4468 2254
1 270 2091
0 3253 3653
0 3967 3117
0 3068 1103
0 2906 1293
1 4677 2665
1 1403 1857
1 74 2047
0 4114 4914
0 2206 4312
0 2553 1253
0 3107 1232
0 645 3379
0 1865 2937
1 4752 1018
0 3634 4478
1 579 3132
0 67 1417
0 653 2916
1 2710 1396
0 792 811
1 2938 3227
1 436 2550
0 4108 585
1 2773 4143
1 1489 4485
0 1840 2633
1 850 1786
0 2105 4860
0 760 2912
0 2396 2129
1 388 3432
1 599 2750
1 1391 2392
0 1785 442
0 2834 3972
1 1768 4821
1 2797 1660
0 4242 959
0 2481 2361
0 412 4488
0 4885 2591
1 2134 3139
1 4706 931
0 4220 213
0 3937 903
1 1981 4139
1 1344 1022
1 779 4568
0 3601 2605
1 3782 1932
1 30 3081
1 990 482
0 2861 1326
1 615 1450
0 1561 3652
1 1400 4396
0 3809 2976
0 2246 1337
1 4177 2662
0 2715 3789
1 1985 4760
0 3367 4984
0 4367 2460
1 2595 3176
0 318 1411
0 1990 1723
1 4841 3502
1 476 3202
1 3721 2099
1 3703 2583
0 2449 2099
0 270 387
0 2869 1156
1 1059 236
1 1208 2424
1 471 914
1 209 1151
1 4981 4206
0 541 780
0 2442 39
0 3231 2710
0 1901 3772
0 3203 62
0 237 931
0 15 512
1 132 782
1 2962 2930
1 160 2419
0 4696 2174
1 4280 2024
1 1085 3770
0 2588 4869
0 1672 2847
0 33 2700
0 2316 2433
1 3386 4930
0 1921 3304
0 4205 1944
0 1810 2157
1 3957 3909
1 2407 879
0 4689 3468
1 2458 1781
0 642 331
1 1920 4049
1 1192 3447
0 4502 2351
1 366 20
1 419 3242
1 2648 2546
1 2705 1271
1 3615 769
0 1469 4652
0 4850 4837
1 2326 3269
1 119 2799
0 2952 4283
1 1449 2737
1 4976 1981
0 4469 1442
1 845 64
0 1943 3934
0 1148 2132
1 2430 4958
1 2299 1411
0 771 3446
1 4587 296
0 332 2827
1 496 1854
1 1790 1690
0 1213 3793
0 2684 4055
0 1536 863
0 2224 1260
0 4515 774
1 2638 2528
0 741 4358
1 2598 4277
1 2924 4282
1 416 1706
1 2022 2167
1 1766 1400
0 451 2792
0 971 166
1 2163 2008
1 4510 4358
0 1710 2788
1 2226 1900
0 4016 2638
0 2152 956
1 3794 2675
1 1135 187
0 1895 3677
1 1897 3066
0 1462 629
1 1791 551
1 4604 4502
0 236 1838
1 3294 769
0 2720 474
1 4979 430
1 1842 1609
1 1433 4729
1 2673 926
0 349 1419
1 1453 1128
0 1765 3456
1 1531 4514
1 4908 1361
0 4076 2061
1 1257 1480
0 2678 4787
1 4034 4958
1 1472 527
0 1459 2255
1 878 1502
0 2105 3473
1 3727 1632
0 1580 2868
0 2535 4228
0 3807 3778
0 4945 1598
0 3441 198
1 4429 1701
1 4896 2933
1 2849 4325
0 2804 4605
1 1304 3319
0 881 4368
0 2045 1707
0 1147 4116
1 1767 1969
1 2250 2518
1 728 180
0 71 446
0 3252 3148
1 3572 652
0 4871 1919
1 4647 281
0 56 1546
0 2404 3388
1 1466 3432
0 4038 1368
1 3056 1025
1 1495 2383
0 3789 64
0 1243 3812
0 3864 3001
1 2191 2328
1 4088 4859
1 2447 2988
1 3725 2109
1 1717 709
1 2650 3968
1 4077 2508
1 2784 4520
0 999 3409
0 4 2142
1 165 1867
1 1073 4040
0 1148 4759
0 3861 3333
1 4226 4449
1 81 2967
1 526 1729
1 249 3716
0 2246 584
1 2061 2287
1 2495 401
0 2862 3929
0 4738 17
1 111 438
1 319 4958
0 1577 1694
1 1714 1067
1 2462 1283
0 2702 1179
0 2558 3202
1 376 3230
1 688 2216
0 3493 4740
1 910 1766
1 200 3486
1 630 817
1 394 4642
1 2677 2122
0 389 3645
1 1560 435
0 4300 263
0 1236 2086
1 2755 1081
0 586 1433
0 4748 3701
1 4004 3982
1 908 3119
1 2734 2380
1 965 4020
1 4779 4664
1 686 15
1 51 2321
1 1661 1242
0 931 2208
1 909 4210
1 3286 4031
1 1452 4640
1 2184 4142
0 1718 4625
0 2888 3833
0 2509 2353
0 2273 1278
1 3340 1287
1 735 2185
1 4492 1997
0 1555 2913
1 3783 2696
1 320 2495
0 1278 1054
0 3090 3795
0 3202 963
0 3045 568
1 2999 3242
1 4760 2021
0 1227 1141
0 2107 1090
1 4280 4649
1 3146 2363
1 2937 864
0 4494 2912
0 4368 1009
1 3592 2233
0 3945 3
0 3720 4097
0 3870 792
1 4165 2714
1 2633 2715
0 335 654
0 3243 3888
0 335 1977
0 1233 3017
1 4637 1587
1 1261 2881
1 320 2612
0 3607 2069
0 854 1974
1 3306 4971
1 3814 2229
1 4747 3115
0 949 4462
0 1834 859
1 2071 1475
0 3403 1820
1 4223 3758
1 3240 3279
1 4225 410
1 455 2872
0 1211 3779
1 2834 3100
0 4312 3638
1 4352 658
1 1521 2755
0 640 1127
1 3535 4534
0 949 3740
1 106 870
0 3481 2098
1 3308 3391
1 2214 1467
0 3936 2425
0 2237 4817
1 1815 3694
0 2820 1381
0 3023 401
0 3094 1244
1 899 4739
0 4089 745
1 2051 2205
1 4928 727
0 2519 1474
1 2701 863
0 1211 3680
0 12 4776
1 4622 1332
0 1945 194
1 4005 405
1 271 3128
0 2013 4085
1 2295 1258
1 3483 4372
0 57 3285
0 1181 2719
1 329 1558
1 4670 3893
1 395 694
0 2425 1976
1 3146 1345
1 4562 2770
1 3112 2480
1 1457 4168
1 4787 1947
0 1465 3026
1 152 1352
1 3375 1158
0 1559 4547
0 4972 2467
0 2633 4657
0 3864 3875
1 1689 259
1 30 3992
0 2295 2608
0 2935 2471
1 2628 596
0 882 1212
0 3093 2261
0 1934 979
0 3147 67
1 3232 4165
1 4517 660
1 4782 2175
1 4515 3211
1 1123 2917
0 4389 3172
1 4785 2662
0 1110 932
0 1726 4334
0 3355 1687
0 3509 567
1 129 403
1 2983 636
1 3634 2994
1 1291 3653
0 3320 643
0 2228 3855
1 3349 311
1 3807 3528
1 1745 2044
1 2421 153
0 3828 1841
0 1425 3758
1 4447 4635
0 1889 2237
1 2445 2382
1 133 413
0 4801 2290
0 4748 1602
0 1078 3203
1 2016 2787
1 4162 1504
0 4136 4719
0 3808 1635
0 2924 1640
0 4634 338
1 1875 1871
0 1990 1698
1 741 1810
1 1996 3923
0 169 878
1 4414 129
0 379 1378
1 4010 2658
0 115 3876
1 4711 1201
0 1682 4669
1 4151 1195
1 4688 106
1 1132 861
1 104 1101
1 1355 2560
0 3385 1004
1 1121 250
1 910 4033
0 468 672
0 2722 2334
1 2596 1402
0 154 19
1 403 3920
0 1439 730
1 3293 2297
0 2995 569
0 2205 112
1 4181 2769
0 2849 4166
0 566 2807
0 1620 3945
1 1259 3328
0 2812 4837
0 3088 1651
1 1662 4525
0 3871 3581
1 3110 468
0 4292 1617
0 3348 1246
0 3476 378
0 2031 3396
0 550 4256
0 3677 3947
0 4772 2994
0 1374 594
0 3529 3701
1 2580 1711
0 4194 1666
0 4974 3846
0 1997 799
0 3992 1251
1 1251 4002
1 2371 1675
1 2772 2682
1 4835 4855
1 133 4652
0 4020 207
1 887 1824
1 2861 2045
1 4991 44
1 985 3716
0 572 1069
1 3658 3958
0 3106 1257
0 3367 1768
1 2682 3426
0 1074 1736
0 4168 755
0 1385 1737
1 3543 3022
1 383 2303
0 3364 4366
1 74 4612
0 1472 3671
0 3365 858
0 4801 2527
1 425 3383
0 1314 4519
0 1829 2041
1 1182 1196
0 4645 2020
1 24 437
1 1018 4797
1 3122 2449
0 497 4793
0 1501 3786
0 2712 4695
0 548 1296
1 2402 3566
0 1292 3798
1 1778 4533
0 117 2064
0 3270 4173
0 4542 4650
0 380 2770
0 97 2571
1 655 936
0 1035 2591
1 104 3405
1 4323 2273
0 289 855
1 4628 3462
0 4877 588
0 3920 241
1 1041 848
1 2607 2850
1 3044 4433
0 4559 1968
0 3207 1523
1 2195 116
1 4725 3557
0 2302 3827
0 2645 4509
1 2142 4710
0 1451 275
1 1447 3907
1 3648 2469
1 1357 386
0 635 3896
0 717 998
0 1998 3813
1 467 188
1 2435 3121
1 41 2606
1 3330 3474
0 3349 2373
0 3401 237
0 2152 3284
1 4933 1759
1 1476 513
1 3153 2388
0 3993 725
0 3813 2094
0 547 3108
0 4731 558
1 2067 2041
1 3690 2912
1 2772 4249
0 381 4952
1 2989 2839
1 350 2430
1 877 1579
0 1109 2124
1 3282 661
1 278 944
0 1160 128
0 4722 504
1 3500 3399
0 3135 1533
0 3858 1299
0 3884 914
0 4215 2039
0 4002 52
0 2019 3369
0 1681 593
0 2169 3700
1 2731 2978
1 1599 3662
1 786 2070
1 271 4590
1 783 156
0 3524 1081
0 221 3156
0 3066 801
0 589 2614
1 1341 2726
0 2604 1365
1 804 3447
0 574 2044
1 3133 1235
0 3102 1543
0 3197 3219
1 2128 873
1 1871 597
1 2269 4374
1 2626 212
1 4335 765
1 2237 4651
0 1400 2771
0 712 4207
1 2142 4476
0 3726 2012
1 1954 2828
0 2932 4033
1 2325 1195
0 4677 469
0 891 1885
1 838 1172
0 451 861
0 4871 238
0 4278 4215
1 1534 87
1 510 3551
1 748 1862
1 4139 2423
0 2822 4907
0 3889 1392
0 4713 916
0 2598 1321
1 3674 1083
1 1966 3757
1 2212 4160
1 2303 1110
0 3517 1676
0 2916 3971
1 2354 2225
1 3708 563
0 2686 631
0 938 4381
0 653 3225
0 4349 1515
0 4746 3403
1 1261 2831
0 2720 4237
1 1326 4183
0 4834 4541
1 1367 1587
1 4519 66
1 346 3636
1 2847 1868
0 4569 956
1 2474 4421
0 3142 1774
0 797 249
1 747 337
0 139 1873
0 3340 2979
1 2005 4245
1 4393 3595
0 3175 4647
1 801 666
0 4767 2910
1 2464 2298
0 3649 2057
0 1378 1100
1 3678 3339
0 33 3964
0 1540 3816
1 146 2875
1 4125 245
0 3926 3167
1 1808 2239
0 4800 3417
1 891 3545
0 4028 3792
0 3569 1896
1 2159 3683
0 2898 2460
1 2624 2611
0 2748 4949
0 4853 1872
1 3622 1430
0 3341 2214
1 762 1898
1 2553 4548
1 3995 2955
0 3076 409
1 505 4882
1 4087 3697
0 2983 1037
0 2421 1208
1 208 3183
1 4214 2103
0 4249 4830
0 4390 2883
0 1739 3710
1 4852 2810
0 336 3822
0 2673 1516
0 2383 1090
0 2753 957
1 4849 1488
0 3699 539
1 1223 1767
1 1281 1237
0 1899 3754
0 2547 4670
1 504 131
0 3830 2496
1 1180 164
1 312 1620
0 3449 1593
0 357 2623
1 1049 985
0 199 403
0 2054 654
1 4672 1497
0 2073 3492
0 1179 167
0 3542 568
1 477 1225
1 1123 765
0 2933 1334
0 259 1387
1 4589 1962
1 2296 1853
0 2158 1
0 2594 1582
1 4552 312
1 2611 2534
0 2971 3572
0 1035 4830
0 1910 3618
1 2144 1967
1 3913 881
0 1769 1633
0 1225 511
0 2450 4174
0 4634 2898
1 3725 758
0 2698 414
1 4816 4135
1 2975 2469
1 3064 3988
0 2330 3002
0 2713 453
0 4910 4716
0 4639 4272
1 875 1276
0 4823 4022
0 4222 1980
1 1067 3363
0 4437 523
1 2650 2700
1 1065 3965
1 2049 1956
0 125 1801
0 702 4698
1 2370 2411
1 214 122
1 131 3222
0 3247 4907
1 1631 500
0 1222 1420
0 4988 1594
0 3306 3930
1 4249 2314
1 1439 877
1 3824 623
1 1383 437
0 2745 490
0 4937 2890
0 1572 4693
0 1182 2724
0 1341 2750
1 384 4270
0 147 665
0 2054 777
1 188 3927
1 1076 4169
0 1753 4471
0 2581 4648
0 4631 4719
1 15 4148
0 728 4862
1 1788 4370
1 1593 3677
0 800 3185
0 1007 1805
1 3498 420
0 3721 3769
0 3720 2993
0 2384 2236
1 219 2398
1 2837 2786
0 4338 2309
1 265 4781
0 1177 4801
0 2641 1693
1 1111 4450
1 1637 1500
1 2235 1968
0 3441 2888
0 114 1239
1 4708 2284
0 1501 4994
0 3771 1559
0 2625 4328
1 2713 1579
0 3280 3927
1 616 2471
1 4893 128
1 1042 824
1 1226 1810
0 1389 3760
0 210 251
1 2478 291
0 4153 4863
0 3398 3471
1 4938 3435
0 3330 157
1 1331 4021
0 394 3076
0 2350 4772
0 1629 3594
0 2896 2485
0 4877 504
0 3815 2313
1 773 3307
0 2444 3340
0 1354 146
0 4019 4824
1 593 3079
1 471 4749
1 3992 4580
1 3435 2812
1 577 3764
1 310 1883
0 807 1193
0 3283 266
0 4531 2258
0 1991 2358
0 3723 3825
0 1658 1462
1 3304 2008
0 4952 2660
1 1736 448
1 525 3215
0 110 1707
1 4520 1523
0 1070 3162
0 2158 1665
0 175 3667
1 2626 2372
1 367 4762
1 467 4786
1 1554 4079
0 3110 906
1 3447 3845
0 1283 1311
0 993 3691
0 1570 1787
0 3140 4770
1 747 384
1 3379 1912
1 713 4718
0 3007 1244
1 3345 3521
1 2404 477
0 2689 3430
0 2322 1523
0 4815 1867
1 1242 4756
1 2946 622
1 1139 431
0 4604 851
0 704 4927
0 4029 3454
1 1167 397
1 1023 1569
0 4649 1779
1 2899 4414
0 1075 454
0 3893 2436
1 1605 1605
0 1351 1985
1 4871 4766
0 2012 1580
1 3680 1556
1 1853 2187
0 3884 1425
1 2648 4784
1 1853 4383
1 1332 3718
0 1240 4164
1 2533 1498
0 4356 2327
0 2817 2137
1 4807 4842
0 1494 1040
1 1556 4087
1 4262 387
0 3677 4549
0 957 900
0 2477 2210
0 3370 991
0 4137 3240
1 4538 1574
0 701 109
0 970 624
0 4508 2426
1 1352 4753
1 4950 3726
1 688 3464
0 4515 404
0 3078 2604
0 1365 1868
1 2554 2316
0 1162 525
1 1587 2378
0 2359 1665
0 4277 1882
1 3930 3141
1 317 3276
1 4032 3525
1 50 117
0 988 665
1 203 4981
1 2412 4196
1 2497 528
0 2814 1294
1 4337 4711
0 4154 4793
1 3965 378
1 4022 384
0 1635 580
0 4541 1068
0 4647 1761
0 1933 2164
0 2701 1976
0 3893 2777
1 2671 2475
1 4302 2388
0 3513 2494
0 3238 4611
1 1216 1321
0 2136 955
0 849 160
1 183 3120
1 4058 4157
1 288 3217
0 3911 4155
0 2006 3358
0 765 3797
1 970 2312
0 4899 698
1 1890 1190
1 4356 2144
1 3210 3111
0 4701 2402
0 4802 3470
1 695 4434
1 94 566
0 3762 638
1 2765 885
1 1277 3435
1 1303 4035
0 3595 1108
0 1033 2786
0 89 21
1 616 3932
1 4603 1000
1 632 85
1 3268 2485
1 4117 2109
0 161 2128
0 4032 4273
0 275 1657
0 2624 2403
1 383 2624
1 2466 2113
1 2000 1244
1 1553 2753
0 521 2567
1 3174 1666
1 3094 534
0 2565 2379
1 4041 490
1 3469 1609
0 1961 600
0 4216 3544
0 4857 1240
0 1079 1647
1 2517 4423
1 2654 516
1 930 3294
0 1942 3649
0 4527 1462
0 1182 2550
0 1468 3596
0 1154 435
0 2704 3881
1 3144 3159
0 4494 2655
0 3255 1647
1 2976 3775
1 1850 2148
0 3536 1816
1 4685 3097
0 2816 1937
1 3773 165
1 3591 1422
1 2375 1367
0 3597 1953
1 3053 550
0 4144 2488
1 1478 4399
1 4969 716
0 3145 1364
0 1359 2765
1 2094 3712
0 587 387
1 2416 3811
0 1857 3192
0 4162 765
0 2761 2086
0 3373 4656
0 3504 2750
0 2148 766
1 4283 1539
1 1421 1714
0 7 4443
1 1400 4328
1 4659 4710
1 959 1813
1 358 4316
1 4474 2936
0 324 1338
1 347 4570
0 3767 2326
0 3684 4779
1 185 2879
0 3550 4776
0 585 4735
1 2749 1489
0 1607 2068
0 3372 4526
1 1556 235
0 4831 2675
1 2019 1223
0 1784 181
0 1437 4395
1 1472 1121
0 4032 2122
0 3937 1193
0 4236 1937
0 4804 1713
1 3155 41
0 4773 544
1 2348 1375
0 1368 1844
1 4961 386
1 4731 1046
0 1314 425
0 2170 1393
1 2820 2669
1 1299 1983
0 3913 656
0 56 192
1 4384 340
1 1785 173
1 1101 1945
1 4046 1863
0 1724 1228
1 1795 4660
0 1285 4654
1 645 1088
0 1566 1477
1 2655 3035
0 2421 1883
1 2280 927
0 2343 2727
1 2728 4862
0 3132 619
1 593 1086
0 4409 3294
0 3698 9
0 1187 372
0 4356 4850
0 1821 4159
0 1781 1398
0 4831 4905
0 3498 3954
1 1521 4364
1 383 1570
0 384 839
0 3393 798
0 977 1172
0 4350 876
1 1153 4715
1 1682 2742
1 2540 1127
1 3828 1263
1 2602 3178
1 4923 1365
0 402 2521
0 755 57
1 1044 561
1 2334 2932
1 2860 3012
1 4300 4237
1 4828 2182
1 706 4131
0 428 4156
1 2099 3789
0 4571 2278
1 4361 1621
1 4374 1029
1 4877 547
0 1485 2305
1 3699 4922
0 2109 1872
0 3965 553
1 360 4675
0 2185 562
0 2 2239
1 3675 3047
0 4558 1429
1 3364 1095
1 2083 2429
0 470 3588
0 4038 2364
0 2479 684
1 2720 2609
1 701 3344
1 1526 2208
1 2762 1916
1 1651 3316
1 88 4632
0 4485 2440
0 3305 1717
0 4879 4146
1 500 2259
0 376 2332
0 4821 574
1 3225 462
0 3960 3236
1 1547 275
1 1897 1062
1 4894 2097
1 2209 4064
0 1794 1831
0 384 1679
1 997 3868
1 1069 3698
1 1543 1550
0 1990 2594
0 3686 188
1 926 1204
0 1302 1618
1 3212 3076
1 1553 4670
1 1893 2032
0 494 4540
1 328 2736
0 3931 2180
0 4346 4494
1 714 2204
1 1844 461
1 62 663
0 1857 3865
1 4969 3108
0 3262 1299
0 865 4221
0 1168 2733
0 4626 3286
1 1632 1858
0 1311 389
0 942 1826
1 4659 579
1 4305 1283
1 4715 1209
0 918 1623
0 1130 3423
0 3724 3722
1 1227 1323
1 2477 4408
1 4725 2529
0 2224 4603
0 4699 4028
1 3944 3809
1 3199 3351
0 4128 3612
0 3965 3849
0 2722 4311
1 3259 3314
1 4556 4547
1 191 3567
0 1037 2691
0 2589 13
0 352 3953
1 2157 3169
0 2230 3890
1 4590 3213
1 588 229
0 1832 527
0 1078 2259
1 2720 4676
1 1516 2357
1 3262 3705
1 4159 3304
1 475 3062
1 4136 2778
0 1427 4413
1 20 4720
0 3630 1840
0 4167 4659
1 864 2510
0 3909 3611
1 2752 4677
0 880 1373
0 1250 1445
1 1633 4062
1 2953 1715
0 673 120
0 285 781
1 2237 4809
0 3268 2519
1 404 4229
0 4362 1209
1 300 719
0 3000 2237
1 463 421
1 4150 2697
0 3088 3197
1 4718 4002
0 651 1757
1 4876 1686
1 4424 1174
1 4388 349
0 3216 296
1 3510 3434
1 3826 1533
1 2067 4355
0 391 205
1 399 3468
0 4555 1355
0 3549 4987
0 4456 4178
0 971 651
1 2333 4587
0 2211 3426
0 3469 4616
0 1555 305
0 2849 4972
0 621 4319
1 4703 1096
0 2251 1233
0 4894 4102
1 2426 4890
0 1168 4053
0 4853 884
1 4921 96
0 145 4153
0 3257 1212
0 1418 2137
0 2645 2625
1 4921 4556
0 268 3289
1 4871 4804
1 3028 1853
0 14 1138
1 5 3907
1 2254 3625
0 335 2729
1 3476 2226
1 4053 1218
1 311 1472
1 2819 3801
1 264 519
0 704 2511
0 4542 3299
0 1053 1273
0 1723 3735
0 3648 2435
1 2141 878
0 3008 2746
0 4146 2451
0 4209 44
0 2453 2535
0 1485 2351
1 2444 460
0 2751 3221
1 616 3543
1 1474 2776
0 1810 259
1 4877 445
0 1801 3168
0 2062 3670
1 4037 4018
1 1007 4162
1 2768 552
1 900 2640
0 2868 3786
0 1290 2502
0 2784 4348
0 3182 996
1 245 2277
1 4787 1562
0 3154 2232
0 4669 297
1 1037 309
1 1854 433
1 959 3495
0 3550 2188
1 2578 4468
0 2057 3168
0 3386 310
1 783 97
1 1592 3846
0 4480 4316
1 3179 270
1 2978 2067
0 466 2628
0 1345 627
1 3914 2546
1 4793 1055
1 3667 2035
1 1531 3855
1 1763 2958
1 2139 181
1 1876 4901
1 347 640
1 2294 2545
0 1375 79
1 3040 4790
0 1008 1472
1 3618 4469
1 4807 559
1 1654 2401
0 2009 2748
1 1466 3660
1 4911 52
1 2182 4908
0 1915 337
0 2072 3069
1 2406 3740
1 335 1250
1 3551 3773
1 136 920
1 3636 3471
0 2840 993
0 1403 1807
1 1415 1046
1 3285 3651
1 140 2091
0 1824 1560
1 2557 893
1 3501 2123
1 2042 2408
1 564 1651
1 768 3003
1 2781 2821
1 2518 4780
1 2753 1450
1 3258 4041
0 3277 3291
1 3505 2093
0 4231 1219
0 205 1106
1 4522 225
1 4024 1633
0 1046 4914
0 1093 1076
1 3218 4848
0 3971 1853
1 3262 4087
1 3886 2111
1 918 4690
1 2595 1377
0 4434 907
0 4392 1900
1 2288 3054
0 3960 2291
0 1467 958
0 1071 2495
1 4886 2622
0 2155 2913
1 505 3772
0 431 1224
0 4478 214
0 4545 219
0 1616 2889
0 4135 4751
0 4602 1214
0 1009 4064
1 1369 3945
0 1012 703
1 1990 4059
1 2360 2856
0 3862 453
0 4921 2405
1 4047 4459
1 1337 4067
0 2514 2890
0 3428 4440
1 1983 3599
0 2954 2896
1 568 163
1 2108 1731
1 3719 3917
1 2388 1136
0 764 1457
0 2626 4850
0 1252 1070
1 75 3661
0 3455 3521
1 2453 1041
1 973 2388
0 398 1989
0 3463 1943
0 4201 819
1 1164 3295
0 2744 2363
1 4926 2705
1 2417 3978
1 92 1265
1 1135 1529
1 4626 710
1 1988 67
1 3386 3440
1 52 687
1 2869 3967
1 4301 300
0 2511 76
0 4620 1631
1 4638 3437
1 3175 3889
0 4620 561
1 4109 700
1 1873 2053
1 1601 2371
1 1151 421
0 1484 3488
1 1738 3169
1 2925 3778
1 1062 2405
0 2494 4166
1 4520 4560
1 3863 1364
0 1611 405
1 4725 1280
1 448 4912
0 3843 4903
0 4719 839
1 2253 3881
0 3567 1242
1 2558 4716
1 1377 2301
0 3719 3246
1 3564 719
0 2625 2077
1 2129 1761
1 2685 1177
0 2054 2097
1 4579 2217
0 912 4012
0 1398 1854
0 930 3011
0 3350 1429
0 571 2652
0 2531 3218
1 3048 4324
0 4692 1653
1 4896 1091
1 4227 920
0 4079 1249
0 3387 2332
1 4976 1757
1 1579 2623
0 2413 1915
0 4461 4169
0 1502 2554
0 2033 1113
1 2660 1217
0 412 2802
1 2863 3284
0 4346 1797
1 674 1958
1 4502 2021
0 227 1002
0 18 1423
0 4512 2644
1 445 1853
0 3907 2550
1 948 1367
1 582 2954
1 3913 4371
1 427 555
1 4633 4559
1 3581 2228
0 2513 1477
1 834 1602
0 133 4313
0 29 2626
1 102 1531
0 4577 4630
0 2087 2057
1 3185 603
0 3186 3800
1 3344 2022
0 577 2063
0 2183 2273
0 1409 1182
1 2759 2066
1 2953 4113
0 3284 1320
1 510 4021
1 4340 2577
1 2647 1814
1 3288 2155
1 3513 1974
1 1353 1401
1 3327 29
1 2478 2087
1 1278 3619
1 3200 839
1 647 1976
1 4920 1268
0 4624 1769
0 4105 1882
1 4860 3476
0 1768 863
1 2535 858
0 4131 4571
1 2250 4298
1 2122 4845
1 3479 2748
0 4457 398
1 1882 2283
0 1440 4757
0 4811 1646
0 2008 3134
1 625 1967
1 4478 2332
0 2722 156
0 2671 61
0 4085 4039
1 4720 2614
1 743 2169
0 3382 1627
1 898 4389
1 2441 4146
0 3390 3909
1 802 417
1 142 1936
0 4453 4342
0 3733 4543
1 2208 397
1 2712 4013
0 2665 1773
1 4264 2677
1 2936 2520
0 280 1858
1 3346 3926
0 833 1034
1 741 757
0 1034 3237
0 1460 486
1 2935 3768
1 674 644
0 3092 3653
1 2141 239
1 3526 3438
1 599 463
0 210 1031
1 545 402
0 3879 4868
1 4860 4476
1 3534 1948
1 815 1651
1 4336 1564
0 3549 3156
0 733 1425
1 836 3555
1 1558 1491
1 336 4554
0 1231 80
1 3342 3331
1 3033 897
1 4691 4263
1 959 3861
1 948 2518
1 1241 1382
0 4250 4349
0 3900 3563
0 3156 2815
1 3135 342
0 4199 330
1 2062 4873
1 4710 1828
1 742 1847
0 4539 1663
1 2235 2752
1 3872 4971
0 675 2456
1 4237 3648
1 2940 1630
0 2233 4268
1 2825 116
0 3664 1670
0 907 4496
0 4634 214
0 2289 2864
1 1122 315
1 599 1275
0 3473 2085
1 4601 3337
1 818 3741
0 1099 228
0 1801 3740
1 3876 4130
0 434 3678
1 1019 2657
1 3031 4863
0 4730 3196
1 3318 2674
1 4160 3047
1 4718 3627
1 3481 2831
0 1835 4961
0 2725 4934
1 206 1697
0 1099 801
1 2004 943
0 1801 4531
0 592 1032
0 913 549
0 1833 1602
1 4775 893
0 917 1097
0 3896 1726
0 2522 2587
0 1780 1170
1 3456 945
0 1146 2435
0 3939 2760
0 2369 1506
1 417 1450
1 2103 4622
0 520 2488
0 2985 980
1 1700 3346
1 2572 328
1 243 4152
1 1948 3520
0 2242 711
0 1997 1687
1 51 2381
1 3772 2598
0 4071 4386
0 1455 3884
0 1464 59
1 3303 597
1 812 1763
1 2904 2166
1 3661 20
1 3550 1238
0 1550 733
1 1137 275
0 3861 3668
0 4564 2395
1 1342 3067
0 588 1544
0 2817 3292
0 1002 2058
1 3242 2250
1 1298 215
0 865 3884
1 4729 1671
0 100 4976
1 4504 4313
0 122 4894
0 1634 4305
1 1362 156
0 3211 2989
1 3183 2703
0 154 2715
1 1975 280
0 536 1983
1 4003 177
0 4721 2335
1 400 2275
1 2184 1828
0 230 1999
0 1964 486
0 2761 3707
1 1443 1270
0 2510 1623
1 2440 1259
0 4137 11
0 395 1067
0 744 3462
1 1274 3929
1 1619 664
0 1628 212
0 2271 4968
0 1620 2313
0 2471 626
0 915 2387
1 3485 4118
0 2026 1
0 1553 1000
0 2475 1868
1 4944 3476
1 2756 3931
1 2785 1876
