199 102 79 18
369045264 675965462 990627020
88615666 381037315 803380203
312381644 68457576 399209952
253941198 735344056 115371566
902412397 938415875 337013131
882874760 160889031 226019862
60464172 781076987 994579528
724855935 103791587 895871729
434041393 364603566 709100894
616197414 975939824 473833007
861663232 281185000 251930443
997579470 748080381 215068294
965970613 779969802 897439828
283562015 144128865 757791689
329193558 59785306 140516633
51215095 793239790 246612650
750663013 729386535 69307471
121611606 783280466 674189427
662313257 168433952 511385265
667612817 893708925 780036094
865263372 929411866 619948601
32060883 352511395 92487818
951758345 907048685 526588359
349850337 658759722 301571053
698283669 870355532 872100383
262025116 918421391 478308186
233605595 670645684 528014873
230947135 308681351 301047964
577457397 546651881 906156049
820449191 684680897 498757345
511899902 255000874 709469233
441727822 786300068 889838051
578650388 190702434 159174161
110530421 637082019 574063733
427073125 788302402 208499177
165372568 185288821 270486908
456416994 40451011 738054056
975646575 563550088 463666210
425492136 313605465 917123206
29510386 204594216 787359167
444683752 470514414 926804457
27349503 268458819 598112746
180034209 817387489 287962447
344479686 83586510 700489268
205201835 218292490 819403335
902405618 931558955 879896417
334149693 257714244 930395286
911505378 701375037 352936357
482822316 895444431 293796621
733152911 750415136 547271704
481470136 783570890 213651308
836024225 704105919 823065214
594600333 227136338 33056150
361876478 272581189 908005885
160124173 95357356 664457654
595905474 205130233 385036664
353513712 162367337 742369229
13535611 184536834 897312703
561240153 859460573 5867512
212406748 649825402 659709565
848330396 268147038 478298922
298845194 976865381 710422409
337440821 961733176 604653663
175773923 251013520 997174449
153536212 413349856 501421992
781549579 167907463 732261362
123017221 873949105 615451042
26594961 421103941 506382414
58520314 936838570 806619339
140458148 74416760 776850276
866313197 858890698 738843254
376482694 493641517 707652523
65357767 25950546 174970183
490236294 363382504 52424744
134955137 774200538 399863095
492732865 17087246 355401421
941136746 322086277 53277248
97681558 247377385 32929364
66490869 531791994 676446132
218300376 434641667 835047830
645456189 290967765 852171326
804288471 798668900 441096863
973546180 236977144 599860126
698336982 773733157 258343045
504249759 779052951 975678758
915086581 394257606 361821510
728206585 661014440 715982398
842512316 375774904 862212492
530529780 704308398 176738515
860882507 793719982 925894378
413962955 390981699 198900814
473686936 513417795 837161689
745716464 731975930 678665349
206668971 851783884 888298227
713181013 818971723 714958593
864390003 132126984 645322345
61745411 541005906 33596403
566586621 163791324 759847614
453299505 996686234 403159625
873280194 475594290 713347382
270296299 205169579 642877964
343609673 991203380 711114166
661905161 109230763 883297787
714335709 675179137 466706201
183814712 76663331 129144642
594218029 375515082 415326091
211359084 144589950 337276983
271779680 575944728 965053904
486773887 189343530 422371246
83290155 357040399 722536216
489017733 30416553 936966532
429779854 293460254 861145143
869478223 359439059 587212839
607852501 854960884 146829348
623257381 288578056 953191876
355995435 661665778 403433293
997374878 920775389 300201837
371339360 342178960 666671349
952244988 458214945 208574953
423050625 45203115 141558514
195274191 433679150 936083062
345598632 64063584 156604664
510632614 751483321 495636068
484659837 647272628 583540217
680216439 142632916 974545109
461245583 909348323 762295888
733586577 641751258 95903942
861225498 914654541 848591388
101174535 520052854 378700180
539099968 139963798 338173201
783315480 336476264 432889648
625543820 486079076 611193670
221470977 635898359 77175633
84068586 219058101 161416845
624071655 707528256 797696085
254020208 508319827 773728540
898927171 766984840 984170140
990401201 392007157 555789535
498790880 514549075 977501610
9592019 423897674 277032638
832856595 935043 454105139
641798372 179684973 298265088
275180448 838643668 508257787
41412109 190482226 663405633
88016083 328271999 246096273
423449860 853531993 328609386
695691178 734607465 825565801
767202218 504359126 647777750
511184142 562650855 698340422
678874752 638427309 226471260
675987396 56205496 503096323
170676229 319114526 994219314
550427301 454045335 930049719
987255929 321102196 702634258
255074721 289318260 583893839
217020441 260092429 182644035
321510250 931752188 713749278
646355995 904499722 965904401
307987565 860036502 312364945
531924686 960428495 195447175
363385209 772794010 715900412
734322614 729756677 212498228
892040478 204264093 604081464
869075737 652181392 171784518
497948846 439257723 163082076
527056134 746537166 207935279
298647562 435540455 112750764
752145431 35236413 957526751
604055351 85035539 724019729
335159582 568979652 770450357
16036028 114285676 798360593
755567723 671236468 662059839
401480932 490143874 605781161
144962543 144519318 474840145
883919308 378484281 259240016
872582650 966177467 718929870
479204545 444758237 297480765
197960414 606557067 955710247
691535002 97840163 146882864
158926789 166243912 220636486
893941719 264093683 572346900
954672733 372440171 454310451
826712606 403820527 806395536
872157569 21831489 335002390
982957914 450672445 462287189
496085717 675250972 777774553
396055133 700633681 912344167
254970576 494285936 28307937
566987206 478839923 944255019
603841264 336896659 570541239
806200983 481004420 724186538
375347375 266329457 946209512
781315591 90351717 933941477
666751847 893836215 800387847
872509412 117396680 708698098
818134999 751388519 555853899
248092247 236612063 460480607
196846558 414606591 225881065
371192745 922141554 42875891
