199 82 105 12
834100033 231184651 324024503
983654227 856356986 174692533
889970897 817793162 304519719
192492153 434202793 667608567
685701876 256097829 848549849
569343214 80378380 119195456
204187990 436633591 669188451
124846762 476558563 585475970
526998433 469585931 277080059
572101595 321108610 647063611
815818953 254872714 299430816
451255076 132967880 192230791
38922906 254344769 932790121
741795451 235368834 79802357
475035985 767014424 434048952
627928936 856781410 894403755
967430927 319111558 191452880
212333991 752661378 588580987
760528071 399132288 257833690
718681990 815773589 376303432
804425877 494561725 706433964
477196665 603179337 443722749
477152590 258820076 494567867
24256763 222572932 60910348
41313127 360692148 957611026
803658412 832061132 421759279
581882144 103191039 984278582
39255649 481758211 314150022
217070249 442639796 439360792
937578621 78184072 61491614
832048736 82244058 618225515
647685572 887006634 631354837
310847427 202321104 165868592
354602214 805319555 752479477
310327959 130187520 920335912
832842311 825526624 655294837
644861352 95859333 978865471
241610891 535574934 840900994
331633941 336526576 617490889
705575442 823996316 96909363
404461501 783422285 829327410
656879888 546147671 194017004
49226167 730464147 814495738
719387639 467721801 648306801
928032713 994193927 469340942
4828715 52321218 954787442
898667891 171110086 161590110
82111340 16914149 656979562
493770190 319462155 724474915
78840669 932862549 468886395
833787120 569552378 426937617
118179466 948049946 950515037
489988632 504739318 151250385
623935962 844417814 346898319
797982133 56016071 341108225
726422258 949095029 599797563
955700672 516899457 256172544
51680446 861987593 999025286
858455385 471759266 218002742
155087530 815592343 592390498
325149379 939091428 543467219
85705343 632721511 743435106
559649110 698038747 806091922
529007435 164705420 946762030
391399096 232605431 404392672
718246353 173066616 888625447
267327068 324490741 819125488
881723225 58572291 632552321
909186375 354327715 641755786
368986997 983517418 581961123
924531996 497494314 542553345
423548193 739842271 564406764
945045505 109473709 664139917
173612320 992859828 869335051
756963572 795173727 738732106
922813159 899845384 832944347
918005209 730445708 123101397
73809292 415563019 589473085
548201354 300611020 804980354
1059179 228173894 458089287
994069763 247129317 231966574
632904169 717218101 359656773
60872366 670194043 256456523
235181845 497407371 761115266
458013257 273580944 338005516
338094464 380224024 191622267
808759476 982613584 640126602
2208116 239337598 93457404
91678232 48863622 655292217
957657190 579559778 764898058
259972641 564959514 831743815
344626658 665079156 113802336
613252112 904801184 854307071
840863492 644861709 669775067
54013766 258194539 889926627
593003664 614355907 131157645
601053823 510219026 684785996
248674073 845834335 392824424
162367157 20218005 931861029
534215216 13839591 589583299
648942725 654532246 235618210
11710395 346418102 804881725
713446914 330950939 11810232
623307060 326290551 694129921
599282368 898604342 50662256
114212900 966114473 945725780
726746595 162235301 644827152
759808156 688321004 761258043
947634580 228546483 905932441
964691456 383536344 428588565
993598642 923018720 235758562
715515231 15485340 84588242
723635048 959529944 573742293
88747297 514781573 746399731
381289882 354350250 330459929
731824026 207434819 706086201
527820758 223073402 374860516
104847776 957822304 824537601
927695794 648966754 538015754
950506496 422015862 617674686
832958960 848331439 665962407
413339056 333564771 20451263
757650943 18756951 475184509
552465963 595995914 701812294
295081458 666339545 527329681
80819584 886205229 825470435
597839100 667977139 360379041
443381386 556475262 310436308
477267284 83245925 7711176
692521335 69789615 174894462
591355004 174661056 97916002
978979274 299254217 773444322
326466825 860632381 660455042
886033033 254286103 481886745
341037871 953064546 604021994
421503881 691207044 161786327
455669798 6532718 136368343
306635929 959769864 552216165
105579998 873946513 712339843
245789886 840347000 493479311
889041030 798030455 152555516
788182825 493139763 411631688
910924778 69992975 813405168
23349093 392965384 778349439
628778851 236150129 225125998
97165318 724529268 531562360
521895195 577160411 799800900
821202432 412547559 217089997
160819172 883185186 506102544
487834614 481351081 27420030
262691553 47448013 647872493
122613818 306443726 239454828
128138435 575720245 734372223
109447279 454512999 814351647
222670708 68924204 400667407
958896729 381778972 695383440
686655385 206260546 340530106
252533137 147023587 731928175
104858112 557169664 905358745
182256996 276836691 353123480
403006641 419825592 854277325
214538908 13404391 551664012
786862869 796525329 743138373
178273140 639331157 599984370
479494681 598175318 549322476
418352630 583518614 284548857
70327636 256663046 281583804
813527602 262553901 560432424
910477478 628747872 827286227
190591333 236077626 813701003
43817338 186042344 61411690
470538227 886166781 257956657
126004731 131195167 907876961
962756033 148308407 645918264
958458024 214424301 595531795
468177306 855861886 489208977
189732122 676412992 205701539
54800177 9123280 871526776
316175490 365630813 557967576
43085779 381971803 299100378
267501994 697683035 972477853
303334523 758233600 107925881
66934350 232923857 844175284
845298011 466349732 393439388
777222215 651662899 545720416
218780924 90752807 447915363
974910052 792876625 903141801
45572646 20817676 906823647
932461290 872304440 757454835
771472720 378254691 197189387
890324272 584177174 158262664
558524813 755175331 307190580
421294921 723271782 496862476
123599141 330571307 785184376
499118798 581606639 919551067
531364483 986391791 969490083
255168674 363505802 523411142
148913595 703168532 272819239
336191798 897389118 323396470
