199 7 92 100
181190110 410914251 804774369
195050682 236935979 442378006
440001120 658580782 521089360
655405617 376353489 369865409
731458166 613625379 224141407
540373268 167855781 302693833
445366856 141302974 802002654
636361412 975841831 91444207
982464423 103343137 450836636
911327468 669518453 27042902
242911268 517137805 983520395
154027046 257270297 551586053
654955899 498429782 872388204
293141036 614707628 881769696
490313397 372151325 657026867
564758633 926327516 228774837
147926357 631972649 329459770
599749434 217414744 208104811
186725423 388336920 551657836
688174103 371152785 323830601
172359946 784317705 332658726
660864513 356155547 208623670
84716700 820739483 410105623
66154939 510635860 344566778
5058442 39946509 420060443
7380253 389104033 745824346
436089494 868598055 506967642
736840131 468362864 71009611
942435637 844697351 664269591
728053728 648850020 569905916
633135281 422062516 281054217
916355150 815481910 602892550
337026238 940045241 643547751
877008408 529736303 790478403
516543687 928773873 894857366
727704949 567178797 741864081
657115921 390711322 735768222
928472084 420913613 27346787
900516062 774508377 232890079
450992426 3285544 279586787
248901372 65537353 984994612
608215841 194835770 530044105
47716310 336132193 102557502
579600130 540719427 842953432
943055098 618151661 62935968
327456324 861269358 9989219
888145092 59801062 150906483
20278812 61441896 215048112
637184866 251633298 51819952
318937557 817084475 823015310
752668817 460861119 47957148
630891778 798211746 761845519
872606580 159204365 972211710
520986247 51375204 995210251
482325578 828852712 528691035
434154787 895916433 459680486
168900817 805646775 974252010
808711104 981522011 522358478
734626869 563433398 181576107
323123754 523010711 302495434
509719411 644493269 203315176
141996481 6556514 385905872
724945807 650159004 628125994
956442860 176327723 700157133
581577924 239802778 873259269
160851094 782845463 86995918
438197500 446023906 681502785
227039338 506656293 685165936
963590183 236139925 334796273
465101411 365366609 970224838
780114041 434149 878166629
170662173 805873745 825789217
124987705 251599892 188927539
816034165 742434172 390255305
244751551 123548338 404539559
350165359 100146669 803066958
9683567 691183232 681877364
631864118 69686971 10615937
302812531 860098754 460567139
198362449 676397766 790598849
166417761 62297477 214863353
943025616 682413324 961874534
857674313 493488212 162393502
276795549 806713209 805675047
110076821 709789716 628308454
848435784 917515018 437155927
616042429 519565432 958414528
39282563 148023431 80533973
644383118 373733564 435654302
994418850 217566020 381425094
884387926 663822329 253297395
239143457 888351062 435666652
119346297 280928036 860714729
291414687 407007217 341187013
97613859 633331809 203786401
452916061 943957055 270663862
340873862 305837510 679919168
99446726 581088991 823762584
633798935 786482693 188935074
335292275 950952152 670872356
577722460 630177930 6426516
197374982 613877620 521909613
101211987 252629051 286123737
968747825 995499222 519400372
381171946 319654916 410373698
256603918 217930985 989929672
172134946 260596464 651905431
995466739 85613674 443406927
100554377 275205235 996004659
861205642 114987272 341732331
577932024 712491203 892169748
956258488 402918495 331138393
950882399 495411827 645493754
412768743 699025422 248198845
478931112 882796051 972156806
39347132 223076467 88914654
932210273 687654468 678391301
736024753 448414586 144645174
905469971 537758451 461645014
326403123 483669134 877214354
153308824 821223451 99820525
163458237 922745163 483808116
165335362 153051568 759539300
623176600 678775698 425656267
543419787 428738012 668422370
946818468 484902406 660557238
722827550 295987163 27446615
181520351 579420506 467095415
504253967 715516266 552103869
638090973 303677080 202186677
758047535 533255199 761627507
615031732 532397065 846641224
378045660 297509623 140554101
48604431 581484396 696119407
859076984 129959614 948583791
927545859 183116334 177385993
924240814 826585376 765200139
438547627 868987466 68345133
717730947 667198033 496339195
40041753 499123317 924627636
209342076 422995699 335839866
443205022 597831951 141557324
991928103 852283713 695981411
158488006 353876612 961256969
998667556 95742027 160185162
747839953 152362437 330719416
685359806 87330982 93040488
282261933 705178285 296344188
187953317 56169105 526123297
580734579 869691444 389618042
34630676 520572686 70115210
670943274 681955685 385190639
433550717 627749254 415512412
569641626 44944220 131502423
547133566 703452101 421662257
135866630 298609713 991878222
809953630 838916266 399872987
78705091 808472606 666306349
42475467 237095020 136199145
429464337 897034329 710616693
493390904 750116500 422278270
801495693 242015984 305193617
543205195 849081450 190288872
171253069 372113683 409384383
109655369 319302542 722103326
580564847 333036160 16647752
527065682 667873075 106668547
927534948 332364512 492929551
783583903 92282074 487334620
513286800 954109390 909252012
5111434 668154212 47080565
623389761 415152870 746105475
227692706 114258990 737383108
776400356 194815741 320003833
384023534 14947667 245670362
602226164 943336694 925456594
299062856 721993083 136233548
770242696 682217018 53444330
230738580 10091097 817786888
272740562 901499358 785762090
229933425 876756811 92261054
920047673 583885240 385652219
43664113 427049702 481163454
851457779 429398128 596557580
79244956 821682837 889932711
419603502 11643467 819721960
515722281 422443290 829601817
256152716 975273135 94823297
334073570 843063890 755471542
206242633 212721727 652998134
242256906 985079766 816600792
126730424 260641097 472712038
874706182 805129633 746496057
338893903 881605971 828394271
212046675 740494818 174448384
880790017 920156659 726650001
212398971 492748309 88825383
221901738 978665509 432992633
436863700 127181846 70764379
