199 46 55 98
573352260 612091184 405979370
178003321 368978258 591887453
353015968 634907570 461269392
998622942 692685458 551357824
309908734 683357508 762463082
332336897 902899634 724004429
671731644 891594414 987494637
582169631 730398433 656055448
506890429 105299048 89248040
736212334 546246898 415277780
119487812 967530749 489231563
23586667 683125855 915817960
582930515 196333684 776228330
288808408 502148699 214210821
709844311 998426730 645221872
919617448 708126415 300076649
329654105 559968867 440959450
218989370 659807241 598919335
973249854 604952244 896478948
580718334 487757560 698071636
505491986 435786075 325831094
227966539 485177077 731850268
268355050 68213813 7709203
117829340 152786892 652396870
845452993 339578182 709137605
607882034 908376242 286486569
201468825 35666864 409132357
988709422 823739970 34019753
655494395 822554692 303450800
925319225 677759859 755399576
798056407 989778144 234585487
732523263 674146034 961011263
477066098 965825146 947586785
213634346 867705140 778584455
229058777 234400582 390038457
403617164 746914362 381729268
227215519 149679776 697929661
43742932 275582098 218538918
186474892 814383257 649572085
6211190 736592479 620617012
436804705 436548359 659430385
201552764 839278754 453414484
531963827 650152860 318520819
400308556 57248166 702788236
706322100 670367517 426297969
388614988 560749061 923021525
524899348 890534687 126960138
37143040 127414490 449789099
830304984 826965800 455632838
305933258 410842536 230528362
868156699 167289534 705151977
753517933 364897645 591115762
233217619 899043430 493176939
267601824 295571499 769670474
251725856 63035858 627398154
277459221 906550325 124655350
304151157 880370893 530887381
799376384 975720666 926348041
134952449 477373164 643487525
684356965 487254439 978505447
937795455 917134132 422763435
518893829 321423956 443965457
250809603 180444828 279320237
467933297 560703532 903561902
661583577 703562580 490632262
829591960 8873460 290138104
242528520 817989029 122728261
798388708 462324586 912209329
600444769 968272267 651602363
765210241 511668326 330342008
878513241 273886357 657505746
984799822 686673031 479039731
13916465 191262347 558635250
229435275 376671764 122893340
409805963 832354695 481133880
493059233 467056742 674587026
951304736 786543432 480830294
633643005 31620121 849106552
973706394 122808235 935329025
394764173 946423725 316617387
773701891 404486400 323590974
422220317 470472535 505050436
748105768 249790568 270789490
183184650 518891155 211257766
948108494 371001358 769431855
212623441 557730910 192273252
356864953 172463351 609572822
523398775 71950606 153250434
991870946 195235182 426933628
746944218 679604228 99634641
944660337 545858220 136936564
492643224 583919368 781962953
757768125 652364977 531660549
496833461 437116238 773549392
307438205 543891213 140625456
667147731 646579530 390048954
170227902 414068310 210979111
906470669 504907272 9511941
636357988 712869319 468518525
885290099 772909523 663813016
835615275 161022973 139734186
633063705 113941114 44905460
977448502 73038469 94417514
159222477 951202305 792273052
449873436 185150770 96042106
756588055 772063137 364125732
76492948 469270211 264124142
847496400 46122484 798298341
236146669 909586290 384969150
448922717 317697050 847881425
881981659 297621846 152409537
628041888 54535650 347045612
785971322 817785673 108604325
308588459 882342266 427990585
59841334 444006171 776903935
496384514 988212996 792484259
496141447 116911474 353534702
404665293 644555005 232470095
721760452 673817886 743699584
176096114 473189600 354476377
205714295 791485163 927299253
899548769 526900317 61199561
72591714 493572160 478776754
535976644 193282997 283711108
735562792 543679640 241933294
859445585 880280911 632013272
501139814 406093689 638552487
362307466 37945810 130949073
683071743 239244118 649403984
442363418 370331576 517976941
445193592 420584975 495357292
382689162 236011754 121015631
477531931 323905392 388195961
779850420 46529222 828630367
774050136 267849256 578208774
19076291 648709450 16095120
777593547 530442437 630621698
942980752 514733368 248784932
843094391 986962785 514606726
289544176 893164686 250813093
434449745 368546071 261637660
379396066 713509451 153766117
110225147 359071900 17331242
551885654 627007866 859794763
177055474 261449270 779009821
318898934 878979826 920564872
415970560 218710890 655900252
305827611 618039355 579667989
21961176 615826004 127651845
203217442 630256984 639394
963095790 395209467 648227335
916832114 39001531 228583885
198978035 48426991 91783970
306589569 451867476 789880616
206159276 709391666 705606156
488567195 673344753 61080149
634920027 949356772 932242565
774939259 80147358 490623344
27958830 784469063 666374626
848576647 245538010 775426187
954335830 541244493 481997603
98428272 705008133 217390466
107564318 227235005 578821600
148698870 329619554 793718134
398551230 73231586 555318489
237523543 217151957 524691838
538545924 805903020 353896989
21253111 713405278 439409144
879419738 887390531 571989879
729404269 657934559 491108438
61482615 76641750 30047661
709770252 312218198 877501523
446185806 257147054 585408537
117066804 703413520 826959994
805487233 871353802 312573435
625588824 495441793 337131164
609511137 207874881 467742053
279456591 654213628 455918970
688098750 146444998 482400126
864541250 414965309 767499588
160211504 575395345 296719157
39567942 131142934 480737146
950098256 963372046 725435300
503936591 466282440 88902563
635572743 609575867 59338898
949747022 523759439 321320571
792963717 725234674 273608581
527656094 357714040 920933767
221912012 849526823 476125750
574048118 442248693 678379451
574625885 787161296 58936757
11156620 565003608 333911284
355218232 441800214 41111738
702091760 269878492 190643387
28660682 774134035 270406524
347236204 168947113 848033284
745100034 385654225 851152099
25373583 884733397 840635859
81667422 652704749 403686652
