199 90 80 29
466317487 518148963 268871326
289672939 652998650 565032247
861626797 117744141 286899878
869058290 139714447 427432224
80557189 48708910 517419352
104817905 858912735 687444217
140125752 210304366 385929225
107339596 648699240 425066138
977385982 290563397 96326472
876820451 18428768 546082509
175438155 770466748 349545070
703519819 421990164 53123156
896852826 764814235 704989877
20562120 45578598 565412366
899048639 882926158 378865870
926857912 693989399 8475588
32874372 811800003 377572206
378966196 102369887 326052113
822147609 13941577 305276073
26062748 303579422 992209443
55697759 215763199 556224183
25966800 800160825 936679552
338599074 549051414 412253934
249345502 283157314 473407169
942407353 700691570 415446938
793355473 558209692 548513709
550382646 997419089 996171766
152251701 305301100 937934679
4896048 362071851 820822731
951404326 463297194 447562085
485212751 404397996 488098682
755958587 327994917 131446652
783959988 392069771 361225089
824655307 616323250 794448086
979932075 704870406 62826631
312743215 531808952 786792613
822143924 260502333 301495440
339539250 130816838 712927054
550150170 106288346 683299358
69271091 191423325 684777275
249327007 470890327 710069943
349333220 228723146 638623983
209244627 455751582 919825738
676308245 713583746 918662426
498431244 799087505 853289570
551156668 986662405 478006990
525753130 445024367 999696780
187530696 578365375 299620146
548237616 84448967 18298300
173980547 514017272 399222183
702632721 169316772 333299023
81348874 613571818 116867589
320441676 737463730 152077357
970000500 864342199 450587188
420038364 221703345 700768941
54019153 803036779 366503373
663951406 29000642 456985411
727125037 269287090 292881352
68422650 401663238 787817718
786585103 258216025 191512994
892191235 75733224 928398323
614334068 365741098 330446852
779823595 428939929 708843554
594228004 323564477 127230100
216237179 110245346 649993792
435110302 307602140 427485209
812558436 810034243 840098807
165094916 480268605 392998196
864730478 926687345 886023874
722066153 610798009 674326691
80044467 374840229 625228469
471270541 443060501 392815491
784091799 391030894 704865091
415368238 509471120 359778154
37101055 770507621 549276561
916150657 408992554 887343135
351185662 551111944 711794359
990684588 965693568 359848486
824081244 809713411 435303984
561920043 581225875 974348928
708602967 116432152 951118026
350880911 807179052 394178066
331593906 95443734 87132505
567581147 76757282 286088934
82136987 814529188 751811128
360563048 599228356 966420113
497458428 421176878 38607366
95947267 855313177 983145060
276530510 139947601 889024975
859255171 817161908 247482155
30160582 87336228 342988121
462622378 654079580 8518212
414944302 952854534 315238978
234692562 81208525 418130730
513775502 601981927 39629865
250225037 159688573 249362119
326030078 819658403 728358079
477852592 820674651 582391830
703840123 982526806 754837588
528392422 698763948 109413334
311772917 806527706 441698092
118876301 203187149 787713491
361800181 720188757 44819203
388591179 548486964 206640793
606024881 109356461 795752018
963139655 169110661 466102545
291653107 118812865 650619043
784854538 985565103 571758995
168610040 245846048 939111468
13264849 572512965 264843199
730198614 217836721 519794471
680095021 571827269 725973043
443756577 668067966 106145622
654743874 340570382 547862966
619879737 114539759 162557145
944679041 264523625 493353604
757521497 788745354 357591513
277011459 614096507 307039198
496414705 274543999 997226929
936605811 224687041 972197309
201631293 590610284 170048537
538428669 311906177 180763714
120499771 247490911 854186006
797707771 436982040 273414508
880392020 933279714 688629308
77202734 90374104 602764481
692751768 627762450 228184120
24032682 173977985 844442846
390706689 455096152 928677978
704390422 24743694 108378453
779998890 820284043 730994203
968030273 885464472 370349812
762902736 695904004 555090647
885075657 688896596 116640712
812837356 216374856 322839266
866463942 342481100 17235140
953159669 683748800 978407397
453008762 382398570 296977670
65914013 51440636 130164284
106642310 388912292 628324681
626947200 306282003 268032045
162828599 603868043 523545029
802009334 279061137 337467609
556442041 39361411 661545252
202224858 374073623 161002263
175999654 910886588 814766198
927536704 361651242 640507397
429393 547163433 343097028
714348900 472631007 922634842
898213548 967742004 933228225
234200999 805985967 341412327
854203390 320805874 897884162
836402725 117311018 121759406
714493631 890874189 312028682
789767559 82377033 49144321
480551808 458070085 884098625
814039549 463698317 381307564
141319043 833063371 733030752
205658175 348025099 445251690
456780211 990314499 367957861
159648895 89494101 629738090
196315422 648950497 673701676
492079797 252576156 333345759
843271594 481531088 180716686
199127360 289690676 542630118
539409684 802022613 332333435
287917371 393166378 691405391
808144050 983032769 918009918
911993230 430742793 228163392
546662880 716778350 320352404
5325118 562635127 971560321
733020368 642166454 337326865
46720427 669865726 589052818
387645888 935651431 835451022
37525529 758924598 732862004
696666764 467272426 280155436
274605734 271462182 47655255
654975943 995008404 778142323
127208938 654342833 465072637
797897163 954896547 401441705
878790131 879765734 97549599
748749307 366724046 88934226
647853224 234483033 518538024
409156846 246331738 752553013
738430221 571793393 151381972
667108388 353681777 358761340
346945257 701138631 132199862
371979432 115755714 764606970
905829275 612709152 268957986
258807661 576002786 246055447
649433088 98462770 178065991
799989291 242479054 972378220
771026880 854681496 734554858
51684538 625696741 885228678
513141709 401077537 102079525
318028596 646947537 684008201
749889071 231094308 637172783
405658914 82027201 929166769
825029459 482620188 369361371
