199 137 23 39
307879648 332845318 122426945
463721999 540686105 575292774
220354309 650667783 521608098
750367993 524113920 194258200
173345716 592373265 810601260
415607810 371016836 283434138
944818799 457922778 773603323
586974165 533872684 829894036
461826248 246809845 82311610
715126383 379528452 162774930
928176632 64331263 422997216
1537695 198042373 412042979
552614875 787043866 122767136
34940312 213661344 532921934
261072748 782820084 976644633
147747294 303642294 39042148
756951784 627970797 383801758
866668795 791037916 496465826
895211896 316434508 356458298
688831091 281400170 183285094
859842832 209738658 936304008
616588288 372984868 264265885
867653281 978054018 359390519
539141885 552553251 476667901
625053104 154198758 924993162
589954860 511608022 823719725
343056926 376192942 831602016
733046164 307462723 959297007
304962400 869441906 103077395
838233563 560083491 985049693
62931618 239476802 337111340
557649579 669339449 392060857
771984714 487978928 92421459
783724123 312545259 847730436
910347854 863250485 358823618
314860173 303353974 999849617
75907177 864533608 122137845
485829343 969192051 593637468
839683534 302048596 581650864
175552882 823034262 937971904
401136851 227351892 39481410
372102856 912247210 215154038
587193269 815095930 758215816
832963546 949082613 118665999
272211638 895748810 681322132
222237199 209669543 931081111
188688639 395445334 620781853
759009537 517398680 658476556
366158684 155925974 53044921
334081346 235913114 889068351
651441277 282294664 677401056
674137430 191494785 171354646
462867470 699303137 190092817
932778106 520375350 618388041
632081479 465251942 915635922
503574202 561887947 387795248
745574934 470849263 272281529
283116765 869820559 466257361
317970513 866050452 452316324
829610624 996977417 36941318
613838454 666119606 71938488
914673934 696764807 917287522
337447110 65804963 737525114
352732047 644610331 253706594
248046167 826797119 283261207
650553829 568467152 457885655
456639013 464391450 164759386
82747243 849792023 94391727
484296324 947819243 941911141
48346409 698265589 741120501
885468205 572379976 86016230
189020385 878234264 899188022
97404471 310891983 866411153
76706042 597808421 492491558
358563795 812453414 739719040
824426541 891605257 372305658
385306454 478637759 726733343
161964589 357931465 66445555
499076607 51866654 633106387
141149620 787678015 276987573
467607843 684624597 86705603
795570903 979216960 227817339
513004775 639674558 850298013
990216037 381603695 803794744
345398805 632953981 875915914
329500987 672152604 390234008
604420006 768605858 667668678
275070254 739595707 142694632
949473205 193601998 637466922
149636061 398856062 661985930
385074243 790787257 822281713
390386161 964069161 986906790
107735070 817862347 374351158
446953406 495904665 613677859
831661250 249592020 973889653
613212792 406277984 312184262
553660855 463119883 882052309
406018239 184621568 297899523
693006504 253370777 156971293
57526504 979077140 162636551
909487564 360796077 340319793
952449015 99944973 149753539
362358699 779451735 661325043
745564067 560950933 821248820
689715086 189933459 545599028
673139005 410656196 963752005
353239439 607410604 814066964
382228874 660581311 86793025
97473583 220462360 442271775
671103106 89079232 392047356
577362889 62450525 167697303
794370150 465338001 690521316
899819308 324729997 726039045
877560958 509449011 80736957
542584903 760363904 111425260
650809869 225753899 206958302
585593618 686454225 47955389
535351152 334469920 396065633
151640596 723737516 718989045
508626533 745896263 167610064
990536425 434618227 784960715
572495828 789423152 681577697
758999589 37436133 356105052
731223032 385902562 781415570
961839066 578563478 82311468
487274840 401790848 602630158
438340087 766931790 899606720
8865006 153783853 125335396
780845922 65118706 107662259
778612112 327611464 215898264
853962723 341923303 950663073
49002682 966700622 259238258
150176449 395560479 746626065
386793859 843263839 480257998
612936892 880899095 407390265
992108758 658984868 758572654
394002984 475754249 332994926
233254318 730548706 500277546
222858700 640551224 143475019
930988987 148804219 540138052
737481205 906965996 751062570
208921966 310367678 376987227
241360629 114231441 430395312
957663232 856097827 305767913
326186490 358853406 201852765
376494127 78484213 109353744
132141038 634744187 346108010
56590011 366923467 546676850
172912622 210959524 639797600
746602056 386767864 367795897
989289074 11811128 150284629
287987991 537674242 517745747
969109400 714297468 43285816
131739007 578665233 856224774
361467108 15017672 799616785
861714200 167992432 13627283
269776186 168330649 263067021
151629934 727371427 412541021
101707704 833574035 870868499
981483555 828740649 49722023
419717639 613339969 107569079
556699498 88788573 659465025
207462396 990840503 623721171
70072238 763102432 668667590
131326672 721012839 105149422
576638368 714555005 937509538
375689690 139502356 542795391
916757562 219311639 331863373
347230909 108171669 369397439
539521290 935106450 288562191
733711281 625499695 968371065
39983256 96535991 957754792
503985599 584231539 861101916
790872671 423301437 242662208
680098627 551190794 504161278
658024354 277076956 405455803
601291578 67887800 604723515
699309767 644596186 351258656
620026096 59062260 37120288
642230008 478601389 956686401
940773705 324550532 270933446
712471601 953396827 774541167
808802692 133911618 884605582
390227791 539293791 649730173
82776587 806457361 206694140
186653053 767931871 607816639
825356650 597258912 155049928
81675663 438237486 695268032
112207867 540296185 804539830
251103542 847632849 869169509
378481188 530291290 160595465
262190 191558112 504265078
740340766 80248370 402809032
454273348 256894947 839924852
537091897 891737608 449035139
643667617 54886882 156667150
802206290 723572284 950428872
975460831 336008893 573749990
661253927 181434941 833116975
