994 997
9136 2472 14278 10250 22364 14650 13200 22123 9010 7179 22118 12627 22661 31025 22996 8098 18434 3766 13200 28881 12691 20972 9330 16352 27524 2560 14529 655 1253 30930 7600 6353 26415 1540 28712 28798 15146 8274 26824 4424 5389 18721 2347 9456 11239 32346 11881 20410 8255 30328 11488 27934 5623 25312 22836 1216 9591 11377 8852 2978 26631 24157 8767 17816 9083 13111 17479 23293 22806 30797 28053 30373 15273 15159 17198 18 20731 30128 30389 17899 17005 11173 15408 11433 8414 12172 19727 13716 8141 247 7274 29166 3005 31081 8330 13934 32734 15208 21931 8944 7913 6099 24064 21098 21324 23926 25336 18210 23175 18140 7104 26398 8150 31332 7433 7388 10768 20631 22027 28740 8399 21689 24265 11227 11473 13214 31639 25145 14238 3264 31194 26557 20075 22926 18960 5247 11327 24326 31504 25222 12116 23941 31378 15420 15808 29406 16113 3870 23892 25258 15920 30392 709 14560 22076 5073 23561 31398 2672 25571 6660 22886 14942 11470 32100 7203 13773 20684 10954 13070 20990 7848 2602 10580 25652 29227 13684 26939 17778 14552 14964 1645 17287 11993 13303 659 9032 26680 32303 16422 6173 31314 2648 6018 21695 22921 5532 16957 6463 16186 18228 4278 25163 11247 31185 7665 7597 22997 13370 30114 2068 13168 5430 24711 6167 8845 13996 19195 6775 19320 19465 31177 25508 2160 32738 318 14979 14680 21723 12930 24687 15279 3527 29480 23166 7874 24848 13059 24581 26656 31577 29755 4702 31823 5475 6561 25064 32701 8493 28480 17488 17401 21088 8500 8207 5411 1513 5312 4404 31650 19688 22426 27492 17940 7881 6537 7455 28555 30384 25650 22596 13814 24603 1327 9176 29917 14019 24162 15107 6226 7619 4233 23899 15396 29179 13330 29798 19285 15287 5168 12889 13262 25484 8238 3622 594 11907 1796 16566 31409 17786 12584 10099 62 19398 3238 12298 25218 18717 24435 12655 25138 27316 5118 22049 607 24484 13321 31663 31213 21650 1463 11131 22854 21135 32486 4286 14415 1341 702 4044 156 11315 7562 25242 10208 15267 12999 24189 28327 28730 20859 18228 30535 23112 8905 21289 18707 9249 9921 17652 5075 6083 13181 15905 18289 10169 27241 12083 21493 32575 6114 2280 9651 23974 12547 4799 12739 16634 25531 2744 9906 9187 27939 29275 5495 21193 10767 11515 9897 7227 5604 21308 12271 24722 11177 24531 15799 17617 23904 6541 25899 3280 5526 24211 29280 24730 30521 13548 18129 275 20394 17475 31757 12254 28435 7403 7852 20093 23291 28704 5511 30906 3863 7568 2345 7750 16483 14874 24448 24481 22130 29653 8152 12857 3842 30548 21259 4054 32724 14888 13297 13621 27323 20135 17438 13299 6130 9452 6349 23470 10930 23839 29719 15974 9220 3831 32361 21545 2005 10876 13364 495 22600 22034 23526 1987 23376 28083 6170 6691 24189 1916 27147 10922 27926 8555 14415 9196 11369 23655 11714 7330 21087 26752 1216 17927 27219 1657 4759 6529 23588 17027 10043 2436 27017 19532 5436 14771 5541 4152 30198 585 10972 30190 32264 17080 21220 26647 30215 18320 29983 2402 11123 18337 20264 15052 28137 15460 31660 22302 27803 6551 23419 18359 2046 10280 5342 22155 27586 2132 7468 24940 1287 7952 152 21129 10446 29352 23629 564 32429 15014 16061 26088 968 9973 25141 12426 14844 8774 30133 18415 22365 5043 26624 13215 2531 25506 26863 26840 9056 18413 5386 6102 16821 6976 32601 24146 18246 17346 3448 841 14251 27895 23018 8190 19625 6373 4271 23106 22368 19573 31257 5107 16837 23325 10203 13251 17491 5564 30819 27450 9214 24773 25706 7679 3177 30112 19145 20051 23128 21325 11918 13022 27240 8779 6991 22958 16382 4024 9150 31869 6269 25529 11902 27186 16060 22300 1333 10667 12983 27708 23011 14778 31108 20261 13938 4717 10633 249 2702 19347 1773 21139 19382 3195 17484 29289 23443 10495 15279 4535 10377 4033 13243 25818 15501 28085 1320 761 11830 10976 13429 26859 10262 9311 21466 9045 31306 18346 16767 25619 27216 29466 5611 1754 13593 16297 22207 18715 30559 6138 16804 14634 28729 16537 17282 8351 20973 13699 28659 28157 5381 233 3319 24977 421 28465 1769 413 25371 17470 24753 6582 6584 22001 29756 18795 32478 12271 5929 26151 20315 9381 30661 13401 4085 28554 17978 15313 8262 19620 32259 15213 28619 10574 25507 32758 2359 21048 2711 8773 26637 17071 30601 28842 19565 31007 12998 1934 302 29910 24306 23894 18478 16650 10235 17803 24806 12574 7755 12088 23874 12833 21058 8852 14511 21912 17379 16865 25973 31101 31437 20884 17479 12679 23149 2998 14872 21932 1651 17034 22577 23013 27522 5744 19073 21297 16428 17161 52 19932 4637 18332 17031 22785 13206 28345 11738 27470 7454 31004 16646 1287 6004 28627 30450 13133 16839 24996 7777 22689 18473 4009 25614 24228 24130 19773 17147 13600 21057 5916 20230 16972 19480 9669 3517 10316 3305 32547 20851 1016 17083 19309 19092 2270 17522 29003 17205 7818 18942 15674 14575 25349 29906 6193 18670 13979 15512 4485 8773 13537 5155 16394 29316 16119 23205 15995 141 31499 27938 18203 27043 27934 27684 12957 13508 3339 2481 24129 12345 32197 29562 15681 19819 18912 11605 6507 28408 18771 28653 18191 23814 5244 24504 20507 21464 10340 12330 23173 24735 8261 1833 19945 146 10313 13504 31860 13888 3477 4887 21248 2341 3974 8867 21632 9084 22074 13978 25759 597 12883 17834 9636 27623 2551 13034 28057 8231 5915 8977 5804 30618 23298 12774 11989 25703 27392 7159 19129 2480 31364 12430 32719 23842 18006 8161 18881 1739 17692 31113 24341 29484 16675 28469 14604 19344 16220 12192 21194 18588 22437 28096 25528 4902 25162 26689 6439 10059 7884 1329 4918 28091 14305 22013 10485 32600 18619 6044 14282 18176 18317 778 532 30118 31052 504 24847 31912 21171 7106 19960 604 27273 11937 1649 1260 24870 18722 20518 8037 24884 14294 8113 9482 7603 6987 9915 1774 28991 6716 3428 14274 662 1029 23269 491 4693 30553 20852 984 22018 24887 16745 18066 1103 26650 6046 8852 30365 6001 11035 26334 
961 543
590 458
903 549
118 358
195 252
434 546
921 955
782 665
843 525
638 242
428 580
116 219
475 150
40 965
831 955
485 656
83 831
541 350
757 478
84 609
948 336
196 489
560 760
315 927
837 649
585 224
594 566
503 39
916 120
211 612
653 444
610 380
236 931
54 435
505 783
95 115
961 634
299 820
906 887
937 867
180 810
227 193
26 222
876 442
215 737
947 26
728 573
443 964
667 426
727 40
590 780
525 947
256 494
910 246
78 61
720 518
837 400
464 431
956 902
190 790
493 749
314 382
688 733
133 279
54 609
876 475
135 21
900 718
172 977
840 522
181 324
830 557
153 623
974 360
595 356
500 954
385 682
915 930
110 582
908 783
414 572
478 165
329 384
933 634
448 88
659 382
181 907
633 151
838 519
42 359
34 581
170 425
837 818
124 949
365 17
302 337
210 229
173 481
182 968
486 320
356 487
437 576
977 453
635 3
127 770
562 802
245 825
560 94
237 269
911 744
815 301
836 432
284 206
135 868
670 213
564 48
417 652
84 963
360 787
568 300
549 990
192 206
153 677
299 472
380 919
915 648
733 909
277 85
943 923
377 803
624 808
337 533
614 870
963 399
42 62
214 846
50 515
137 994
548 922
88 591
501 398
426 992
260 626
555 779
860 667
483 786
805 708
81 51
429 122
236 755
618 680
563 892
54 391
344 681
143 726
880 952
124 102
364 249
476 532
696 597
93 395
663 318
891 191
361 472
593 300
729 914
637 374
771 303
317 596
399 858
541 455
725 681
328 326
392 764
315 946
976 122
153 891
800 953
437 803
727 96
372 993
829 853
479 95
106 378
58 729
480 94
274 809
807 376
524 982
771 43
678 504
721 446
917 738
479 301
928 312
55 822
387 553
613 509
503 141
79 82
875 312
472 932
801 740
508 146
515 917
370 523
353 99
471 256
699 264
912 7
744 872
216 16
615 172
859 913
907 49
259 740
746 547
957 82
405 494
350 718
559 654
809 798
24 931
952 705
191 649
921 690
164 860
353 662
536 798
983 142
878 621
436 349
96 434
97 145
364 557
49 239
246 572
330 386
255 491
980 540
510 739
98 46
403 946
719 224
977 153
40 179
467 15
512 397
698 823
762 907
839 790
359 490
683 704
789 852
591 450
553 940
179 232
547 807
565 47
719 681
174 753
730 190
566 533
576 825
842 261
419 28
870 263
368 741
251 18
726 849
386 928
877 780
169 639
137 664
624 369
942 585
798 929
419 262
88 942
866 267
168 135
252 299
406 304
174 740
871 217
376 975
1 194
193 271
708 174
381 489
533 477
101 984
870 685
187 582
771 174
776 715
627 563
117 503
294 591
124 882
743 704
569 968
631 830
42 303
634 888
375 19
85 133
109 488
927 880
647 303
322 416
878 826
718 456
434 510
370 44
613 975
582 743
845 495
401 753
988 219
65 612
971 84
13 397
975 204
763 209
199 734
298 216
831 733
292 572
335 120
275 903
336 410
463 379
346 280
359 67
861 901
535 940
604 620
958 612
903 824
702 68
783 26
146 347
514 45
582 363
641 226
589 606
23 186
818 408
899 116
439 245
558 828
990 210
360 492
490 456
269 501
428 619
137 542
316 923
983 17
230 99
781 756
843 974
622 646
583 456
28 822
449 14
233 942
798 624
69 657
957 806
559 947
13 884
505 596
76 276
360 353
358 868
850 707
374 51
214 861
45 832
819 229
173 323
88 740
777 100
156 41
812 855
460 475
951 605
884 485
623 55
1 310
389 430
612 993
555 130
48 309
873 706
135 142
303 471
576 265
49 387
650 686
302 97
766 790
154 305
867 605
118 191
383 681
236 448
461 640
542 894
529 39
226 35
335 542
309 64
213 35
247 934
324 587
511 287
463 265
920 366
747 423
504 854
147 782
204 316
494 756
467 203
187 651
552 485
571 278
733 895
745 117
278 91
566 818
616 434
711 733
977 823
520 293
755 561
106 475
883 215
447 323
370 235
754 241
819 633
655 386
935 125
61 197
635 863
448 460
492 877
800 559
462 612
676 769
648 88
191 161
479 48
648 512
165 418
138 426
315 661
930 767
216 124
141 404
44 150
668 648
129 237
133 642
864 376
516 309
4 447
557 723
466 601
172 432
708 590
301 459
806 715
516 529
703 581
268 382
740 572
596 523
218 356
353 436
151 583
967 456
373 966
443 601
718 398
677 287
740 686
445 955
408 557
123 664
523 496
702 352
341 495
270 320
500 429
239 864
628 464
536 824
335 249
266 837
611 732
576 204
868 20
946 199
641 873
165 303
696 99
991 121
869 165
320 166
559 916
639 515
82 991
515 923
369 220
595 860
801 630
801 515
681 232
242 923
533 12
691 499
96 919
768 862
724 477
122 390
951 491
699 372
637 975
670 465
794 23
194 744
480 42
98 382
673 148
41 441
330 191
360 478
558 742
843 488
751 295
644 220
19 188
572 970
862 10
643 79
915 134
959 78
160 557
726 195
153 886
74 622
903 370
550 322
809 745
255 233
232 60
533 969
160 317
700 472
711 429
532 430
870 272
925 951
740 607
637 202
393 954
358 760
329 256
321 314
447 216
48 56
725 139
94 6
531 396
643 467
563 376
211 287
779 423
302 990
631 402
537 788
625 982
34 794
259 443
255 664
43 838
520 291
373 584
332 692
298 315
46 105
225 770
214 375
568 948
474 356
552 902
665 341
881 18
312 147
611 151
739 651
968 551
134 926
553 315
791 422
496 200
759 73
821 332
646 518
173 354
888 747
687 937
966 297
210 294
666 738
801 548
770 580
630 585
518 364
221 952
753 629
76 481
839 609
986 485
320 504
370 567
316 428
582 53
60 68
452 405
685 96
602 502
934 750
222 414
332 642
542 1
197 790
886 797
416 440
703 522
738 186
883 669
492 129
208 500
179 187
443 139
110 201
277 592
561 566
981 848
578 258
257 617
694 411
705 196
828 892
380 489
18 406
282 111
487 131
952 478
243 127
918 653
820 628
345 326
605 421
869 908
283 278
418 844
435 21
137 880
550 716
816 219
887 149
135 568
382 230
616 824
830 447
430 324
899 435
888 891
627 706
945 982
648 291
547 435
361 146
827 381
228 339
216 296
839 318
821 80
509 867
375 242
199 714
561 846
537 220
258 282
957 949
52 665
75 394
523 992
27 383
216 583
624 561
226 134
946 884
711 862
288 837
832 177
155 554
714 177
110 160
347 257
461 571
954 853
64 271
647 820
608 392
660 518
695 839
894 857
955 890
4 464
385 608
960 904
252 551
234 518
174 914
351 414
762 87
361 789
378 111
584 71
1 788
484 622
578 79
569 431
286 299
832 750
519 95
221 361
742 462
365 467
377 697
888 35
68 108
824 879
797 584
523 675
711 298
868 536
492 748
180 588
939 270
301 804
664 786
391 426
417 931
239 743
547 228
50 320
232 215
928 907
321 948
942 275
902 592
953 172
905 886
946 862
713 793
296 14
838 704
719 640
822 677
921 520
732 765
259 97
860 943
988 894
159 971
789 379
464 421
676 808
313 2
497 509
950 103
724 26
320 403
812 403
90 507
402 97
36 170
355 78
162 13
369 134
573 4
363 232
843 589
25 908
516 139
901 632
673 307
308 837
492 912
733 790
33 160
493 112
760 656
627 728
923 76
301 250
89 823
419 856
206 903
781 302
342 935
638 99
566 592
763 655
897 824
902 783
179 537
993 581
419 213
728 281
695 867
862 84
262 853
81 116
301 205
661 50
862 481
565 485
979 245
631 17
271 336
176 77
584 410
618 626
554 118
767 805
675 94
121 839
947 942
954 532
656 348
305 488
280 463
970 241
907 433
420 690
444 89
815 180
115 738
874 770
9 376
148 46
637 498
991 901
59 561
953 510
370 269
268 234
960 28
543 553
8 469
549 766
417 238
470 300
124 387
332 775
692 404
823 646
123 944
332 26
664 653
440 230
198 853
15 233
378 956
352 447
557 723
249 599
402 558
192 531
805 344
351 744
684 199
97 925
234 257
879 190
50 681
202 626
602 103
846 635
203 430
896 622
560 464
752 843
726 271
467 690
861 597
247 948
274 267
599 89
746 276
305 695
593 722
420 431
614 27
26 971
269 291
115 675
671 156
184 438
841 204
180 415
685 101
241 39
793 697
516 49
145 880
170 82
907 333
672 89
1 606
763 974
556 832
279 888
121 159
524 511
447 668
629 97
411 961
428 885
805 993
274 481
562 60
951 178
651 543
927 963
153 927
110 678
236 870
76 404
826 892
746 608
289 528
487 842
731 239
848 724
88 312
863 956
682 704
16 135
763 44
581 63
142 105
992 425
519 826
705 43
430 890
658 477
369 121
837 701
983 30
424 942
458 308
577 665
984 861
612 366
241 917
453 286
664 234
383 790
910 605
639 551
154 633
976 169
737 394
239 358
273 472
969 345
963 128
154 744
551 498
988 561
289 886
752 208
62 458
2 630
2 621
829 340
