997 997
9188 10607 5192 2047 23557 11942 30232 8054 11051 7114 19751 13332 16435 854 17623 23364 21538 3658 9723 12060 31499 6523 20191 30281 31796 15661 27786 2122 30068 29411 22847 16861 19935 19830 17482 7607 15270 30565 1785 17784 24888 27500 19176 11998 17837 7000 25985 6457 11365 31001 3268 32543 4076 5657 18756 20576 17441 19660 18802 2108 920 10377 31262 29652 27708 32664 2107 15583 12089 29580 12259 3230 30745 19410 31899 23314 20268 24203 24279 15980 31534 31639 15041 20165 9764 3570 21558 29199 18823 26436 15377 9292 9636 27059 8877 4094 18499 1020 13221 2782 26247 13250 24286 19152 3605 550 13000 26391 29048 11927 11232 31173 21445 31723 7546 30070 22394 21423 6077 830 13484 13244 28399 31968 6754 6667 18419 22337 16188 25291 19983 4380 25944 19632 30195 31222 21877 6029 29175 25941 5465 28965 15269 7725 23921 9279 22135 11931 4536 15864 12257 20437 16857 7517 16530 5730 29848 8505 21240 11910 17006 26668 4866 15617 883 22269 19241 14329 5250 22833 29361 19508 30615 4061 28972 8842 21371 25272 15169 6554 5796 10100 11435 18365 16726 21327 17284 22840 6927 27365 8388 7862 22306 9288 29189 24565 27810 28498 10377 18111 9601 22586 8573 30236 10489 30822 9087 8646 1323 27008 21855 14813 31751 28364 4642 32476 5995 18617 15949 4556 18575 26294 608 21687 5792 27462 3744 12128 8363 13911 19481 3121 30397 27088 7908 8565 3657 7273 7590 23239 21961 11967 25177 30410 11176 30376 22607 11547 15456 13507 11123 28804 3040 2132 15571 8563 11824 21839 16475 17578 29527 20659 26595 4663 2685 10009 16237 28839 24653 29069 7847 12407 15517 27804 21432 7115 25425 9646 27448 11874 15484 4759 14720 2506 18377 18280 2341 31184 24346 16011 4799 7483 3182 26383 8687 1722 30472 27968 2976 27162 11214 29051 22924 10684 17647 8512 20226 22599 13512 26249 10983 666 14345 8538 19196 22021 13075 8090 5214 30392 32421 18209 17747 6779 26552 9746 5187 15264 26279 23915 16389 30774 20883 6618 30045 29056 3590 3795 11714 16294 1494 10207 27492 19881 25421 25655 30317 12700 22662 4241 32647 21778 30234 21306 19359 467 21757 15973 19689 9939 6050 23747 19749 26980 1638 27731 3360 22186 19243 15228 32125 18767 4163 23641 29877 22393 1681 8788 1629 23801 5866 7670 24488 30150 17089 2813 19756 31913 30724 25775 19945 25145 23617 5231 22407 28682 21261 28302 12255 19490 17318 29027 32701 20652 25047 31390 740 3057 32284 26329 31059 31875 8455 20336 15815 23995 30178 23187 9601 6246 18582 20889 3401 11196 6860 29079 14259 8850 5201 10802 24737 26832 21183 16049 10761 5412 23642 32087 17913 31480 14904 239 472 6306 32165 12456 5870 13787 13509 29219 25639 18035 4731 16843 29971 25923 19850 9573 31282 31586 31482 11495 5743 26524 26558 30094 9706 14879 13715 25387 25082 22648 16171 958 1651 7614 1931 20805 23588 19213 14514 17878 19620 23606 30075 30188 25423 5301 708 9471 24459 22756 3024 2135 15440 10094 1514 11297 20711 18181 30539 11971 28401 31832 9534 18029 8620 23615 28034 17648 29298 3641 20208 3540 22146 4889 25949 12964 10755 25596 23746 10637 23622 32126 8091 21032 12620 11054 17548 15507 15496 10047 32586 26310 30949 25216 6329 25636 8715 2190 12882 9041 13022 5191 22728 17988 11592 2179 10731 16541 3897 8447 4556 12344 6380 3994 25378 9218 18539 6596 20204 17675 11861 10803 32600 5597 32735 10967 23012 15373 2585 15121 11459 2063 27251 5664 19330 12110 12415 15836 24299 27772 19704 15782 27690 31271 29188 6559 22318 7054 18614 15896 25682 10162 8151 842 32061 19120 30694 6471 15622 29005 4189 28721 1948 4819 23094 28842 12390 19740 29614 6283 29734 1772 4425 20441 18979 3204 30742 2549 20615 23155 27956 1810 22534 2736 16021 18924 21184 6118 18690 5560 10857 27407 8031 2134 16807 26436 14129 9422 9403 26579 15965 25082 11620 25747 32306 4480 7680 12404 28586 13060 30709 1626 25837 1947 4431 22572 27671 31106 11691 5159 20283 11280 7763 21625 21928 18409 11690 11531 10859 22389 22987 2974 3093 18320 8813 24089 10686 24707 28170 29473 20809 19251 19008 18667 21226 30361 2935 15950 15846 29042 4036 23069 23194 3128 10509 7347 1471 22352 29294 4047 20716 20869 5340 2211 3164 23221 16136 20519 7666 16074 21638 9651 18810 27884 6191 20429 20018 12022 21956 12096 32137 29990 20180 2158 12070 2584 28383 30438 13868 17141 2747 16185 15293 32744 12087 29450 8893 4305 17151 7013 22744 21054 32703 23890 14534 5783 1675 19625 25037 12184 4991 24871 10376 11268 5282 16834 1256 7576 10256 23098 8568 31550 17753 28401 28645 29572 5668 8956 26301 17228 16920 9338 19575 25797 12796 29476 13236 10906 3612 29990 3268 7017 31727 20014 28780 8566 24312 11458 2022 25249 8426 470 13866 21653 17679 22174 26220 24899 19178 13473 9190 12175 9244 21519 24279 25672 16772 1108 716 28510 31658 749 16926 14671 23134 13434 15036 17635 32668 29717 22570 6425 14771 27875 5834 1889 166 12776 3163 8715 25299 2080 22975 30464 9426 5835 27137 25264 6304 29192 8854 3915 28669 13221 26851 29748 3602 5686 8448 27059 7255 18020 2492 9450 26292 24200 6625 12298 17127 16505 17081 12998 1829 16801 15312 7944 21508 23895 15356 5603 13720 24937 17307 6346 24540 18679 23580 23295 2644 14728 28865 18253 12017 22103 9378 3578 12341 24046 18934 20216 10903 17910 24206 13403 29993 18766 12706 4368 5496 7258 5840 22475 10932 15262 19042 32321 5137 2187 27344 8344 22124 10392 11141 31003 1330 23189 9446 51 12926 13884 26001 18578 10881 2570 10466 27570 32295 19277 22204 6782 8439 19581 12422 9807 7740 11727 20339 5657 10594 15368 22535 7143 3490 12687 1751 32388 16610 3527 31376 19323 7638 30363 24378 25922 2412 22619 24254 16819 1895 14278 31398 27835 585 27240 13093 9046 19063 10534 8023 6843 4248 12567 23241 18387 24382 26261 27708 15088 22472 11924 2470 25532 13959 29235 23930 20848 25119 145 12585 17222 2608 17122 8425 7472 6454 
493 587
338 271
364 43
924 717
730 733
274 729
655 132
242 53
774 833
870 783
476 110
576 87
168 760
556 84
876 269
568 553
350 456
822 716
536 8
480 360
920 705
837 470
124 709
224 710
392 330
551 947
322 505
887 109
660 302
519 845
16 691
258 823
117 418
367 696
783 915
953 387
197 248
690 623
319 82
898 864
846 406
541 565
990 272
812 111
27 590
341 720
622 816
624 853
40 676
516 849
404 97
587 298
870 164
632 4
876 750
171 566
471 555
577 843
813 978
727 776
92 758
576 655
204 359
8 178
531 881
729 219
155 357
161 562
22 178
840 295
167 244
479 566
619 58
174 260
243 680
222 96
580 126
892 471
717 118
87 497
628 209
310 712
519 728
667 220
747 931
472 983
9 37
82 920
677 109
685 159
658 649
157 155
972 789
333 519
121 511
953 622
927 743
800 248
177 994
379 873
449 857
455 28
820 355
172 789
788 825
250 419
305 776
742 213
184 641
183 292
426 181
648 793
789 632
394 268
797 25
773 837
413 567
566 180
617 516
493 761
659 379
708 790
880 174
465 629
12 620
972 12
378 380
880 89
598 932
388 227
383 35
876 254
823 326
958 800
868 320
862 136
487 454
685 295
551 302
886 69
287 584
612 571
45 719
310 750
764 362
195 575
125 131
656 567
27 186
297 653
378 182
778 638
897 190
779 82
74 508
248 25
868 45
253 734
354 28
2 398
861 948
731 169
209 370
624 196
523 648
217 765
933 872
279 969
147 245
964 574
792 828
597 565
510 695
288 534
433 879
366 811
359 379
34 861
149 296
235 986
447 471
870 173
393 251
345 533
177 197
464 198
525 314
663 725
121 155
357 2
263 811
228 611
745 122
639 649
52 935
752 629
490 860
654 39
335 787
902 895
163 804
869 643
537 102
251 576
904 818
608 570
156 241
216 851
677 697
71 923
486 937
125 244
106 543
72 799
69 578
560 997
839 354
161 474
696 679
705 555
564 12
172 547
17 666
639 555
835 680
485 948
745 766
233 54
503 299
2 895
94 799
462 679
834 309
151 920
460 293
56 140
92 830
547 637
210 80
22 314
661 298
892 256
189 906
510 317
459 953
837 170
638 251
965 19
804 918
301 948
745 266
267 901
771 573
750 681
693 950
890 957
942 510
426 794
463 529
505 994
817 327
263 945
708 522
429 359
452 793
70 411
254 857
520 177
772 391
887 110
47 937
152 594
528 516
870 751
12 354
204 821
819 346
511 389
668 408
419 847
286 957
399 161
339 720
410 635
980 146
939 595
116 367
499 320
520 345
924 54
148 421
8 156
834 607
863 698
101 324
509 397
261 947
306 896
788 772
543 862
987 921
191 209
721 437
352 169
433 203
319 456
543 931
797 963
229 228
922 946
470 22
463 663
679 537
812 756
948 134
183 557
52 110
969 960
38 120
551 959
890 164
376 473
550 790
86 676
478 721
220 958
522 285
207 893
490 636
412 360
306 487
614 469
997 489
676 356
45 683
104 433
763 971
149 568
726 468
670 368
572 745
278 910
345 272
420 320
748 157
448 413
822 226
756 134
576 582
562 111
534 371
770 379
298 976
745 821
775 138
252 896
610 951
948 466
300 306
85 25
756 411
463 374
744 306
86 6
638 180
78 563
710 853
346 371
114 191
276 804
744 672
549 581
67 533
812 370
962 546
71 341
193 716
593 652
255 388
835 455
148 604
795 272
985 778
778 771
810 497
169 434
92 521
582 851
526 414
641 123
454 588
277 658
843 524
568 546
350 700
408 777
312 651
89 411
585 225
186 993
369 782
451 981
83 693
859 858
220 788
932 442
698 130
761 415
11 688
842 435
835 175
955 317
117 51
449 374
10 704
434 504
408 601
477 75
64 173
455 873
221 255
915 531
306 34
479 835
100 796
934 452
330 709
255 861
570 177
100 969
428 419
391 111
459 816
922 376
332 752
246 278
875 947
955 136
276 67
34 973
355 550
858 241
951 80
933 92
735 912
246 806
491 773
162 866
803 674
361 423
215 733
987 590
96 731
744 838
558 298
572 348
805 699
927 936
251 184
737 336
821 438
514 966
314 657
934 833
781 858
884 866
123 379
653 929
181 277
972 251
95 381
394 179
719 955
186 406
360 401
491 601
302 817
47 44
408 79
179 573
119 270
684 500
236 897
690 569
200 194
226 907
345 216
746 861
987 861
222 688
707 269
996 28
970 475
262 923
648 825
594 316
736 956
886 15
228 557
790 513
814 979
291 325
132 617
791 202
963 312
705 926
15 509
704 887
359 317
921 340
206 480
400 163
418 60
436 336
464 271
756 307
416 88
638 442
702 327
536 594
858 682
850 569
625 631
171 461
316 866
338 584
407 935
656 482
407 927
680 960
806 140
36 226
452 580
280 907
468 863
361 380
945 707
414 758
185 198
462 558
554 604
489 655
475 611
69 779
671 541
316 691
543 51
50 949
499 747
304 207
464 672
159 229
492 602
495 482
490 418
625 727
981 624
307 255
527 107
448 562
243 356
315 425
721 941
597 431
196 629
477 253
155 378
930 749
823 801
337 157
107 692
84 54
234 776
394 782
971 537
987 869
12 51
725 365
551 407
858 617
902 349
245 668
760 259
793 20
130 228
660 168
619 204
633 352
269 728
167 80
117 346
126 482
328 920
276 682
267 951
123 595
449 515
989 774
536 379
503 781
921 419
333 74
913 786
189 976
907 896
848 814
422 753
403 711
271 351
500 983
995 409
53 720
384 359
913 463
25 855
792 518
579 135
426 662
632 731
166 288
303 57
479 366
115 770
146 604
977 475
746 448
167 987
555 218
452 193
624 459
396 990
775 377
667 483
561 895
711 708
98 639
924 460
635 543
577 326
386 746
583 644
174 349
957 92
55 976
261 814
937 923
384 473
73 112
350 64
167 704
715 711
888 926
248 453
110 126
492 530
666 590
678 699
347 135
716 36
807 496
740 646
351 987
215 305
148 7
517 952
615 451
767 252
562 912
930 128
234 194
165 883
908 123
916 696
180 87
812 788
726 802
421 323
901 951
539 280
977 485
384 455
957 201
619 156
643 627
234 929
885 663
60 337
280 931
213 312
128 189
778 642
825 928
287 831
841 349
639 840
52 704
762 353
921 987
51 639
770 969
139 661
25 158
936 492
51 281
404 573
188 991
771 537
500 178
54 783
696 747
489 749
695 625
57 53
178 21
265 371
961 511
688 336
542 991
188 738
873 427
329 860
570 24
511 199
253 848
760 4
336 90
288 422
751 940
995 43
74 466
96 668
610 686
59 590
619 927
355 648
913 501
877 175
32 832
344 537
101 517
46 935
774 212
796 323
439 485
43 163
766 69
535 636
950 935
609 547
772 421
415 449
176 301
810 464
995 218
908 119
301 754
268 978
372 194
804 571
949 487
244 276
229 270
605 431
134 103
171 544
800 896
703 417
442 360
473 566
843 402
607 557
91 537
849 550
894 544
727 471
125 184
848 792
238 85
485 128
14 160
426 409
575 90
982 749
208 481
410 403
755 186
1 522
348 842
211 17
190 346
541 112
776 942
97 280
249 224
249 852
93 222
123 452
648 425
44 429
741 735
24 515
595 331
938 334
198 918
91 363
643 513
846 500
368 407
419 253
529 105
864 255
117 403
997 202
381 175
698 355
427 198
43 794
35 640
908 97
739 880
826 930
458 530
542 564
67 347
977 712
158 712
594 31
807 221
990 540
942 171
660 613
886 340
924 354
553 416
551 367
717 247
220 279
776 452
285 150
817 408
130 283
22 867
726 63
665 59
758 236
318 817
799 810
126 375
192 921
447 860
533 90
985 799
656 847
286 166
890 884
814 899
218 665
815 694
445 885
167 837
425 8
165 224
16 736
120 184
616 715
684 286
817 259
645 67
989 35
615 262
473 457
225 871
784 190
918 282
957 956
896 216
702 923
817 330
96 833
492 377
906 900
48 430
995 920
302 233
667 717
343 633
768 465
724 772
103 663
384 290
503 649
89 382
767 944
825 379
991 729
112 974
628 665
125 737
951 909
409 360
726 400
318 11
676 297
370 918
896 981
471 81
476 121
215 398
391 977
147 584
554 703
952 996
673 282
451 623
462 843
196 508
666 795
734 87
257 259
193 301
360 795
719 585
170 845
592 591
800 419
410 594
54 222
239 729
662 239
971 535
464 525
735 277
315 977
70 862
328 707
602 370
274 968
615 304
35 823
453 562
687 279
463 27
121 268
697 463
541 778
710 157
789 409
746 262
491 768
136 906
270 655
651 386
880 855
717 703
414 968
866 774
468 789
693 795
218 145
308 24
849 499
366 607
298 5
56 930
77 941
892 755
821 429
970 475
156 27
996 689
815 383
285 233
887 801
36 661
33 938
153 835
858 79
445 442
140 733
865 423
809 26
647 381
156 743
235 765
525 667
370 733
638 813
530 671
550 120
759 78
941 262
692 865
161 83
138 185
96 946
362 607
762 760
