993 997
9120 14266 23261 21005 3559 27784 30406 3991 24756 5151 22857 12407 10270 13830 10340 19712 15416 9944 4046 9561 21150 9103 32560 14047 20045 12802 6290 16581 16824 27309 25363 31741 22296 4017 5598 2652 4867 5403 3929 24825 9536 32361 19616 12758 15322 13643 30001 6338 3187 15782 20201 3965 2011 27358 11823 27934 27617 31317 13935 29874 10089 14127 32458 14118 17599 2905 28427 19559 20011 8649 26845 10183 24774 32263 4412 2979 24971 11500 20010 24642 2225 29353 19619 29185 14137 6668 8914 23213 19139 18687 25221 6705 25509 32338 12255 8817 20798 7354 12364 23157 6280 10009 26042 23754 18669 4607 18951 29989 4956 20081 16053 8522 22427 29162 9445 6444 7135 8096 12675 8790 8858 5896 20926 12937 4756 2972 13243 9639 25917 10716 18314 2767 3906 28051 19545 19658 5982 11611 15847 14758 3955 32611 13884 11680 9177 23408 6040 25928 13557 7714 4777 15071 12046 20857 23808 21252 5213 24215 11206 31888 28003 3272 18091 18366 4992 29119 18208 6287 2496 14115 22470 14444 22520 22858 2086 11021 7186 17220 2210 19099 17829 27675 25259 28433 12233 22873 309 9448 3369 10955 7528 14067 23129 4997 25497 3976 19050 25638 25720 13536 25020 2653 9867 25792 13076 10668 27611 4953 29422 12652 32749 20846 21781 5138 8691 23988 26736 944 24388 25982 25887 22463 29194 14489 8391 27 30778 29813 7465 10575 5834 27270 25850 30227 23838 17898 10990 29203 31939 13388 24343 8690 10591 5640 11885 21647 13544 31120 8366 6535 15381 26126 18536 251 30482 14667 14675 2195 632 7375 14565 22978 13436 22090 23841 15692 21095 30514 3504 26630 14918 12206 6962 1245 21730 18611 24790 8218 25586 2412 9256 22501 144 3040 10027 30215 24042 17615 8360 22260 9274 17116 3781 16904 30712 26866 6105 5905 333 10208 28031 29966 1996 31558 26090 15926 30301 11701 16248 7484 23417 10258 17033 28626 14749 20539 13713 14956 15352 15085 22380 2374 9063 13542 21490 25256 32676 26438 26316 11881 2235 6971 8326 14002 11453 24797 484 9732 9655 7511 24954 9852 11237 17480 20343 1622 6180 16489 27586 1457 2726 20335 25160 12689 27113 21811 404 28714 19946 27152 8096 8796 11158 10380 16618 32378 21633 32315 13771 2127 7898 993 8708 19043 18847 8407 8858 13434 28941 32176 1509 17246 10075 2587 18915 21982 1447 6667 21714 21271 18737 24086 7165 1522 20679 15131 11478 20974 3712 17704 19525 9504 16813 24987 8256 19320 3341 21639 6044 1861 15680 15705 1058 4859 21374 18107 6886 28724 10377 3512 20180 10230 15328 1057 14732 24628 822 21040 1648 27287 20002 31596 5114 12414 4632 19148 16212 8259 12952 18975 3618 32704 6565 18603 10914 18449 13433 13589 26104 28316 10359 20097 13507 16207 21601 28921 23028 11305 29131 275 13280 13820 27344 15054 24468 21105 14339 26558 9832 29516 23208 16489 27095 4849 18213 31984 397 27175 21427 22770 16322 13085 32601 3757 4039 7595 9499 3430 25310 22745 28527 28427 24399 21925 8176 28952 1464 9985 32598 29879 16549 8988 2470 18987 4704 10722 10918 19310 21771 13510 7828 2585 16619 5055 19223 5253 11527 31632 9334 5680 15858 18765 29448 22370 30437 7963 3308 24592 24848 15927 22521 16896 15666 16954 10232 20014 29544 8603 19729 14703 13634 6005 26244 29780 1564 23178 19866 14929 7596 17801 11482 7198 22743 21644 6015 2398 11465 7141 13610 7551 20548 7194 21973 13281 3896 5934 520 1850 31893 19234 23375 24633 30301 13756 24811 5993 12285 17799 27848 28249 14045 7195 31919 1018 9526 17822 7101 26696 30500 2443 20 4908 13820 14514 12496 17057 28127 7297 18493 1047 8591 27521 9799 27924 12418 26403 10033 18209 25397 1725 12938 13028 4547 21456 13917 1674 6326 23436 25257 27496 4125 22934 14608 32481 30943 8 17619 31370 21582 186 3838 10124 23039 15296 8928 8522 16346 14131 14014 11076 18541 17461 19657 7739 2949 29999 24652 12439 11520 18781 29482 7685 30173 12685 3976 29284 917 21027 4551 31714 430 9825 20149 10338 8589 26853 27140 21026 17548 25971 28923 16282 3148 6133 3435 23207 17741 15552 25829 25320 24507 13849 30762 8040 27275 27384 5859 21374 17607 780 15250 31474 31014 9214 25545 4449 30688 5114 14490 26851 8896 25964 6990 21482 24443 4103 27225 9838 9280 6924 4750 21063 12944 15561 16528 8922 29776 4960 18057 23543 12061 23241 2590 16386 479 17434 3746 16721 24737 20998 28553 25302 672 24228 24352 3070 30369 11890 32124 21464 20872 13466 7088 1914 11047 27764 16196 28577 23892 27723 31202 6551 14654 5476 26961 10074 9985 1340 29608 27386 25463 11282 5051 20803 20561 11429 18906 24476 2663 26943 1211 18735 14925 25074 5812 24394 21287 18466 2861 24837 13246 27460 28758 28198 24019 25316 26901 8513 14259 6637 6979 5412 3083 7973 19991 22898 15358 24311 19682 6797 22389 10869 25085 185 4022 12189 32256 2687 14393 18139 24373 26192 18870 14800 19789 3947 7043 26450 15697 12801 18205 26804 29147 6806 27141 7239 27525 13482 14797 14624 15778 23705 7794 20508 6956 2240 18156 24098 12286 3553 27652 21416 6723 712 13670 13689 6191 1839 29943 15029 15853 29152 11368 3097 18392 10777 4364 2176 23789 12340 486 12970 21888 6535 9223 11325 23087 906 6423 25097 28437 16951 1073 19856 16192 19895 20724 28614 15460 13114 28886 26901 26320 3367 700 21156 20898 18037 6344 15577 14135 11608 4210 30493 12774 6433 12507 1247 27886 10079 861 25563 25004 21579 6759 1948 29970 29283 14984 11839 2388 17748 6601 29307 22500 17437 10560 16094 10145 18034 7394 1625 13132 8542 9625 26111 21563 30509 4503 5130 17745 16009 18153 16415 4653 17635 19535 18643 1698 12309 21579 27245 12903 17221 32376 19181 21776 27404 17181 1870 17981 21719 15618 9737 11794 5518 17794 4826 8679 9076 5858 1990 31040 10063 26849 1885 28415 26824 15248 19517 25304 23060 17508 20951 20230 1748 12682 23158 17980 27194 14202 5757 3551 28782 7375 20719 10354 10032 14422 17717 25682 25022 5477 
541 179
644 2
511 216
8 561
723 374
597 159
53 353
925 983
252 259
962 757
816 253
835 762
394 387
939 635
91 787
33 238
462 835
283 556
450 512
906 37
25 541
309 215
842 536
310 129
743 736
537 336
231 559
434 3
876 557
938 924
855 13
425 953
351 730
814 633
195 317
548 542
480 422
291 228
440 300
20 97
339 178
455 217
711 691
426 418
708 17
120 590
805 790
824 591
697 629
183 683
624 215
408 885
941 730
639 162
200 798
477 487
228 122
357 633
127 337
185 118
643 356
7 187
333 95
902 589
462 693
45 575
623 900
168 471
611 506
887 977
158 279
514 862
517 303
656 146
496 106
502 500
848 478
919 24
698 441
276 939
903 183
144 554
990 454
796 917
611 293
689 562
101 458
706 782
155 541
519 760
166 102
774 93
225 749
439 909
341 647
22 308
911 194
33 86
965 435
407 639
209 74
184 52
222 7
112 157
252 813
410 734
26 92
407 496
838 254
326 759
257 578
44 306
222 871
653 772
459 476
118 928
356 723
435 142
126 561
522 982
565 407
167 454
166 976
200 564
816 219
376 850
11 936
4 632
628 424
815 430
331 548
218 492
600 654
279 789
395 775
682 409
586 422
29 729
28 526
553 343
471 759
872 35
208 844
662 814
580 12
873 391
305 268
542 899
722 685
630 469
913 251
44 334
839 528
241 72
344 773
584 741
304 623
858 435
683 47
56 32
805 685
904 677
565 317
284 840
925 447
857 328
478 861
199 200
263 177
708 9
757 57
559 216
224 324
28 233
192 552
355 972
446 298
643 344
212 663
783 525
827 348
981 549
772 780
910 968
192 591
993 111
818 968
899 730
547 162
718 621
367 677
899 887
41 460
474 470
239 560
550 692
448 576
684 355
408 448
107 159
373 787
321 972
974 417
194 804
5 216
945 836
769 7
194 540
534 576
444 175
554 536
239 621
210 111
298 983
884 588
842 784
956 558
550 240
594 561
169 479
712 349
375 146
862 397
873 228
292 829
257 597
969 403
659 120
939 693
805 723
623 211
361 421
512 476
221 557
931 856
717 320
220 209
320 829
19 9
757 772
71 189
266 918
215 253
789 517
887 868
861 878
940 600
42 161
990 891
510 624
171 45
895 432
458 218
750 230
496 261
803 546
39 390
487 352
897 459
754 687
695 947
768 792
71 332
421 624
776 945
268 168
378 128
904 448
778 580
310 688
487 864
136 434
766 961
590 131
564 679
836 34
411 37
485 835
136 253
205 973
640 558
984 931
544 406
113 536
935 289
276 602
77 818
24 857
246 222
901 523
643 848
479 475
491 992
624 415
180 493
242 900
764 422
824 716
561 460
27 392
98 110
593 391
251 393
895 777
850 248
409 835
485 193
274 485
799 498
462 957
149 471
540 624
742 19
594 333
227 149
325 243
812 588
863 499
910 139
353 676
388 910
742 404
336 199
969 56
610 976
919 937
890 876
275 889
571 604
756 627
240 605
836 844
74 67
348 413
865 887
133 570
49 869
207 586
352 651
487 703
595 662
589 850
176 691
756 983
649 231
442 485
213 261
555 495
245 645
947 641
825 763
133 11
435 554
742 781
597 616
877 494
838 553
705 227
652 171
475 722
788 711
425 812
658 806
616 13
119 229
244 732
408 167
411 71
565 180
963 419
44 435
373 13
826 433
171 616
899 844
62 448
206 659
144 559
8 239
323 741
880 482
451 264
134 761
185 363
855 733
140 949
557 727
343 369
460 864
530 620
398 545
303 38
517 459
683 691
575 809
129 578
142 867
455 832
431 524
817 35
137 6
180 871
926 406
323 224
35 205
2 855
521 365
152 890
751 276
802 222
607 79
642 929
889 624
790 91
640 686
840 747
626 540
662 703
842 651
6 749
256 570
441 979
565 687
707 955
349 58
899 180
243 856
636 749
549 767
655 690
7 773
934 719
968 684
825 991
893 933
231 664
240 874
378 678
721 182
237 703
144 531
44 633
523 270
37 512
926 103
894 347
668 591
937 678
215 558
558 329
584 9
7 214
506 812
983 662
99 781
151 134
380 217
933 685
408 693
911 225
255 201
25 782
689 226
842 891
797 65
401 321
317 890
485 164
979 851
106 681
693 721
22 769
714 398
960 466
751 806
513 427
154 430
193 766
34 40
799 164
586 876
556 614
404 907
985 821
3 251
220 515
430 507
577 686
210 153
153 137
326 563
228 196
659 933
226 95
555 676
123 811
835 472
881 890
69 647
981 37
297 38
476 970
128 922
707 475
323 333
186 881
795 193
598 128
221 641
595 579
43 79
262 706
221 89
893 855
429 979
102 163
20 29
680 892
506 48
452 263
924 576
405 934
745 210
341 360
675 257
438 94
165 443
842 238
805 749
762 253
524 72
121 105
711 818
295 157
208 220
10 701
305 302
810 552
657 411
309 556
289 264
536 512
511 270
645 326
83 274
313 842
290 345
976 294
342 792
429 653
761 79
724 984
137 702
64 17
921 872
523 913
710 929
338 760
576 327
597 425
924 241
28 440
566 525
777 689
267 113
854 331
623 533
123 834
509 763
462 636
838 957
161 167
21 316
934 790
757 668
786 523
640 27
45 866
112 611
767 791
259 705
10 149
144 782
852 502
921 247
976 773
609 307
543 562
674 243
97 581
364 633
461 139
918 773
158 1
571 883
360 620
490 305
959 105
572 305
752 761
285 687
243 804
344 832
169 896
565 326
223 150
599 833
20 314
870 427
819 719
516 904
116 732
546 410
465 227
83 847
792 935
890 417
524 143
59 745
668 496
970 957
387 531
585 174
16 632
11 691
146 963
415 518
750 218
415 306
907 575
736 460
114 865
470 532
762 225
668 528
849 208
590 321
314 806
346 821
163 207
247 73
884 689
638 844
156 685
492 59
352 245
519 455
993 927
138 923
552 526
16 938
667 414
515 362
384 89
805 251
335 672
906 831
471 883
473 296
352 298
577 510
497 354
311 434
896 37
419 264
142 555
818 37
232 36
252 820
634 502
807 192
553 210
728 46
970 570
106 551
533 724
876 297
714 59
895 281
420 615
251 987
429 844
733 135
804 512
706 223
760 228
97 668
8 516
842 534
130 796
622 582
49 188
13 819
29 538
975 159
322 645
968 341
977 965
301 844
819 824
206 857
115 458
311 989
26 830
795 928
321 650
38 638
394 422
985 280
109 19
157 508
518 625
330 323
16 519
968 70
851 489
461 815
692 430
14 740
107 920
535 633
597 246
246 253
235 705
244 638
293 733
930 64
87 589
475 726
400 131
111 959
639 536
608 954
170 405
657 784
895 90
417 821
660 722
66 233
379 844
604 656
571 973
728 819
248 101
966 134
667 459
972 983
77 541
184 919
851 674
620 274
216 156
204 468
866 267
213 670
799 182
314 862
594 50
861 80
393 251
774 886
8 204
746 869
208 606
126 142
725 569
174 628
15 483
64 311
236 82
314 941
629 574
14 578
661 292
562 400
63 666
269 136
254 85
500 635
240 368
777 811
417 444
490 566
413 963
566 873
427 402
898 708
148 430
750 894
732 81
956 637
947 510
222 784
908 851
221 571
535 983
902 929
213 682
660 79
690 31
699 475
772 506
412 896
788 675
987 694
426 811
96 922
912 466
815 541
133 306
794 261
613 166
659 266
58 707
679 432
283 620
845 197
260 694
192 734
160 774
591 636
12 927
906 674
960 755
651 879
724 254
31 555
149 126
613 361
547 969
445 189
767 235
802 905
518 301
487 713
6 722
824 161
411 893
261 580
265 134
716 70
165 543
615 600
963 625
733 552
940 949
757 177
897 876
766 266
846 684
458 618
232 46
370 484
218 209
900 617
140 871
418 142
562 63
175 814
61 961
407 947
158 168
335 515
573 110
346 696
205 251
168 509
905 788
303 616
665 395
502 50
66 794
561 921
707 712
214 902
564 952
411 451
752 155
786 602
845 2
546 421
188 417
579 727
258 551
116 342
656 18
629 402
675 247
365 27
37 446
159 847
784 952
938 725
959 492
644 121
932 165
789 430
67 643
573 899
651 448
698 223
740 659
759 505
767 99
446 822
630 233
336 913
179 843
594 238
662 786
336 24
208 739
902 501
753 425
929 932
627 128
361 605
131 950
281 456
287 755
832 494
250 77
978 648
349 47
377 217
392 678
194 553
186 407
118 197
835 279
341 17
872 765
800 622
683 548
475 636
336 169
962 978
292 16
239 874
71 496
695 682
343 833
461 239
553 365
66 843
542 753
393 605
239 89
144 183
927 131
541 710
174 792
676 19
817 115
151 707
263 677
372 442
366 954
291 874
154 350
787 577
759 440
589 461
718 324
892 967
48 413
582 624
218 640
219 111
550 473
669 533
13 601
623 72
963 773
731 557
969 627
741 293
38 944
340 609
479 257
988 464
859 147
604 602
40 242
238 550
854 227
660 26
545 804
85 927
311 57
749 644
168 4
778 668
569 919
947 367
827 189
758 913
