996 997
9169 11653 29079 21507 27206 21149 11557 25618 10286 11234 20638 13067 14674 32648 15542 17639 24470 24178 31507 1984 28542 11941 28407 20962 9714 14844 31006 1572 2878 5405 4842 21113 1885 29355 9405 15554 2935 14014 7078 29158 29864 24208 577 2853 3075 4217 8408 15785 18391 26653 26830 10334 12848 21220 12094 13316 6305 4266 31455 14723 26945 11448 26923 25214 24820 755 28352 30762 28396 9556 30470 5217 29039 13720 10002 26866 12250 1849 18378 4412 13798 7580 6986 8699 29738 23180 8583 27489 18913 28903 4146 8553 23534 28567 480 24168 23837 30916 8295 13284 11180 31048 20107 15786 26634 29796 5338 27419 26846 14257 21972 29383 12363 2905 3407 9277 18034 12934 7962 3104 7481 20507 30945 7806 24907 931 2896 23390 23649 21126 24187 8600 19647 12675 17790 9194 22017 16986 30048 13383 28439 6601 830 22898 29071 8634 3493 25292 11794 27579 5439 28267 10802 1966 18610 5483 27491 12994 18373 12937 29510 29346 8645 30445 20782 28908 4903 16712 27869 10980 18030 27423 28302 18794 7247 103 26681 13609 16147 5457 9234 15122 1342 11879 15442 21769 26478 28376 24635 27357 3461 272 27222 8062 14090 28044 11264 32362 717 21485 4644 7529 22986 14923 1866 1658 336 26315 14033 32269 6243 30580 5496 31090 1118 11326 21284 22930 4317 5996 6621 15837 18137 10268 15897 899 16149 17181 17469 17639 29625 24064 24417 27985 21821 20594 19795 13538 9865 20425 13279 6350 25691 18652 25422 9157 15336 3096 8749 6834 21702 32720 26192 25000 29193 19669 7958 11545 11949 14663 29933 21322 22836 9642 8729 20995 12943 24636 18610 23691 5186 17030 27116 1492 16836 19762 25244 23282 26916 13852 4343 465 5874 7340 1948 12328 8541 22626 29141 3753 20121 5554 3353 23675 14980 13587 23510 26345 16264 8275 30062 10588 26307 2605 6015 10630 9061 19485 23656 25569 23898 22131 15113 23640 3882 26279 13258 10051 31517 30700 20190 32409 15266 8711 20425 14177 13041 23138 16927 11114 7664 19292 17295 27452 20051 13796 12065 19534 20488 4422 3516 10106 32210 23876 28651 23469 18740 23145 5344 26851 14736 7322 698 14163 26256 11246 29699 24294 29125 10176 15997 750 17294 8194 5918 5653 3900 6355 22361 6803 25203 27732 10143 12965 17363 32440 13094 5434 9432 30875 18665 15087 11007 31637 3568 22333 5163 1294 9425 29169 14918 29524 28279 13533 31275 24810 18466 16846 452 18980 27311 9406 18799 12528 20250 13898 15527 13047 15425 614 21984 17893 25066 1871 12722 3588 9480 24769 23866 784 314 13163 25534 22343 9109 27808 24463 21695 8867 10831 4660 9468 30635 24373 18372 14018 7475 1873 2452 13864 30404 152 25618 19182 26093 23531 17393 4368 12426 14918 11911 32667 7239 2618 22899 12736 25439 14749 25986 17959 26282 12160 16596 18566 16598 8801 29754 22897 7924 7842 24547 2164 567 20794 11064 5215 20217 27307 27652 1505 19711 11828 18648 22616 31998 327 6830 9448 26462 3901 20940 970 18493 21833 8683 6119 15543 10922 14745 30886 21861 6437 2268 28162 12835 6579 23320 13023 2839 2423 18482 12702 19183 27378 16630 28399 7785 18298 15030 5862 7449 17640 15924 24658 28519 17298 24003 14922 5591 6265 22184 30728 13709 14275 25030 28411 3600 25451 30587 15127 31822 12855 2757 7536 12000 746 32681 10503 28560 12219 24789 12771 9752 5639 6276 12900 30765 17987 12450 6869 10940 28724 24112 16192 10356 24418 23531 22406 20868 7114 22568 17838 30886 723 31235 5758 12636 27779 16824 28744 21369 12531 18513 25607 22500 8704 8834 21675 29337 19780 27345 26800 3568 6725 14073 14837 2850 6379 31889 14284 27657 5176 10473 28493 18983 15667 28725 11761 16106 549 6125 12892 8494 26120 16499 24441 15364 27709 29175 9676 25266 27773 28824 5892 1531 25362 7115 22480 11936 4423 23809 25588 294 541 27012 22684 11994 18239 23458 14576 30739 568 26382 24808 9143 3556 11395 6754 4096 23588 28842 2162 16512 23510 14910 23801 3427 31493 7022 3193 22517 6492 10883 29735 26724 32481 28098 9794 22726 10976 16020 20644 12637 3876 26596 29079 6682 2925 969 20201 17761 15647 23653 25411 30732 30520 21517 13750 21170 30340 6313 20375 16425 9748 9822 17549 11593 2028 23915 232 28147 5628 12113 21044 29522 12114 10039 24078 14177 25997 20876 31543 430 16021 18158 8423 26973 16009 24139 24676 14447 19961 19014 7378 5189 20566 9692 30029 3935 32422 13383 5429 2154 23164 22562 24265 31354 19752 1487 9208 8852 18219 13590 24947 7791 29678 5646 12295 26747 21939 3393 24618 21795 24011 15115 29652 30031 21769 4675 27280 558 10360 16925 5074 13874 28233 30543 23435 14172 14095 14451 17659 30393 32559 25005 1990 10541 21649 909 843 15727 1180 10551 31793 29525 26210 18881 22594 30802 5399 26844 19581 11581 11976 10935 12646 31059 27465 24352 29089 20096 8048 18413 18111 17114 128 7834 14424 25454 15336 7475 4442 9280 14126 3700 16288 4493 3110 10544 20935 9811 5479 15087 1853 27668 7935 26075 9882 18390 3942 30173 3636 6254 7345 4355 13037 2558 25096 18213 336 17085 26970 17608 21725 19702 32079 11586 31136 25172 22399 24607 27657 31836 32481 11716 19191 20027 27270 16210 12310 3010 15495 13773 25195 8623 10556 17534 5933 17198 24238 19093 13527 28831 79 12307 19579 23450 2793 2535 15705 19504 13525 18775 14000 27508 7789 31394 3028 5947 26307 22244 3713 8991 30868 11577 25455 10954 9079 26405 1318 22897 21850 11316 26900 19102 2095 26845 31453 26675 14307 15532 25074 27052 29840 5025 17765 22692 25843 28371 508 16026 19744 8280 1668 24566 28020 32361 19047 10311 19916 20930 4737 11215 18676 840 30768 25153 27747 19694 26282 32457 37 29145 660 2381 19224 16835 12240 7411 26459 27549 10646 28643 15108 25464 24774 2126 26897 24485 5244 17071 20130 12571 22757 3408 24677 31514 82 32016 31825 3598 6795 8037 919 27062 32358 11677 20693 10885 4504 1385 24205 26185 17098 2715 12759 15370 27120 22063 23890 6965 726 22152 12384 1530 30203 
730 364
319 608
289 599
854 549
946 574
980 986
376 561
22 670
347 139
759 15
813 909
640 470
746 704
949 837
906 45
546 932
562 124
185 580
189 815
779 465
169 700
700 677
728 336
66 902
144 205
699 872
510 342
616 459
770 149
933 500
852 422
237 157
901 910
980 282
214 423
56 393
480 562
172 649
631 880
240 511
224 89
672 773
864 870
571 979
683 450
556 95
161 452
778 896
856 843
301 574
794 937
335 184
357 372
676 574
496 586
510 713
151 628
588 415
894 973
308 951
166 104
771 579
172 23
935 892
246 385
268 801
835 891
568 715
583 794
544 599
899 636
636 861
302 816
493 81
384 927
121 319
805 945
277 295
898 819
366 905
103 254
849 187
901 311
497 101
362 753
440 552
989 28
968 234
968 3
575 425
278 712
292 50
918 978
308 356
621 940
9 829
80 420
360 23
622 127
749 71
211 419
767 538
177 549
349 133
365 975
68 688
193 213
598 45
729 552
938 257
980 782
697 482
840 213
245 386
96 174
247 788
361 217
578 441
431 602
502 990
610 498
635 685
8 112
206 331
576 265
792 967
88 246
961 808
871 208
95 732
82 888
796 153
860 28
757 621
996 689
652 176
546 767
791 708
864 698
370 69
517 75
326 146
611 926
919 688
770 137
439 396
509 616
704 278
977 778
536 816
782 813
711 72
429 446
289 731
579 172
836 138
624 88
236 909
196 439
177 25
848 283
353 782
672 300
163 314
491 861
979 449
660 982
283 397
727 43
217 3
127 520
945 851
783 766
362 773
443 986
328 945
437 984
745 87
531 883
849 338
394 912
701 310
267 608
655 400
433 817
606 447
248 447
625 156
800 927
783 21
925 585
364 417
677 835
871 967
210 921
45 553
499 622
352 75
505 403
717 753
146 98
834 573
548 454
692 412
495 641
624 410
781 250
65 423
633 976
126 777
298 966
804 96
433 337
518 594
845 483
43 959
383 246
115 365
605 944
558 719
498 27
345 87
611 396
795 183
280 507
835 138
850 79
790 123
736 552
336 300
824 768
790 650
479 487
198 284
955 828
22 207
363 753
346 765
284 546
521 637
707 973
882 245
295 210
447 921
72 719
674 299
740 287
921 383
982 698
779 370
904 120
969 321
453 655
271 848
231 926
92 64
525 284
879 83
412 228
607 814
806 146
847 79
163 358
882 942
64 511
698 242
822 427
492 248
253 13
3 211
252 367
744 656
554 489
982 904
557 597
1 47
237 981
213 900
917 514
907 946
794 606
31 893
644 173
752 394
58 155
364 3
411 693
517 450
434 4
190 651
250 690
938 88
562 744
358 213
508 788
926 140
479 24
89 106
871 474
320 995
976 669
620 355
341 344
131 898
518 286
733 532
672 477
338 140
8 395
919 330
694 218
257 288
27 47
133 922
174 458
443 624
47 799
80 480
933 752
893 191
577 553
197 741
78 932
889 732
403 946
876 752
607 438
105 192
263 121
659 185
777 849
168 469
304 738
979 565
756 961
816 534
595 775
195 447
576 737
787 227
7 874
144 859
837 790
369 579
930 340
311 990
88 83
924 153
710 928
19 875
433 915
392 374
77 674
286 897
255 274
12 106
381 1
873 306
450 724
343 407
892 754
65 137
264 584
147 125
45 274
910 557
256 62
105 80
134 824
572 521
853 822
127 881
512 97
369 522
866 287
405 457
622 666
836 879
536 596
641 760
990 821
633 32
781 46
827 943
698 356
991 319
493 277
397 103
896 492
165 122
779 127
128 740
707 927
694 72
800 756
21 871
164 183
92 496
41 920
133 500
822 745
828 972
544 522
674 332
154 772
937 591
447 995
72 101
655 451
37 27
121 906
477 789
179 810
731 632
415 746
373 99
468 433
503 447
56 159
502 74
805 771
412 700
489 261
189 599
587 493
302 745
218 496
3 179
276 720
746 397
863 382
297 419
315 503
476 578
232 379
112 50
205 479
444 994
994 972
322 139
938 669
76 610
87 668
868 825
906 279
664 522
410 286
742 772
56 895
451 482
749 486
426 815
607 335
335 301
321 304
905 836
664 747
81 473
85 480
552 254
345 798
158 324
935 824
640 800
301 309
171 853
750 285
858 159
294 930
226 116
282 713
964 851
929 847
379 766
931 782
806 106
670 257
236 390
198 70
110 68
477 385
817 967
839 478
617 782
254 422
597 420
265 976
216 64
722 445
875 706
125 140
88 259
983 672
750 989
908 986
658 267
129 227
521 576
888 478
595 333
595 802
972 772
819 267
957 774
738 961
917 681
112 905
628 414
307 427
796 77
756 259
390 919
507 88
543 903
238 697
280 772
146 730
19 313
963 555
394 30
893 684
889 858
911 252
167 406
363 150
805 865
90 257
295 780
889 470
291 960
584 56
743 698
838 14
729 550
281 825
9 87
920 540
419 786
914 43
221 989
5 821
155 170
518 364
753 527
267 438
509 932
102 365
857 35
336 506
159 580
614 759
276 142
166 318
966 588
174 49
901 59
888 584
552 563
229 564
43 964
736 105
984 883
321 253
82 729
203 726
385 75
181 542
168 514
288 555
647 865
797 642
121 421
601 923
757 709
562 645
919 830
224 729
549 156
144 145
558 565
127 343
835 278
654 663
341 456
564 545
406 4
478 206
163 227
630 686
565 347
434 199
843 786
659 240
368 664
135 168
929 650
408 171
81 917
186 913
46 244
492 434
331 554
358 813
116 144
489 766
214 190
120 514
60 923
697 500
649 14
823 153
626 718
467 483
718 105
280 91
321 281
80 120
750 859
751 156
852 372
302 713
974 929
460 890
298 862
7 939
843 175
611 934
967 933
535 608
503 814
812 787
796 899
446 353
338 634
640 909
743 741
407 32
74 645
466 231
985 650
165 936
543 602
855 58
466 292
860 524
520 315
31 312
696 567
636 340
500 372
269 573
941 509
862 672
162 782
611 134
244 164
669 422
378 632
688 753
520 807
411 65
897 341
732 762
33 569
705 537
192 640
347 237
993 556
743 747
42 471
834 205
872 404
837 579
318 673
500 970
325 633
263 709
806 312
995 949
303 625
326 855
302 95
949 791
340 99
832 719
450 417
443 653
278 305
996 746
375 912
54 759
560 843
112 6
854 223
460 585
801 81
282 164
962 556
623 45
106 173
239 403
469 703
307 595
540 923
395 615
703 121
403 544
967 735
595 346
824 182
417 508
177 971
552 436
374 589
907 52
475 763
220 198
361 842
442 256
985 130
696 438
637 947
116 69
463 151
715 834
662 952
817 512
627 756
279 815
273 537
163 925
181 126
163 37
309 17
254 409
750 583
788 588
319 61
252 573
136 744
251 123
607 823
970 621
73 439
796 60
160 195
761 30
104 958
698 937
20 534
34 633
778 430
753 874
33 858
259 153
542 173
171 212
857 715
36 497
754 197
903 303
240 173
402 507
508 298
473 306
821 524
631 798
778 572
208 78
564 14
968 321
62 434
686 690
882 56
350 821
147 456
536 966
980 386
462 743
878 318
367 807
520 14
193 308
473 167
304 548
171 186
17 324
975 787
358 625
814 271
158 316
222 5
566 450
424 54
913 151
512 254
306 4
377 730
944 288
500 420
143 229
467 644
908 335
698 944
573 656
848 494
382 615
181 873
415 126
664 393
423 959
421 990
352 619
821 115
316 98
313 100
955 429
638 365
462 953
146 670
968 903
848 663
343 497
36 258
237 244
673 531
139 642
830 375
810 169
851 697
912 717
482 17
129 143
38 422
271 415
451 79
623 171
46 516
349 756
509 794
729 536
582 196
107 488
789 791
231 637
928 324
546 766
295 541
373 736
475 494
723 272
569 536
349 628
826 395
200 224
550 383
435 215
888 812
857 23
57 691
97 393
779 37
804 384
946 98
451 263
335 760
601 909
369 869
404 933
461 743
283 750
815 71
130 961
658 819
722 788
502 76
34 577
696 378
179 40
661 458
162 245
264 710
575 845
530 955
86 523
171 411
779 226
878 356
36 149
220 253
613 274
721 888
211 614
139 800
438 29
467 751
644 785
273 131
903 622
852 24
828 105
842 349
364 555
333 896
111 612
366 151
40 974
521 645
436 704
229 559
255 876
313 263
83 472
939 11
442 805
752 750
318 964
640 112
694 682
579 702
756 577
161 55
193 435
422 897
161 426
357 608
880 941
162 621
892 262
113 841
728 896
757 875
367 179
284 56
625 574
941 34
319 145
428 511
66 311
661 762
470 833
279 705
270 803
690 717
643 990
195 827
100 723
315 389
937 983
659 441
1 228
558 400
476 487
63 669
233 294
693 402
98 664
416 516
953 971
698 791
831 781
661 368
176 737
683 927
34 412
224 235
349 663
678 672
54 764
419 583
662 5
786 335
710 232
155 303
269 884
692 239
606 226
856 165
670 723
940 889
987 857
891 2
498 40
374 870
811 312
423 107
419 188
28 332
126 24
744 236
29 311
203 801
646 794
187 920
791 293
382 422
192 307
