95 92
8685 26520 6622 31848 7977 29817 9666 103 24170 3644 9761 6548 14920 8624 7902 7506 20335 16989 22705 26508 10216 14522 1668 31377 11162 16545 23069 20771 31248 3071 19454 5834 4476 24016 6793 14959 26364 20811 17512 3877 21533 8537 556 28490 32158 1100 820 5583 6006 28622 29137 8660 10775 22807 679 30840 15605 17764 4951 30959 2626 16036 7259 14037 8188 116 31281 11969 4650 29005 20923 10526 8803 15356 5094 16182 143 7507 25738 13968 2290 14879 26769 9852 9062 4442 16220 7148 10215 24225 11106 12165 27733 232 11802 
72 24
71 6
40 65
20 24
88 93
7 30
65 61
15 43
26 57
20 9
39 55
49 33
25 72
7 93
19 81
84 30
70 57
93 42
64 52
76 2
43 9
60 83
47 76
70 43
59 30
68 40
79 92
7 92
69 19
50 90
77 8
32 35
59 41
27 75
89 65
22 3
37 29
1 11
30 71
30 16
49 3
21 70
66 10
86 27
42 16
9 86
82 35
44 27
91 41
18 86
40 54
71 7
23 9
38 82
91 40
86 21
68 44
28 43
55 49
46 48
25 11
1 50
58 57
82 71
12 70
86 31
40 83
53 16
74 71
72 82
4 2
89 85
61 37
82 26
74 24
81 73
45 38
16 20
36 60
12 15
24 57
55 94
55 66
9 92
87 58
73 44
7 76
11 65
42 63
27 21
41 15
90 48
