95 100
8718 2932 21424 10337 12818 3549 8023 3598 25446 7700 8282 6989 6933 10247 448 17047 26371 4633 8244 32379 26067 5492 20744 3219 26119 28828 6779 21688 105 10314 16695 20594 12714 19063 20254 1714 14154 26551 30534 28612 13239 14024 31554 21887 23993 5739 30116 959 16141 24946 11711 23829 18001 18715 22706 10172 12320 10652 27554 9935 2941 3327 25414 21434 23925 20528 9385 19439 10240 7765 23339 18138 22569 13917 30665 10262 24430 11996 13727 481 31850 11286 18347 7117 30385 15449 5076 20921 20988 20113 7979 24320 15494 30486 3952 
46 57
9 43
11 6
86 56
1 83
82 70
59 27
27 3
66 2
85 69
27 7
47 28
33 9
60 28
19 25
55 65
25 62
1 65
54 8
73 22
32 52
18 74
1 66
85 16
44 6
85 44
80 88
20 9
43 27
48 46
4 53
69 20
78 65
31 95
42 27
79 40
11 70
22 83
50 86
44 30
63 53
74 68
8 78
48 60
10 95
28 43
19 35
3 11
92 15
85 73
34 40
26 48
92 16
89 45
17 34
85 38
56 15
7 16
42 30
66 22
75 53
1 80
51 82
92 24
93 6
50 84
45 36
85 80
78 2
70 46
76 84
42 39
53 86
95 34
18 83
7 90
88 19
69 19
80 18
50 45
78 61
42 49
91 92
15 59
34 78
64 63
7 19
88 25
80 30
51 78
2 50
67 64
28 66
71 5
37 31
72 89
10 13
35 71
38 48
21 58
