995 997
9152 23447 5294 32262 8401 1516 28763 7487 26032 9207 21378 12847 2283 15453 2885 29253 21452 30356 22353 15432 4233 72 18868 18657 2235 25086 22768 17498 18449 1784 22605 13733 30534 31832 19059 22176 25424 11144 16951 16791 1243 5080 17846 6154 7157 18281 26528 1713 13323 12107 2775 19134 9236 23266 1081 7266 24332 24206 3769 8850 10404 1418 17845 21515 568 23317 6532 27028 25601 20176 29262 17795 5772 30824 29984 29826 16490 15988 7999 11155 31786 25761 11197 26450 2692 17676 30539 4218 29911 14575 22094 18859 13270 29824 4405 19051 11901 23062 31497 27498 9547 2190 22085 18442 23979 10477 31721 6430 8627 16198 30922 11506 26640 735 5420 8333 14401 399 31378 15922 7940 4714 27605 9517 18190 23457 17268 7884 2559 28579 11307 17579 3477 17800 18375 23604 16672 4272 14392 2919 20278 15271 16104 19159 22439 2636 26187 14581 1459 10035 27064 12945 22139 8263 20343 21662 9142 5812 26907 19254 18085 9732 11793 4574 26441 18055 9338 2314 19411 12025 19510 1252 15452 31071 16449 14665 20182 3890 579 10004 12099 8383 9314 28320 14373 11214 17755 11144 28469 21890 4817 15793 14935 7040 17893 9099 24782 8275 19974 18835 11436 5904 7690 29469 16525 4661 20350 8272 30085 14807 4155 5490 21847 11517 3642 26470 1256 4679 21930 12658 13043 7123 21823 22598 24317 608 31948 32314 3212 15284 10772 3288 13972 28732 22494 30618 5938 29683 17223 7156 6044 18052 31580 25237 31833 24243 3816 1515 8621 17657 19595 8677 23640 16750 18700 28924 21120 8429 8176 23156 24811 21874 8780 13791 24689 30150 26583 26596 24497 24671 30275 15422 9476 1409 29390 8455 3247 7338 4628 10039 5981 18733 14887 27752 15564 29213 2785 20956 22214 20844 16505 9408 14419 32340 9301 7090 17709 30454 31 19842 7540 27970 18203 1333 12707 23318 27064 5968 21187 8618 1893 7251 4830 14379 29349 13443 2487 11686 15206 14572 20920 552 13199 32167 20780 6948 8664 2393 9134 22292 5854 26108 14305 1123 6263 28386 30050 16267 5954 16374 32507 31867 25219 10822 25882 16187 3630 20926 23681 18386 32578 22582 19774 13672 4696 14768 19934 25768 4220 15834 24286 3432 26171 8923 31330 25484 20733 25931 19497 16167 30358 18819 9665 4068 6935 2584 759 8101 26858 20386 12946 26729 32542 21954 30529 371 14847 24931 13521 26537 27114 27711 32163 9530 27743 10661 5214 7299 23384 18554 13793 31284 18137 5759 16252 4782 11465 26833 1375 11952 8960 28086 27986 2867 26529 19350 8615 4242 19370 12616 28781 1262 11209 15248 10983 15825 27506 21477 6461 5393 9774 27767 22128 9464 2870 15728 10387 4001 5952 26490 10553 21925 8345 8066 21034 32760 26996 18364 16986 8461 11394 6632 20251 28993 22466 18131 13713 2678 27035 12064 102 1790 9256 6472 30144 1980 2771 2272 8560 25989 24101 6939 20333 4556 2524 3215 2688 27263 14654 19516 29504 1324 1454 16330 833 13672 29565 7442 4233 21105 12546 31968 9539 18 19437 2807 32696 32455 20696 30550 20090 18210 2335 3258 31970 29805 19186 4196 9149 17041 4008 20252 29251 9015 17494 31606 9033 11820 2209 16724 21175 28938 20432 12972 18235 25109 6182 29068 1087 31331 11374 15195 14361 15168 9175 14689 23170 8912 5122 14986 3914 21494 10586 14950 8522 30069 6564 22901 10649 3157 9430 10914 14083 21897 6189 31245 2486 25294 1914 28941 14143 32470 12477 15222 19125 7334 15860 4631 13620 22077 22837 20103 8845 15990 18171 27682 1596 2607 31422 6734 29851 21675 22982 17411 7253 821 8256 12426 29724 3078 7314 8580 28831 9321 13548 4655 22198 6685 27423 31717 32224 23547 21171 17381 5872 30168 11571 13910 19203 941 8396 12937 18101 24566 15639 27775 1429 4439 16946 26539 29142 15237 24085 3832 11335 5988 21539 3598 4229 13933 17152 20433 18798 5459 31907 17963 2522 16870 9388 24332 15750 6199 2295 19119 18001 23293 26737 30494 6571 11063 7210 25848 21066 8979 22188 14706 2590 6159 28044 12700 4232 18526 24894 23270 20679 30605 5933 13538 31923 15974 31243 8267 20397 4629 29798 16199 32214 18057 31101 10985 9087 4125 4177 8698 18657 18552 5375 5369 19982 31409 9292 13152 21288 31415 25986 24105 28881 3057 9851 9105 21730 23329 32251 10268 5984 20366 26691 8409 23468 30562 4578 17127 4601 4945 17615 19512 27907 1403 11189 2453 24575 10132 24462 32226 14541 19522 29555 3748 10869 28614 29362 22976 23505 23519 1314 6277 20103 17131 11699 13293 12859 5712 22345 28192 30722 7194 9163 17722 14873 2022 12662 29518 19415 6910 19064 12203 1504 4037 12986 5470 8860 21590 2045 21240 16103 22632 26664 1937 21258 29301 20960 28940 14314 8219 29530 20381 3200 9666 23405 8841 3977 20863 16620 8749 16767 25912 21554 6978 25287 27657 20222 3935 8748 32487 13954 16063 3980 15491 950 32581 9937 30833 9714 1213 1827 25994 5052 32357 10845 16271 24031 11692 12477 14351 30909 23097 5343 10890 12261 18223 23532 23510 30696 3504 5647 18626 4713 160 17192 18426 14452 32171 28613 810 16145 20361 7758 2918 27160 1408 20607 3274 24902 25643 17691 25949 31633 21371 15839 9019 21689 28155 25013 11764 24864 5464 3883 7983 29659 12320 13091 3731 27401 29898 30668 21735 30307 26103 24529 2679 11285 25591 8656 17594 24525 30607 22541 22323 28689 14841 22632 7061 32213 32301 18572 1322 16973 8031 17002 885 30464 6345 7398 30743 1054 19114 11471 17391 26899 4239 4629 12165 4956 3281 25910 12969 6041 19807 22778 24407 228 11709 9312 29662 10850 6733 18648 22593 22295 6350 2226 2782 31743 14882 8663 16461 28762 22868 8375 14987 30791 19417 24450 7000 23956 26390 1435 13789 2773 32547 6986 9106 23731 17103 1457 8287 7559 6372 32513 29186 24360 25260 24301 24240 9984 18355 18271 30463 8294 28367 2410 14083 18728 18526 22145 17079 19558 19919 4582 16799 32679 23140 22116 7596 13862 309 1089 10592 24173 1145 27503 28978 7717 20993 26114 15412 24621 10501 30439 32755 2281 19747 16594 19359 17629 
437 136
409 640
120 691
979 56
865 696
57 466
975 546
105 466
96 467
679 597
306 431
25 526
291 374
871 885
892 708
883 317
350 509
241 980
4 135
243 330
389 214
110 615
220 514
128 945
770 853
216 608
712 43
159 239
324 490
376 263
469 244
370 735
49 475
674 727
31 615
759 541
966 349
164 499
766 818
351 201
165 230
615 350
5 395
164 366
360 315
205 650
297 266
186 716
664 784
411 951
139 162
979 787
342 610
337 402
343 612
554 181
561 806
521 278
701 10
390 888
885 284
746 253
152 159
683 501
718 64
887 696
445 912
296 867
349 170
159 367
437 374
598 409
771 676
115 14
252 925
400 292
505 361
938 161
447 431
301 886
241 784
169 95
780 419
439 10
547 981
37 803
727 776
621 900
843 515
187 270
4 195
39 605
462 511
466 827
719 923
677 110
499 102
976 307
25 548
226 60
740 815
987 884
535 895
775 241
413 929
414 659
288 379
156 372
182 292
615 414
278 876
607 25
352 14
535 461
754 372
616 307
179 225
586 13
159 2
492 495
483 399
813 892
153 117
665 256
430 295
409 720
163 985
826 125
1 846
814 221
719 730
484 423
208 408
805 614
281 307
313 845
424 637
817 498
117 415
236 484
562 812
384 84
356 851
675 169
8 650
549 817
785 608
731 626
774 535
742 668
859 871
733 343
550 726
226 684
530 510
650 988
144 347
184 982
482 170
683 271
807 84
482 27
350 907
310 579
892 814
867 218
105 821
961 608
453 886
220 433
569 625
57 582
315 362
829 714
55 707
425 621
470 586
916 160
950 102
182 88
847 630
203 708
25 347
593 965
932 942
627 488
882 112
105 795
500 223
271 822
519 149
578 77
599 435
145 598
353 215
554 549
601 394
601 792
709 268
527 800
476 816
194 68
337 606
693 963
72 522
286 121
746 387
341 280
486 926
354 257
518 705
91 167
658 746
777 511
607 896
254 161
176 257
433 439
801 525
175 152
869 686
504 742
549 953
419 608
99 530
523 106
366 665
951 858
344 96
420 104
99 918
497 813
800 305
911 479
570 631
401 345
563 301
606 169
19 17
699 373
14 667
608 511
222 677
562 555
454 70
125 134
842 838
639 339
810 768
114 120
805 328
547 133
289 907
184 919
387 157
649 540
557 728
609 110
492 887
774 770
670 201
337 367
589 396
102 233
270 754
221 553
94 372
164 31
926 161
530 68
44 459
115 873
605 266
176 786
596 871
964 819
86 180
417 894
427 88
17 523
985 263
604 443
949 290
310 217
52 722
136 792
443 642
316 870
706 855
62 706
303 900
886 878
666 594
699 144
254 771
828 307
256 184
352 506
190 34
364 731
828 172
121 689
333 912
923 951
161 910
871 352
452 678
538 786
798 130
372 790
518 946
372 202
244 707
518 925
687 50
147 415
125 231
658 469
463 979
856 275
803 140
65 535
104 330
494 314
812 562
458 721
548 664
843 756
666 923
16 20
614 283
920 829
468 663
769 312
933 180
743 579
232 70
63 271
256 748
645 883
450 636
105 212
947 475
967 257
786 948
789 553
142 376
275 342
12 197
519 522
859 203
324 747
572 400
209 757
394 260
396 796
264 57
161 727
405 287
773 838
745 926
513 439
655 397
293 38
509 642
748 737
496 446
846 56
709 790
625 737
875 607
391 8
352 752
393 78
812 842
668 245
163 101
959 836
693 842
314 935
540 920
149 923
380 799
21 897
205 931
550 937
415 178
857 396
495 424
615 385
219 251
576 205
467 599
623 382
3 976
256 659
156 708
519 313
63 582
910 283
226 609
990 623
655 906
342 512
221 991
354 910
805 172
796 51
573 794
968 827
469 358
415 748
150 46
309 321
367 806
58 860
489 499
878 247
734 174
754 766
595 418
311 315
980 700
943 39
140 880
449 199
72 235
333 413
3 726
146 769
275 782
217 431
663 513
53 459
595 41
466 367
373 612
767 509
226 633
149 159
498 218
423 905
918 356
199 786
799 792
299 744
700 651
809 241
687 456
188 243
527 933
219 177
49 523
191 741
230 189
973 128
667 120
894 568
484 964
442 606
318 235
224 523
117 845
501 471
518 164
89 972
963 853
267 925
658 126
748 457
763 215
248 522
145 6
193 124
170 806
878 597
929 937
946 775
726 432
328 38
456 563
195 96
427 419
184 149
928 488
668 359
816 987
227 655
365 318
207 773
596 250
900 87
702 96
751 310
164 36
842 705
747 483
990 570
703 610
910 93
329 647
15 546
519 291
754 697
119 400
881 988
533 156
149 258
372 781
556 386
193 642
52 916
122 47
885 433
604 180
849 807
863 731
760 320
214 585
855 348
69 819
84 566
96 817
697 29
357 976
398 402
596 11
124 969
975 135
191 112
216 231
836 285
232 765
738 236
320 708
67 502
494 49
437 493
270 300
86 177
621 887
952 216
439 249
885 956
338 794
62 292
697 370
28 955
797 7
814 316
409 192
362 453
221 571
696 160
332 879
216 210
943 683
157 741
925 103
480 636
33 42
568 992
368 896
81 404
616 664
641 511
261 984
40 488
881 56
391 80
695 680
377 432
582 561
505 303
349 809
484 691
366 42
765 435
810 546
972 653
349 856
844 504
799 484
899 557
662 977
956 300
992 177
304 940
668 813
556 471
270 111
726 471
466 793
483 91
633 538
204 806
269 858
901 833
171 831
70 542
424 66
751 793
933 339
176 637
751 633
906 158
201 295
616 255
995 603
595 827
648 729
499 557
463 906
268 575
452 545
104 980
704 984
41 205
440 837
483 76
128 304
732 461
134 228
937 910
242 458
823 722
816 472
180 460
568 470
171 63
146 694
944 218
658 387
63 160
508 708
168 670
896 140
525 882
935 264
860 183
357 712
736 172
247 543
866 796
826 706
955 752
690 985
988 447
255 4
708 688
420 609
539 711
652 550
284 55
697 254
925 660
912 553
879 763
322 488
641 718
235 80
688 579
945 488
71 466
863 529
190 87
400 630
434 144
586 976
190 61
706 678
131 677
302 261
780 493
375 77
882 37
458 7
468 661
579 956
262 71
615 898
212 900
89 625
988 768
711 689
204 57
476 450
900 223
445 144
675 610
19 838
560 483
648 867
112 450
737 589
162 707
446 802
739 91
134 675
730 65
650 253
198 654
456 41
927 213
953 471
848 562
74 810
813 464
834 153
610 590
514 139
871 635
768 94
317 725
332 626
687 423
638 126
26 737
580 548
539 297
257 681
432 196
376 517
437 178
528 360
678 63
283 846
681 962
679 714
656 222
758 749
143 975
589 727
380 313
527 441
240 918
181 174
598 411
44 907
462 679
48 34
933 99
491 603
519 402
950 585
264 310
438 815
20 585
34 784
874 910
522 808
118 256
373 301
173 713
267 706
373 762
190 734
975 270
738 708
494 584
42 576
477 924
733 225
419 896
305 708
105 73
734 247
569 338
98 587
86 734
455 921
96 874
636 995
321 405
901 40
230 947
77 723
757 401
97 865
961 367
94 211
360 848
482 963
377 3
288 520
185 236
96 267
867 468
480 512
321 531
804 23
855 657
733 31
276 191
114 137
647 302
162 824
64 505
358 618
761 668
497 544
97 502
880 939
514 647
624 930
250 206
680 586
692 601
510 451
110 216
523 980
843 677
484 329
470 424
967 413
464 767
953 337
358 25
661 514
31 390
652 873
289 904
776 163
629 603
373 116
387 525
346 922
445 266
125 382
622 588
274 986
396 383
640 402
554 477
492 451
920 259
626 122
600 651
421 795
937 80
104 174
87 567
608 901
647 696
410 677
738 907
168 746
123 462
936 341
119 873
441 308
220 750
489 409
130 649
218 46
208 306
29 608
952 980
555 493
33 336
627 11
682 892
760 386
447 682
187 849
254 624
922 607
189 165
658 444
856 439
981 879
528 495
224 765
860 674
573 764
754 271
535 193
298 181
516 299
625 452
195 592
218 327
303 965
609 584
306 163
555 818
486 981
382 386
375 686
451 941
264 350
92 521
572 78
406 596
699 308
292 40
455 254
245 776
282 898
579 695
273 257
964 787
831 454
619 574
714 707
279 285
239 309
23 638
922 405
675 374
134 862
654 439
145 549
215 108
648 282
701 182
949 718
682 737
148 956
546 660
423 992
811 523
389 398
707 303
391 152
756 137
437 781
42 583
111 365
120 832
336 482
896 449
481 440
343 326
894 659
840 635
951 872
505 611
753 668
893 583
447 250
10 500
658 572
350 925
813 340
861 680
352 571
532 571
677 334
294 465
494 284
563 620
776 636
581 105
519 76
635 688
51 598
898 551
782 309
4 921
471 413
67 626
123 975
414 549
901 347
930 272
635 116
220 332
844 737
317 473
942 654
365 416
102 195
752 698
145 357
589 685
697 487
521 847
879 692
599 50
268 454
500 322
227 868
690 350
716 393
827 731
641 286
957 293
912 58
798 551
19 846
222 128
133 359
739 56
279 274
858 659
555 792
