30 30
010010000010110110010000101100
110001100001000110001000001000
011111111011111011111101010011
010000100001110000000010000100
001001000101111010010000100100
001111111110100011100101111011
011000100000010000010000011100
010110111010001001101111011011
110001110101101110011000001000
110000001000010111001010101100
101111011011000011100111111111
000111111111000101110101011111
001110111110000011111101010011
100111111111001011110101111010
001001000101100010110010101000
111001100001011110000000001100
010111111110101001101111110111
001001000001010010011000001000
011001100000110000000100101100
011111011011111001111101110011
110111111010010101100110111001
001000100001011100001000100100
101000000101110010001000001000
111000000001010010001000000100
100010111010000111100111110011
000110011010000101100111011011
011111011010110111100111011011
100000000000101010000010000000
101000000001001000001000001000
101001000001110010000000000100
