200
50 32
65 16
63 27
56 2
57 33
9 26
13 38
45 22
1 12
61 23
46 50
50 24
51 6
70 31
37 9
55 2
70 35
55 63
17 8
7 21
62 29
51 18
68 24
15 28
62 28
46 62
9 23
60 51
10 20
10 20
2 27
3 14
60 23
45 62
65 59
55 3
9 50
66 18
65 26
61 55
58 11
57 33
1 47
6 12
70 40
4 33
6 37
47 41
4 59
49 25
66 18
32 51
6 47
47 54
46 36
38 1
68 18
22 23
15 15
17 34
8 45
69 64
51 28
69 66
32 30
5 62
16 69
69 10
28 64
15 44
55 56
61 1
34 63
62 70
19 41
24 3
53 67
14 45
62 1
36 15
60 10
25 32
56 57
7 4
24 32
39 47
51 22
44 36
13 12
47 58
49 61
2 66
41 62
44 64
12 57
51 37
57 49
67 52
63 3
33 65
52 70
5 48
17 10
37 34
68 48
61 14
51 3
3 16
10 4
21 9
44 30
24 9
34 62
59 15
58 9
70 58
51 43
9 18
1 62
38 68
63 63
12 46
48 1
64 48
44 39
61 54
69 9
35 23
36 59
69 36
53 24
52 18
69 30
20 6
11 15
45 70
17 36
60 42
67 2
45 58
10 20
57 7
61 44
38 31
61 54
12 42
10 64
61 23
58 57
10 7
49 7
13 61
8 35
63 1
38 41
49 26
14 8
59 70
26 52
52 42
56 27
35 14
24 1
19 55
47 48
61 5
68 67
42 37
69 19
47 55
8 46
55 64
62 22
69 30
48 18
33 48
51 66
27 3
42 14
21 26
31 9
35 12
7 36
52 16
61 36
40 69
61 43
12 8
4 49
58 4
12 54
31 4
13 66
12 25
23 63
4 69
23 15
51 57
15 38
37 27
