100
11 1
17 11
11 19
19 18
4 4
6 3
3 9
8 11
14 14
11 16
13 20
3 7
19 9
18 15
4 12
1 19
20 16
12 17
4 20
19 3
20 17
2 2
7 4
10 17
3 9
16 14
18 4
4 15
9 13
19 7
9 11
10 9
15 12
9 14
2 9
10 4
3 16
14 10
9 17
19 11
6 18
20 15
11 2
10 5
10 12
20 17
3 8
1 7
9 14
12 14
12 14
4 13
2 10
2 17
10 14
17 1
6 10
6 18
3 1
3 5
1 6
11 10
2 13
11 11
5 9
14 6
11 11
13 2
20 20
5 9
4 11
11 13
20 11
4 16
10 3
20 20
4 19
17 1
10 6
9 12
17 5
5 19
8 10
9 10
3 6
5 5
11 16
20 18
5 16
3 11
14 10
20 3
15 5
4 3
15 10
13 15
3 14
6 5
6 2
20 2
