5
17 284707863 5
59676439 396734740 140350297 420251541 875563105 60522547 109373662 749692469 749164159 517372902 801801224 53295945 4279717 604138249 720268158 715878831 49106571 
15 999331242 15
491867887 860624564 340623163 88452559 599148560 399980580 584336291 83660469 686641459 849036241 738346394 448690755 818640930 656495305 234452377 
8 588479400 5
641666144 727492343 60096534 525633284 869495153 652221033 674765249 933985302 
14 736120856 12
766546193 329948495 229190117 463777588 153007543 553977206 24922644 345920058 649541485 87904153 119749067 193047542 443156414 648114319 
18 80103507 4
515615988 311904742 677913148 371146760 954756516 653811597 342596643 178606153 858562628 129653316 284909691 611985074 146491321 24732454 81306686 926091522 651845807 354181938 
