1000
2505 2605
8011 8111
4650 4750
6338 6438
3760 3860
5391 5491
1651 1751
1021 1121
8979 9079
7101 7201
4931 5031
6781 6881
2580 2680
7128 7228
1121 1221
2391 2491
7201 7301
8633 8733
6776 6876
4091 4191
2735 2835
1822 1922
7499 7599
3348 3448
3531 3631
8834 8934
5480 5580
8282 8382
1213 1313
5585 5685
6510 6610
4471 4571
4417 4517
5741 5841
7665 7765
1 78
2535 2635
585 685
4200 4300
1725 1825
8371 8471
8521 8621
7741 7841
6899 6999
6749 6849
1883 1983
6505 6605
6182 6282
3253 3353
1 34
7021 7121
2533 2633
891 991
3063 3163
5261 5361
3911 4011
5687 5787
1181 1281
350 450
3381 3481
781 881
1563 1663
8051 8151
5021 5121
4385 4485
5533 5633
6701 6801
2976 3076
2936 3036
925 1025
4847 4947
4470 4570
3941 4041
9745 9845
5312 5412
601 701
3346 3446
8049 8149
4327 4427
8710 8810
7989 8089
8637 8737
2701 2801
61 161
5450 5550
7 107
186 286
8781 8881
2489 2589
4657 4757
9085 9185
7639 7739
5911 6011
8115 8215
8352 8452
1686 1786
8637 8737
8273 8373
4233 4333
5881 5981
2949 3049
6725 6825
4201 4301
4741 4841
9245 9345
2565 2665
8903 9003
8401 8501
4107 4207
8699 8799
1126 1226
9817 9917
2646 2746
3995 4095
4010 4110
8005 8105
2990 3090
3651 3751
7389 7489
3849 3949
6209 6309
481 581
8493 8593
2446 2546
5941 6041
532 632
1347 1447
1955 2055
1177 1277
1 81
1296 1396
5817 5917
76 176
9026 9126
41 141
2553 2653
7365 7465
4979 5079
5424 5524
2377 2477
8965 9065
9613 9713
3357 3457
7336 7436
4046 4146
8797 8897
1041 1141
3171 3271
3663 3763
4370 4470
931 1031
6113 6213
7975 8075
8006 8106
8349 8449
7901 8001
9566 9666
4832 4932
5092 5192
3618 3718
2573 2673
6775 6875
7885 7985
6488 6588
969 1069
3250 3350
4499 4599
2642 2742
2765 2865
6617 6717
5323 5423
9637 9737
4129 4229
5447 5547
6321 6421
3069 3169
5800 5900
3081 3181
5187 5287
1289 1389
3685 3785
1336 1436
5526 5626
201 301
6706 6806
8763 8863
9546 9646
5477 5577
4266 4366
4551 4651
5041 5141
3471 3571
7053 7153
9773 9873
881 981
6607 6707
3736 3836
4801 4901
3281 3381
2321 2421
4206 4306
6973 7073
9855 9955
836 936
6115 6215
7486 7586
5901 6001
8817 8917
2701 2801
2385 2485
1 10
1283 1383
1909 2009
7098 7198
8833 8933
2300 2400
8551 8651
3093 3193
8947 9047
8519 8619
5146 5246
5943 6043
9265 9365
8770 8870
6051 6151
5196 5296
2557 2657
7457 7557
7551 7651
6033 6133
9505 9605
8540 8640
7229 7329
3881 3981
1807 1907
6317 6417
8326 8426
6041 6141
9706 9806
9224 9324
5901 6001
1684 1784
9221 9321
8207 8307
6885 6985
7109 7209
5877 5977
9261 9361
1067 1167
8599 8699
8558 8658
2685 2785
1591 1691
1969 2069
3206 3306
3457 3557
7251 7351
5976 6076
3365 3465
5997 6097
5896 5996
5851 5951
3031 3131
8481 8581
773 873
475 575
6461 6561
1325 1425
6063 6163
6580 6680
1 19
934 1034
2818 2918
1583 1683
1081 1181
3505 3605
6423 6523
1 61
3991 4091
3163 3263
2601 2701
9266 9366
4377 4477
4981 5081
4283 4383
1 94
1529 1629
2502 2602
7624 7724
4750 4850
8277 8377
785 885
9217 9317
2837 2937
2329 2429
6871 6971
296 396
2705 2805
1346 1446
7776 7876
5583 5683
8015 8115
9098 9198
4412 4512
149 249
4589 4689
7169 7269
9725 9825
5857 5957
6811 6911
6403 6503
1 51
5638 5738
487 587
6286 6386
1119 1219
3236 3336
7227 7327
2307 2407
1877 1977
5405 5505
4261 4361
1503 1603
8881 8981
5248 5348
3857 3957
8775 8875
2931 3031
6801 6901
5275 5375
5429 5529
885 985
216 316
61 161
201 301
3715 3815
301 401
5288 5388
3901 4001
8463 8563
2401 2501
6549 6649
7717 7817
7606 7706
2523 2623
7503 7603
7191 7291
5709 5809
3861 3961
791 891
9513 9613
7333 7433
3213 3313
8861 8961
7555 7655
471 571
3127 3227
4670 4770
5949 6049
5717 5817
2347 2447
644 744
6515 6615
9357 9457
6813 6913
443 543
1870 1970
6431 6531
5021 5121
9681 9781
3565 3665
8597 8697
4053 4153
8976 9076
7443 7543
8985 9085
1101 1201
9243 9343
5514 5614
5044 5144
8126 8226
2405 2505
2980 3080
2685 2785
7837 7937
4672 4772
8125 8225
944 1044
6551 6651
8637 8737
9140 9240
197 297
8685 8785
2685 2785
6781 6881
7086 7186
9681 9781
1989 2089
7903 8003
5393 5493
6225 6325
2109 2209
7941 8041
3005 3105
933 1033
5620 5720
8837 8937
4941 5041
2549 2649
2651 2751
4481 4581
6597 6697
3632 3732
8605 8705
293 393
6213 6313
3815 3915
173 273
6176 6276
8053 8153
3287 3387
4345 4445
973 1073
6111 6211
966 1066
2081 2181
7437 7537
2966 3066
809 909
3011 3111
6030 6130
1521 1621
1 77
4353 4453
3365 3465
8381 8481
2587 2687
9706 9806
3536 3636
7297 7397
6130 6230
1681 1781
6282 6382
6783 6883
3391 3491
8651 8751
7399 7499
1437 1537
4005 4105
3491 3591
6505 6605
6827 6927
9888 9988
3005 3105
1072 1172
6497 6597
6439 6539
8701 8801
1211 1311
3970 4070
1901 2001
5286 5386
5571 5671
9146 9246
2773 2873
178 278
1677 1777
4781 4881
9560 9660
6463 6563
6551 6651
5643 5743
6626 6726
2901 3001
7017 7117
1279 1379
981 1081
2373 2473
2445 2545
3616 3716
2182 2282
176 276
301 401
9681 9781
7845 7945
5079 5179
5596 5696
8821 8921
1 37
5795 5895
8765 8865
4021 4121
9621 9721
2401 2501
1650 1750
8946 9046
8640 8740
6125 6225
4646 4746
4807 4907
2208 2308
2653 2753
6839 6939
1956 2056
8401 8501
3834 3934
6651 6751
6961 7061
3873 3973
7778 7878
1885 1985
4660 4760
3919 4019
6949 7049
9167 9267
7426 7526
7007 7107
4827 4927
3780 3880
7581 7681
4536 4636
6225 6325
2594 2694
5522 5622
125 225
56 156
7045 7145
7968 8068
2371 2471
9765 9865
9814 9914
5101 5201
8341 8441
1481 1581
8434 8534
6845 6945
6232 6332
5501 5601
7727 7827
7715 7815
4921 5021
9517 9617
862 962
845 945
8118 8218
4294 4394
9204 9304
2531 2631
5523 5623
5926 6026
7181 7281
693 793
8357 8457
418 518
2449 2549
1185 1285
5612 5712
7459 7559
122 222
7191 7291
7162 7262
5981 6081
8767 8867
5241 5341
2122 2222
5073 5173
9378 9478
6065 6165
9341 9441
3909 4009
8947 9047
677 777
2643 2743
5637 5737
7197 7297
1 77
3809 3909
4171 4271
2188 2288
9489 9589
7064 7164
7902 8002
3253 3353
7499 7599
7458 7558
7633 7733
8797 8897
1733 1833
3309 3409
5297 5397
7779 7879
9373 9473
4776 4876
3211 3311
5629 5729
3454 3554
7643 7743
4169 4269
6093 6193
2201 2301
77 177
3917 4017
449 549
2206 2306
1091 1191
5301 5401
9101 9201
7356 7456
785 885
6661 6761
5501 5601
9200 9300
961 1061
8720 8820
3478 3578
8635 8735
4896 4996
6215 6315
6149 6249
1245 1345
6507 6607
9051 9151
2614 2714
381 481
4371 4471
3589 3689
751 851
6022 6122
9867 9967
1 57
5116 5216
9431 9531
1 33
5681 5781
8977 9077
2013 2113
276 376
3968 4068
2141 2241
2811 2911
8273 8373
5571 5671
9374 9474
7929 8029
2555 2655
5115 5215
4191 4291
965 1065
4155 4255
7583 7683
3849 3949
241 341
6708 6808
4021 4121
601 701
5839 5939
772 872
4525 4625
4187 4287
5064 5164
3765 3865
4877 4977
1695 1795
629 729
3269 3369
2397 2497
2561 2661
5869 5969
941 1041
6276 6376
5885 5985
8881 8981
8261 8361
9271 9371
1571 1671
4028 4128
1341 1441
5665 5765
816 916
8385 8485
2555 2655
1144 1244
9591 9691
6192 6292
5511 5611
4767 4867
3246 3346
7941 8041
9481 9581
7525 7625
3785 3885
1190 1290
8923 9023
7405 7505
8311 8411
1298 1398
2141 2241
85 185
8163 8263
9317 9417
1901 2001
6457 6557
8423 8523
183 283
1157 1257
2465 2565
8477 8577
124 224
7576 7676
4826 4926
3738 3838
7381 7481
6712 6812
6054 6154
9068 9168
9181 9281
5419 5519
3766 3866
9201 9301
9573 9673
1684 1784
7556 7656
104 204
4961 5061
4245 4345
8817 8917
1451 1551
9001 9101
2274 2374
2653 2753
2292 2392
1447 1547
2893 2993
7101 7201
9139 9239
5553 5653
8816 8916
8675 8775
7179 7279
7706 7806
6851 6951
4109 4209
7681 7781
5727 5827
5785 5885
6299 6399
9117 9217
4825 4925
2857 2957
9353 9453
8826 8926
1413 1513
355 455
445 545
2503 2603
2994 3094
6505 6605
865 965
241 341
3593 3693
419 519
5847 5947
3733 3833
3146 3246
3098 3198
9549 9649
14 114
2635 2735
6313 6413
9021 9121
7757 7857
9503 9603
3803 3903
4179 4279
7425 7525
3893 3993
295 395
133 233
8776 8876
1123 1223
7695 7795
5028 5128
3091 3191
1535 1635
5677 5777
873 973
6612 6712
3741 3841
1796 1896
3803 3903
380 480
9398 9498
5412 5512
5857 5957
7494 7594
5423 5523
261 361
730 830
1949 2049
8979 9079
8051 8151
5201 5301
8571 8671
341 441
5581 5681
5753 5853
6133 6233
2987 3087
8349 8449
1025 1125
431 531
4850 4950
1977 2077
4295 4395
7386 7486
1606 1706
3809 3909
7293 7393
5637 5737
6570 6670
3341 3441
5501 5601
9071 9171
4015 4115
9601 9701
522 622
335 435
4893 4993
5709 5809
9033 9133
5776 5876
2753 2853
5669 5769
6185 6285
8693 8793
8315 8415
601 701
1833 1933
6806 6906
6681 6781
9153 9253
1008 1108
6983 7083
5565 5665
1755 1855
4813 4913
2453 2553
8189 8289
5451 5551
8726 8826
9651 9751
8686 8786
7887 7987
4 104
4671 4771
1805 1905
3579 3679
5901 6001
7357 7457
4975 5075
1660 1760
8061 8161
3826 3926
5401 5501
3745 3845
6103 6203
7814 7914
7645 7745
8083 8183
8953 9053
4241 4341
8473 8573
2551 2651
3351 3451
1728 1828
8365 8465
3969 4069
1579 1679
7783 7883
9513 9613
5261 5361
2524 2624
4770 4870
7806 7906
9675 9775
197 297
8674 8774
3677 3777
3888 3988
2748 2848
4245 4345
5075 5175
6301 6401
9221 9321
7871 7971
2737 2837
6160 6260
1947 2047
4803 4903
3231 3331
3711 3811
8248 8348
8275 8375
1501 1601
3248 3348
1753 1853
3151 3251
1897 1997
1362 1462
4813 4913
4164 4264
3248 3348
9481 9581
151 251
4301 4401
9396 9496
5449 5549
8773 8873
2429 2529
3524 3624
2981 3081
865 965
3005 3105
9720 9820
8781 8881
2533 2633
8851 8951
7821 7921
1505 1605
293 393
1583 1683
9151 9251
6465 6565
107 207
1023 1123
9828 9928
5916 6016
2481 2581
6761 6861
9255 9355
4211 4311
3691 3791
1374 1474
7623 7723
4053 4153
5009 5109
4671 4771
9101 9201
6549 6649
8961 9061
7647 7747
1901 2001
345 445
4265 4365
5303 5403
3871 3971
8213 8313
6961 7061
1521 1621
7771 7871
2941 3041
1761 1861
1562 1662
1605 1705
2811 2911
76 176
8911 9011
1875 1975
7187 7287
611 711
2661 2761
1663 1763
2524 2624
9662 9762
1201 1301
477 577
6123 6223
4151 4251
7326 7426
6101 6201
2764 2864
9737 9837
4806 4906
1201 1301
867 967
5669 5769
7336 7436
9868 9968
3611 3711
9727 9827
7725 7825
2495 2595
3357 3457
8946 9046
3394 3494
433 533
517 617
3379 3479
6045 6145
4594 4694
