3071
8191
4863
6655
4095
5503
1791
2047
9087
8191
5119
6911
2687
8191
1279
2559
7423
9215
6911
8191
3071
2047
7679
3455
4095
8959
5631
8447
1535
6143
6655
4607
4607
5887
8191
127
3071
767
4351
2047
8703
8703
7935
7167
6911
2047
6655
6399
3583
63
7167
3071
1023
4095
5375
4095
5887
1535
511
3583
895
1663
8191
6143
4607
6143
6911
4095
3071
2047
5119
4607
4095
9855
5631
767
3455
8191
4607
8831
8191
9215
2815
255
5631
127
511
8959
3071
4863
9215
8191
6015
16383
8703
1791
9215
8447
4351
6143
3071
6911
4351
4863
9471
2687
9215
8703
4223
9215
1279
9983
2815
4095
8191
8191
4095
3839
7679
3967
6399
1023
8703
2559
6143
639
1535
4095
1279
127
1407
6143
255
9215
255
3071
7679
5119
5631
2559
9087
9727
3583
7679
8191
8959
1151
3327
3839
4479
2047
8191
8191
8191
8703
8191
9727
5119
6143
3839
2687
6911
8191
6655
2047
3583
4607
2815
3071
7167
5631
10239
4351
5631
6655
4095
6143
3199
5375
1407
3839
1535
5631
511
6911
8959
9727
5631
4607
5119
6143
3583
7167
9983
1023
7167
3839
5119
3583
2431
4351
7167
9983
1023
8191
7679
6015
8959
2815
2559
15
1407
2047
8191
8959
2559
8703
3199
9215
8703
5247
6143
9471
8959
8191
5375
3071
7679
7679
6143
9727
8703
7423
4095
1919
6655
8447
6143
10239
9343
6015
1791
9343
8319
7167
8191
6143
9471
1279
8703
8703
2815
1791
4095
3327
3583
7423
6143
3583
6143
6015
6143
4095
8703
895
1023
6655
1535
8191
7167
31
2047
2943
1791
1279
4095
6527
63
4095
3327
2815
9471
4479
5119
4607
127
2047
3071
8191
4863
8447
895
9343
2943
2431
7167
511
2815
1535
7935
6143
8191
9215
4607
255
5119
7295
10239
6143
6911
6527
63
5759
1023
6399
1279
3583
7423
2431
2047
5631
4607
2047
9215
5375
3967
8959
3071
6911
5375
5631
1023
511
255
511
3839
511
5631
4095
8575
2559
6655
7935
8191
3071
7679
7295
5887
3967
895
9727
7679
3327
9215
7679
1023
3327
4863
6143
5887
2559
767
6655
9471
7167
1023
2047
6655
6143
10239
4095
8703
8191
9087
7551
9087
1279
9343
5631
6143
16383
2559
4095
2815
8191
4863
16383
2047
6655
9215
10239
511
9215
2815
6911
8191
10239
4095
8191
5503
6399
2303
8063
4095
2047
6143
8959
5119
3071
2815
4607
7167
3839
9215
511
6399
4095
511
6399
8191
3583
4607
2047
8191
2047
2303
7551
3071
1023
4095
6143
2047
127
4479
3583
8703
2687
10239
4095
7423
8191
1791
6399
6911
3583
9215
7679
2047
8191
4095
6655
7167
10239
4095
1279
6655
6655
9215
1535
4095
2047
5631
6143
10239
3071
511
1791
5119
9727
6655
6655
5759
7167
3071
7167
1535
2047
2559
2559
3839
2303
511
511
10239
8191
6143
6143
8959
63
6143
8959
8191
9727
2559
1791
9215
9215
8191
4863
5119
2559
2815
7167
4095
8703
4095
7167
7167
4095
7935
2047
4863
4095
7167
10239
7551
7167
5119
4095
8191
5119
6399
2815
5631
255
255
7167
8191
2559
9983
9983
6143
8447
2047
8703
7167
6399
5631
7935
7935
5119
9727
1023
1023
16383
4607
10239
3071
5631
6143
7295
1023
8703
1023
2559
1535
6143
7679
255
7295
8191
6143
8959
5375
2303
6143
9727
8191
9471
4095
9215
1023
2815
5759
7423
127
4095
4351
2303
9599
7167
8191
3583
7679
7679
8191
8959
2047
3583
5631
7935
9727
5119
3327
6143
3583
8191
4351
8191
2303
255
4095
1023
2559
1279
5631
9215
7679
895
6783
5631
10239
2047
8831
3583
9215
5119
6399
6271
1535
6655
9215
2815
511
4479
3711
1023
6143
9983
63
6143
9727
63
5887
9087
4095
383
4095
2303
3071
8447
6143
9727
8191
3071
6143
4351
2047
4351
8191
3967
511
6911
8191
767
6143
895
5119
4351
6143
4095
4991
2047
767
3583
2559
2687
6143
2047
6399
6143
9215
8447
9471
1791
8191
1535
5887
1023
8703
3071
1279
9727
6399
5631
5119
3583
8063
9599
7679
4095
1535
9215
7679
8447
1407
2303
255
16383
9471
2047
6655
8703
511
1279
3071
8703
255
7679
5119
3839
7679
6911
8191
9215
10239
5631
4095
10239
9727
1791
7679
255
5119
4351
8959
2047
9215
2559
2815
2559
2047
3071
8191
10239
6143
8959
9215
7295
7807
7167
4223
7807
5887
5887
6399
10239
5119
3071
9471
8959
1535
511
1023
3071
4095
6655
1023
511
3711
1023
6143
3839
3327
3199
9727
127
2815
6655
9215
7935
9727
4095
4351
7551
4095
511
255
8959
1279
7807
6143
3199
2047
5887
1023
7167
4095
1919
4095
511
9727
5631
6143
7679
5631
383
1023
4095
9087
8191
5375
8703
511
6143
5887
8191
4095
8703
1151
1023
5119
4095
4607
7679
1791
4095
7423
5759
7167
3455
5631
9215
8191
9727
639
511
5119
5887
9215
5887
3071
5887
6399
9215
8447
767
2047
6911
6783
10239
2047
7167
6143
2047
5119
2559
16383
5631
8831
10239
9215
8191
127
4863
1919
4095
6015
7679
5119
1791
8191
4095
5503
4095
8191
7935
8191
8191
9215
4351
8575
3071
3455
2047
8703
4095
1791
7935
9727
5375
3071
5119
7935
10239
511
9215
3839
4095
3071
4351
6143
6655
9343
8191
3071
6271
2047
5119
3583
3839
8447
8447
2047
3583
2047
3327
2047
1535
5119
4351
3583
9599
255
4607
9727
5631
8959
2559
4095
4095
1023
4095
10239
8959
3071
8959
7935
2047
511
1791
10239
6655
255
2047
9983
6143
3071
6911
9471
4351
3839
1535
8191
8191
5119
4863
9215
6655
9087
8191
2047
511
4607
5631
4095
8319
7167
2047
7935
3071
2047
1663
1791
3071
255
9215
2047
7295
767
2815
1791
3071
10239
1535
1023
8191
4351
7679
8191
3071
9855
5119
1535
1023
5887
7679
9983
3711
10239
7935
3071
3583
9215
3583
1023
639
3583
8191
5119
