1000
10000
6480
7046
3697
2553
8640
6075
8640
2926
9686
7200
5035
7500
3726
7500
7500
1501
9000
7500
289
5381
6000
693
7200
6250
4
8100
9000
7500
1447
782
4352
6594
7200
8640
8100
7877
4927
5760
5625
8021
5452
6273
6750
6750
7680
8777
9000
6215
2081
9720
1065
7500
6480
8161
7500
2817
3718
761
8703
9676
9000
4773
5625
2599
3533
5521
9000
5881
2416
6881
7500
1057
8100
9600
9720
8000
9000
6000
8100
7500
9905
9667
6750
875
4971
1881
5400
6241
2833
9720
9000
6591
9000
6750
1378
7776
7837
6480
5184
1041
5625
9000
8412
5760
8645
7251
5400
6480
8640
8100
39
3285
7200
8163
6480
3179
9000
6750
6353
1323
1251
8755
898
1487
7500
7200
4180
2785
9720
2255
1434
1512
2391
6480
9000
8100
2385
1751
5625
9777
6128
209
5592
4401
2421
7583
585
8000
9397
1909
6000
9720
845
2865
6480
8701
8100
2901
1333
9669
2033
9553
6295
4978
3087
2689
5625
9000
6750
1709
9000
6912
1167
4458
969
7333
6346
9129
345
10000
9000
7500
5400
8100
6480
840
4401
5400
6000
9600
5442
9000
8006
1569
9000
9000
3751
8100
7500
9720
9000
7500
7200
8100
9000
6441
7261
6480
4993
7950
6691
7621
841
8881
8727
8100
8100
5760
6750
9000
791
9057
6726
1823
6341
9600
10000
119
7249
8423
4436
10000
5905
7500
3079
9216
9000
1586
6000
1487
1906
8100
4854
9523
9600
7500
7200
9720
8100
2529
4925
7583
6480
1205
327
5400
9000
9271
9000
8640
5400
5400
6750
243
5625
10000
2525
7500
7200
7500
4796
9449
7290
7500
5891
7290
9000
83
2517
6153
8100
6996
6480
7500
7500
6480
9720
381
9867
6164
6082
1239
6750
5400
6480
6000
9000
10000
9901
2897
9000
9000
8082
5625
8100
9000
8100
7767
5017
7485
3270
5625
5052
5724
7500
8000
3763
8100
6750
6441
6000
6997
2180
8100
6480
7228
8257
1901
7200
9000
6480
8100
6480
9720
9720
5400
3958
8788
6750
7200
8100
4137
6750
8100
6750
7751
7200
5400
9000
2251
4633
8000
1699
5400
7200
3321
2301
5400
7200
9805
7200
4048
9720
7457
9151
6750
5625
7500
3656
6020
6750
8100
6000
9720
245
6566
4604
7595
1037
6705
7882
3931
9000
8000
7613
262
9000
5400
7200
6000
961
6750
6670
1773
9756
6000
7716
6480
8640
8543
3348
7500
5845
9000
6551
9000
9000
9000
5625
8100
4911
9398
9313
9000
6750
3361
5400
6750
7873
6750
4655
8640
100
1898
9000
876
7500
7200
8636
361
7200
2689
9600
9041
4215
672
6250
9501
9001
2562
8258
8640
517
4905
6000
8061
5626
8100
9000
5279
1613
1411
7290
5400
8100
9720
7500
9000
6750
1335
3921
6480
791
5625
2323
8100
7200
9000
6750
520
7200
9000
5625
9000
7767
2876
5400
7200
5143
5257
501
7500
8100
9000
6750
1889
1040
8925
8270
7290
2041
9000
7200
9471
6000
9239
8100
7500
8100
6000
7500
5191
1072
9000
8100
5400
6480
7156
7776
7500
4225
7831
6001
9921
9270
1232
91
7131
7200
9000
3712
5921
3409
2237
9720
8399
5398
5400
6480
6440
4825
6750
5400
6000
1515
9600
5625
5132
6480
8100
9317
9601
4025
7200
8100
6250
6750
9375
4293
7807
7200
4561
2659
8831
1585
9000
6750
4931
6750
6750
9600
7277
10000
7651
8000
9164
9000
9786
6000
4181
9383
8640
8640
983
7200
7081
6651
9000
7290
6118
2033
9244
7500
6750
7500
4228
2451
6663
2870
5241
7297
8100
7500
9600
5400
5400
336
8107
25
8100
4500
201
4929
7200
681
3601
9720
3571
9821
5400
6273
6750
5095
6480
9720
6000
508
8005
7200
6750
7189
9096
6619
7500
8571
8216
8100
5841
8100
9720
10000
9000
5831
7577
2566
5400
6750
7556
1849
5625
8640
5317
2061
6000
9000
9000
8000
6750
4062
6750
1881
6319
9703
7200
9257
4748
8797
4675
5151
3867
6000
661
4513
7500
2105
10000
7171
9720
6750
4441
2367
5400
4201
7500
9756
9281
1138
9000
8100
9000
3032
6250
8229
4809
1853
5400
401
989
9000
6480
1609
6124
5400
7200
2862
1512
9600
8170
7500
2189
7500
6750
6764
7200
7500
7220
8496
8100
7500
6256
9000
7771
2509
6480
8100
6513
9000
5400
9720
4453
6976
8390
8100
8271
2951
8100
9600
6750
2036
7294
855
7290
2443
9720
311
7500
1033
7776
5727
7623
4351
5400
5400
9720
9720
861
3209
3013
1060
5400
4475
9181
6000
5001
8944
8100
8100
6480
7500
92
9535
7500
5081
5400
9720
2953
6750
9720
9000
1254
5400
6480
4175
8681
9000
7500
7200
8100
6750
140
5927
5148
6480
8100
8369
8100
7461
6480
9837
2770
399
7500
3473
6912
5400
7500
4181
3809
1991
9000
8100
6000
6750
7200
9000
8401
1251
51
7500
9720
7200
3087
9376
7200
9467
4481
7990
2103
9000
9720
9000
5633
9000
1853
7621
2834
2318
2318
9720
5400
5400
6480
9000
7500
9720
2033
1539
9720
8348
1151
5184
297
1131
9341
2358
7043
9000
5625
5400
4852
5121
9000
8100
5929
2622
8100
8093
9375
6573
2593
6895
6750
6480
2822
6591
6319
1333
1679
5400
3673
651
5400
9720
9000
1181
7131
461
464
4337
5825
6750
4361
7249
7500
3922
3623
3277
8100
5400
9000
141
7776
1297
8286
6000
6750
8100
6750
9000
251
701
9000
9319
9000
9000
7902
8073
6480
995
7887
9831
8100
8100
860
4441
6480
8100
2027
7200
5400
5400
7200
1617
7361
2673
6000
7825
4753
5400
7358
3078
8640
9081
5832
6480
2001
2814
7500
9000
9000
9720
2849
529
7876
6750
7501
4013
8100
6750
7962
6961
2541
9000
9600
9000
9600
6750
8831
9000
7586
9757
6480
9375
7167
8100
7500
9793
5121
3808
3793
5885
8100
7225
139
2900
9211
9000
9580
8029
6000
6750
9000
9000
5985
9000
9000
1541
6555
6480
8601
5400
5625
7125
9000
8251
2605
6134
9582
6750
