100 100
78 78
23 23
11 11
70 70
5 5
29 29
85 85
14 14
25 25
41 41
22 22
3 3
19 19
34 34
29 29
11 11
80 80
32 32
71 71
29 29
44 44
17 17
99 99
13 13
53 53
71 71
5 5
5 5
93 93
27 27
30 30
41 41
9 9
85 85
24 24
72 72
98 98
33 33
36 36
52 52
26 26
69 69
93 93
93 93
100 100
41 41
49 49
26 26
46 46
91 91
35 35
34 34
30 30
77 77
64 64
43 43
36 36
9 9
37 37
52 52
36 36
62 62
21 21
41 41
99 99
7 7
45 45
80 80
84 84
35 35
96 96
16 16
96 96
19 19
63 63
63 63
20 20
24 24
5 5
61 61
76 76
72 72
27 27
4 4
83 83
35 35
12 12
99 99
44 44
93 93
87 87
15 15
88 88
88 88
64 64
80 80
82 82
65 65
76 76
70 70
