100 100
13 81
35 60
16 63
20 46
5 12
100 23
63 72
55 92
12 94
28 32
26 6
81 68
68 71
45 45
80 77
27 19
73 62
81 55
49 23
20 90
11 22
88 43
59 26
59 95
6 9
97 80
8 50
2 91
82 15
61 84
68 90
9 71
58 38
98 99
84 23
68 9
40 80
17 73
17 59
34 9
63 83
99 87
53 67
88 55
41 16
95 50
29 73
66 80
21 2
70 89
82 10
77 91
45 15
81 73
18 43
27 7
87 37
96 89
71 63
19 32
30 18
16 5
1 37
57 3
55 58
90 6
15 9
19 63
96 91
7 83
15 30
25 35
71 92
12 81
50 16
25 18
14 66
74 66
76 75
35 10
67 85
38 77
75 81
37 90
44 78
33 65
65 89
72 1
73 49
22 78
30 27
62 25
68 18
68 33
99 96
3 61
45 57
65 80
51 8
16 5
