1000 10000
3527 5979
2600 9049
4187 4278
2534 8938
6758 4520
6828 6113
5608 5560
954 931
3399 4660
128 6837
9558 676
1580 2587
1300 2979
4614 3916
2117 8984
5061 997
679 6987
9764 7181
690 3815
3976 330
1349 431
2313 3218
5415 8914
7673 2105
7686 4025
8908 8069
9165 7981
2171 9579
2609 7003
2685 4535
9813 770
1260 635
2330 4590
3618 5478
2580 8648
5920 4947
7744 9233
9701 5419
8213 6688
8468 9331
5754 8069
2910 3469
423 3280
7394 3558
7835 9143
7248 1376
3832 4801
6962 8804
2058 9877
5777 1981
9585 5683
8410 3709
3408 8563
5894 6837
4873 4311
3049 8811
4135 2479
8909 7997
6101 8694
9029 8398
9951 9951
967 4372
6313 9689
3004 1374
6930 7436
4428 4246
1235 4763
3228 3260
4871 9855
43 1808
2244 2023
5084 2012
1253 4174
6809 355
726 3772
4459 2395
3080 5632
1649 2827
7862 3042
8007 4475
2111 2546
4129 1962
4894 7248
7998 3130
5842 3273
6320 4340
4104 7243
996 539
6817 8934
3159 5706
9724 8250
3542 3262
3303 3911
7600 5203
8316 7502
2804 5630
672 5673
8304 830
6816 3063
1190 7870
1231 6397
5950 1415
7578 108
4855 326
6652 7582
6442 8239
1234 2908
8526 5115
736 3445
8913 2898
1860 1094
549 6749
4260 1517
8526 3869
3682 1816
6426 3207
418 7401
4311 7751
7701 6055
2580 1096
1877 59
2290 973
854 9751
2196 6533
4057 5652
6451 3437
1114 3016
3250 2401
448 1328
3422 5511
9968 3910
242 6936
6234 3376
5443 7295
2327 1828
6101 4364
1098 1882
9626 6299
6308 3843
9424 8487
3919 5576
1106 9603
9004 8691
9715 2315
1567 2751
930 2166
9527 6429
9763 6654
1079 4511
6137 6395
2965 109
6367 5567
1518 693
5193 4924
5891 3894
5565 9238
2313 6066
971 4828
2206 6372
3376 7152
3601 1541
7512 6601
734 7458
2451 7716
6913 3091
7990 3088
8510 5663
2590 9811
5462 5532
5272 6105
4825 3581
8326 3952
5553 2502
1657 1927
4083 1176
3140 7057
5288 5207
4770 2044
6192 9093
893 5897
4412 7729
6229 2872
6937 511
6108 6199
3743 9985
7292 7090
3790 3983
399 1967
2932 5145
5021 525
6029 9441
7499 9741
8833 9998
2435 129
1898 4887
2559 9027
3656 2771
8502 8631
1053 5138
4763 2700
7431 3238
7696 264
6132 2830
8129 4994
7072 264
2842 5035
5530 7456
8954 6051
1968 449
1441 3913
2897 8466
4583 5767
8129 7490
3782 2084
683 2194
5260 9492
9511 6972
4281 5703
9895 6485
5648 8531
3360 6867
5540 5042
1701 4671
9351 7590
4564 4985
3305 8928
4406 3835
7231 5270
658 4125
4494 1180
4219 7014
756 6652
3805 6112
1917 3080
4040 9874
5834 835
5784 2719
2294 3593
2687 1688
6099 910
183 427
2258 1301
8278 8527
4931 2321
2941 8913
1150 7983
9374 3549
1044 3505
5895 6590
3122 8818
107 3238
5578 3746
1020 6569
7561 4180
1552 262
8380 750
407 5702
3819 4225
5698 4944
3399 3912
996 2804
5736 9167
6180 9466
33 4019
2998 1546
3977 3358
2871 1527
2551 6570
6480 2465
1611 1942
6798 9466
4417 6486
7539 4416
2838 2315
154 5937
3891 9763
6353 4531
3843 376
8891 619
7572 6164
2271 4080
2189 7808
3629 4680
3301 3604
9794 1836
3480 371
6814 2192
298 7558
2184 6681
4317 9258
1668 9709
6586 7719
1996 9221
5298 8927
8536 6046
6187 9206
7524 8075
5065 2455
7330 1546
8746 5595
7234 873
8892 2047
1778 3252
5241 9110
2240 8625
6158 6422
5013 7279
6690 3583
5657 1479
1095 4093
9884 1519
3252 7127
8008 2693
8382 1465
6490 8513
3932 999
6076 8711
5917 9052
4581 1706
2507 9119
797 4841
9640 2521
7092 9634
3098 7934
1743 5831
3362 969
5203 8660
4320 386
2336 9417
9230 9736
9136 7772
8262 6395
9091 3024
1314 725
8992 4836
237 7791
2815 7717
6392 9351
4860 1575
5987 8353
1246 1258
2451 6530
5545 3546
7054 7893
4472 3780
1763 9575
4682 9056
3582 2546
1854 3428
3533 201
5903 7035
2790 3059
1034 5355
8552 5620
912 1107
2301 8515
5266 4628
9740 3370
3457 7857
3144 8812
4097 1000
4575 8863
2321 8715
654 9375
6210 5616
9543 6860
3974 928
6828 1077
9752 2672
9459 5588
7232 1339
4491 168
6861 3631
6976 7510
4349 9762
4204 7351
8765 8486
6230 1180
4257 9707
7530 9430
454 9812
158 7543
7887 6474
3577 2880
3397 1285
6532 4
6550 1711
2881 3227
4763 5318
1857 3687
852 7924
6704 7264
2766 6008
9428 8025
8740 1936
3393 5262
6462 2209
6616 7031
3406 7700
6136 8734
3761 3624
2551 8706
8423 6084
5789 3603
7287 9566
1249 6086
8212 2374
4046 2486
8922 7215
9961 2220
1527 1089
5363 42
1883 3059
6727 9841
4521 5864
2876 898
9988 4011
8098 4698
2324 4004
1191 3673
2267 8016
474 1986
929 9783
6613 9667
8518 4842
7301 1563
3333 5676
4931 7864
1567 8525
1318 5624
4421 315
1912 7459
213 6330
6361 2969
3952 3465
2438 5700
1392 4919
5829 8621
6621 7739
8078 123
2783 4746
1881 3255
3348 3772
913 8448
5791 6551
6453 578
2667 3477
3912 329
6058 1638
5748 4173
9662 787
9716 5267
8338 1492
3854 309
5303 1248
1877 5085
9575 5823
8343 5700
3006 7811
3934 3559
5473 1118
5843 5621
7345 4606
7668 5639
2778 5248
1826 679
975 847
6719 6637
1322 2067
4638 5247
3627 7558
309 2546
1133 7350
4791 7596
3658 2096
8801 3086
4943 5037
4142 214
450 404
6261 5636
7990 7641
2478 2647
2056 8206
9626 2641
5932 4129
357 355
3656 7765
3686 9744
8268 1316
6269 1327
786 5685
9266 5285
7649 7662
1522 3724
7586 7096
5005 2306
9007 1825
2261 4855
3077 3799
4534 8476
154 5269
3522 3680
1867 6256
898 8447
6011 5401
1578 658
8768 6099
1041 9654
371 8801
3529 8254
973 7501
671 1222
8958 5496
7940 8848
8455 100
4205 9744
3414 1647
1870 9150
4190 8982
4248 3395
1054 8822
2824 5992
4558 9578
4363 8830
8057 3499
4419 9466
7911 7316
8372 1633
6863 6938
1121 2374
2258 517
4246 7728
3851 8832
9013 6375
2089 6496
6908 2408
2935 8721
1278 7928
9623 3720
7164 6763
9023 3254
6807 612
2150 220
948 5246
3417 7877
4308 4321
322 6821
1333 5147
2481 1692
3685 1969
7983 2289
2090 6262
3642 2260
7361 4351
8436 4497
1844 5725
7470 622
830 3079
8415 6917
9292 7770
3569 6452
1721 7842
583 6305
3777 7581
6976 5135
728 115
8303 2415
3636 6393
4768 816
9160 9249
2807 6205
9570 31
8756 906
9084 2785
5631 6013
390 7760
9256 2630
8731 3878
9491 2114
8224 9399
6869 7865
6978 2042
4309 2083
9731 3745
8220 4214
754 3682
1317 7605
3663 3170
3529 629
9443 6330
3224 7683
9594 1601
1044 6452
4819 6857
1483 8531
7462 1101
547 3405
603 5669
5711 8733
7483 7184
8362 8167
8403 2208
3128 8407
3669 9881
4216 9256
1925 1822
9280 3538
7075 6473
2432 1413
8523 4475
446 4514
6355 9914
6943 5689
3661 1330
6827 63
3359 9906
9849 7267
6026 5799
6247 6745
1070 4815
2949 2173
3367 5551
4901 1893
7605 788
835 8755
8384 1256
7599 483
466 9517
6696 1162
5016 663
6587 1317
2620 9838
5033 999
7564 927
7266 9643
6884 9084
4979 216
4426 2363
7814 4114
8154 7795
4885 8149
7074 3078
8126 383
2341 4180
679 5294
4458 68
7907 8427
2118 7915
396 2681
3314 4689
5124 359
985 6717
9773 7014
7683 5754
8312 2808
832 8474
5456 6914
71 5081
7174 7720
3552 380
900 4545
8714 8047
5718 4727
105 9825
3072 9817
8 3016
2124 5783
4737 1553
5826 352
1127 1074
9689 3637
6000 8375
6912 7216
9698 9912
8584 7452
8508 7300
6368 4881
6333 784
413 7593
6479 1182
9732 2000
9005 7814
8301 8758
8601 7473
9283 9685
1801 7238
3819 398
5840 6420
8368 4857
8421 9141
9429 7767
1588 4247
7589 4323
6542 9128
8336 6957
4200 2228
9363 6662
4764 3393
4758 5477
4173 2462
8303 6684
8859 9779
8047 7807
196 4530
6676 573
797 1949
3163 1405
1402 9490
5164 3592
8069 9439
4806 615
9827 3188
372 5595
3781 9931
8617 8115
37 9853
5924 413
4862 5356
3153 1072
7236 7728
2625 4542
8459 6761
3528 7915
600 3832
8170 9776
6761 4066
9482 5656
4093 156
7600 2592
2399 7429
3542 9383
345 4304
5741 7446
8562 7825
9148 3029
3792 9258
5025 8299
8608 8854
9119 3972
8064 5476
9340 5580
5354 8872
6398 8186
4518 5522
6214 9178
3167 8898
5591 7107
9123 363
782 8929
9940 5944
717 5618
5990 7828
7411 6699
1591 2983
2371 1470
2816 3759
8435 2688
9229 5691
7323 6656
4132 2479
905 9094
6797 3051
2774 7512
4557 2650
3337 4441
7854 1388
9579 6802
2437 9929
6355 8769
2699 2900
2822 5198
2025 2618
9135 8918
7623 4325
4316 2216
6996 4721
4540 9611
5126 9915
5875 5593
9 4631
1497 2063
9936 5689
1819 8524
4259 1366
1349 1998
3009 1090
1556 6475
9977 8219
1467 2913
7450 2550
5811 3572
7116 5705
1835 9855
9565 1980
4479 681
6066 8615
2761 7785
2795 8415
3779 4466
5093 3254
8187 9827
9058 6536
5846 5774
5643 5907
3006 6901
5835 7646
5052 6445
7344 3888
2562 4188
8148 2371
997 9915
9545 8006
6239 5504
2875 8356
5140 1530
8981 5701
9997 2205
3327 5289
8593 5256
4689 3071
5274 7567
2268 6527
4492 7605
4695 4778
5950 5144
7925 9227
7560 2702
8528 10000
4699 1415
3163 1987
3856 7366
7551 8917
6998 734
4902 8159
1231 3438
8763 3943
2538 5573
5569 9586
7321 766
6830 9782
4918 4283
7349 1192
4210 1653
8761 4184
9529 8489
558 3140
7201 2839
6321 4880
3743 4682
9123 1514
4286 3346
8519 7446
7912 3
8281 7127
8288 7741
855 834
3233 7545
8180 4329
7453 1841
5948 8398
3110 7131
9971 3528
756 2224
4618 1755
6766 2012
4721 6762
302 7140
6223 1200
8847 4523
8493 1001
5194 1714
8105 9466
8648 7314
5130 4975
738 4420
7217 9856
3667 3775
4162 9796
698 9737
192 5061
69 3643
7234 6165
3526 6279
245 3027
7681 5623
5591 9701
6195 982
2204 872
9518 5581
1955 3496
7745 6654
4923 4752
8154 4789
7667 1188
1904 7675
2606 6831
7545 8051
6264 9413
9716 34
6508 957
1874 5629
7367 2228
232 34
9878 9635
9948 2098
8374 7847
5770 6720
1232 3254
1389 3083
9673 8792
9830 9367
641 4684
1465 1742
4974 806
792 1584
3916 9479
6444 5507
4106 475
710 7415
5724 2353
9515 7338
3397 4695
5771 6405
8612 2910
16 6427
3638 1132
7715 7417
8345 9187
3151 8995
10 875
2226 6512
3777 1346
6979 3702
5649 4562
6923 4719
1520 5265
5388 1527
9064 8280
3161 1596
2989 879
6886 4379
2769 7614
6214 5539
1096 192
3746 446
9798 2565
90 5806
2376 7927
7980 7378
8006 1336
886 8382
254 4558
6940 9003
6065 776
2299 4968
772 3592
1656 9563
9920 1145
4187 9747
9098 7919
7807 2553
5931 7563
7978 1926
4340 4159
9785 339
3961 8872
3599 3319
3418 9616
4695 7195
9672 5872
8719 110
1120 6276
9509 3233
5404 4354
528 2507
1562 5897
1793 8955
2753 9345
6841 8725
3083 2231
2984 8339
4690 8736
5442 87
3143 9477
4458 4136
1939 1228
6149 8081
660 1211
2011 35
6049 9864
6860 9700
8421 7298
6345 6258
6221 3383
5795 5443
3900 4120
81 2733
1443 5040
9546 2855
9725 4154
