1000 10000
9793 8153
7667 6338
5691 914
8884 3397
6014 2578
368 163
4976 1208
3910 1523
2762 292
4826 4652
5163 3532
8631 6599
9724 5545
6127 1141
8050 6140
8160 2416
6741 436
6913 2261
8213 7049
6843 5656
5887 1213
8237 4546
7621 406
9094 486
6932 5750
6483 1517
8871 6961
6628 6465
6703 6576
7272 3880
7683 2905
9641 7732
9672 8016
9697 9682
3826 168
6018 4012
4932 1380
7740 5676
4994 333
9218 8261
9930 7748
8157 2895
9621 8881
3730 1855
5236 4006
8505 428
8647 5325
6242 4881
6124 3801
9713 1649
8105 1457
4946 3893
8942 1951
5005 21
8268 7899
8869 4109
9308 8237
9522 5012
9795 4269
4933 4318
7749 7553
5777 1458
2506 2468
910 671
4632 1249
5528 2935
7913 852
1224 871
8590 1842
9143 2223
9954 2474
3008 1931
8572 6703
5839 3936
7562 413
2008 915
8412 7518
6063 4506
5353 216
6664 2237
6892 5824
6359 5033
4820 4492
9701 8125
3847 2744
7160 4181
4403 1295
6525 1056
7866 4689
4496 1441
3620 3495
6915 4200
3496 1327
9761 505
8599 3078
8165 3059
6818 6784
9766 5189
3266 590
5257 1684
4773 1218
6487 6354
3912 3203
8883 6551
7533 97
3712 3574
4492 2113
9919 3037
6127 3455
7849 609
6862 5139
4328 2121
7817 7778
3301 2856
8250 5958
9294 2603
9048 2469
4830 3762
2262 1497
8814 5297
7421 5612
9988 2946
6063 5718
7236 6955
7840 6609
6420 232
3404 3161
9120 5486
9546 7323
5051 4467
4782 2759
6748 4390
9286 8227
3063 449
5461 4337
9084 4130
6366 1596
9622 7877
6959 2581
6658 6095
2930 227
7774 6962
3909 1077
5845 2437
8482 6003
9733 3405
5012 2100
2178 1702
8448 6498
9409 7425
3433 3348
6410 1268
8733 6261
7184 6772
4943 4449
5585 3764
8128 4744
4509 563
5089 1942
7882 5307
4195 3023
8870 3808
5672 3410
6210 2644
7202 854
3712 1914
3945 179
7949 6392
6020 2932
2742 1084
7084 6944
8086 644
5817 2120
7645 1182
7438 1451
8576 2027
4895 530
7104 2026
2729 2281
7799 6484
3860 3226
7690 1136
8681 3961
3204 406
8814 3067
9311 3606
5103 2634
4816 1324
5869 3566
8756 772
2578 1674
6444 2149
4903 3236
7645 1321
7094 2203
7255 5615
3107 825
9636 1858
7518 6054
2699 782
5533 5213
7143 3232
5679 3225
8913 2972
3322 1437
9091 1560
4616 2796
6168 51
6532 5485
7108 467
5423 1224
6871 3066
8853 8177
9966 8558
5588 799
8065 7349
8215 1429
8209 7225
5475 1495
7302 766
7468 1897
9820 7035
9449 3066
7067 4960
6975 1657
9817 5142
5646 334
4850 3938
3691 1183
6253 5043
9902 9474
4824 218
8241 7174
6062 3808
6116 4199
3405 3053
5409 3254
3595 1078
9161 6925
8614 6489
4371 2628
8477 382
6547 2855
7354 537
8329 5768
4486 561
8113 5827
6596 3909
3327 3217
8321 6396
1175 1087
6411 4348
6107 478
7189 4760
4033 190
7759 7521
5522 1398
7991 7386
5181 3727
6595 3755
6996 3074
9981 6686
9524 6261
5108 4590
7204 6156
9695 7268
4565 2685
7499 5130
6368 3900
7806 2585
7307 5457
7410 5587
5229 943
8230 6972
8138 5263
7317 3475
3475 415
8202 4728
2343 210
4475 1340
8226 2359
9016 7217
7952 4196
7555 3516
4456 4174
8558 201
4891 4489
8564 1561
9552 7311
8046 6653
3876 1960
8731 4335
4667 583
1770 48
8905 6773
8045 7491
4169 618
8888 6936
8567 5245
8435 1605
9578 9029
2063 1794
5493 2673
3674 1626
5478 3828
3954 12
5178 5117
8278 1853
4652 4324
6950 689
9225 7263
8907 4963
1705 208
3908 1505
7319 1395
4568 400
4979 2133
7411 3118
6512 5358
9768 3758
8316 4823
6081 5753
9742 3118
5590 1729
5633 1013
3883 778
6596 428
5483 1289
4983 2639
2407 1417
6441 2749
4357 1112
9834 1245
6149 3668
4069 2190
9336 527
6726 2499
5790 2543
5241 4005
5546 5202
7042 6660
8903 5674
8231 5424
9719 5872
3655 788
9779 3126
6292 2559
8992 4550
4732 3361
7446 4196
5850 4854
9376 1094
9970 5685
8809 2568
9689 4523
5300 2803
9267 3726
8733 4287
9745 5232
3222 1566
5228 4722
9613 5598
6513 2027
3098 3073
8014 3667
6864 4718
9616 7543
2557 2430
7653 6341
7306 1390
8672 8274
8681 2651
8865 5105
9160 5691
6196 862
5976 2512
5109 5013
7296 3397
9507 8501
6239 1428
8029 4624
3340 213
8831 686
3665 832
9534 5194
6545 1361
7292 5397
9911 1664
1409 604
8255 4063
9785 5627
6861 878
7054 4150
5151 206
8766 1723
7956 769
6279 4289
8187 2859
9467 7640
4227 1634
9110 7366
9180 3698
7579 4594
7218 2334
7322 4742
6698 4024
4475 1510
8546 6593
4020 1366
3008 1246
8505 6889
4346 2883
6828 6454
3609 1472
6984 2227
8757 316
8039 2639
9146 8888
6014 4175
8973 4601
7830 7296
9023 1809
8423 7400
6139 5418
8498 1473
2776 1835
2337 737
9678 6018
8509 8412
4923 4321
7994 2916
3631 140
8563 3265
9512 2685
8998 4071
6837 1371
3465 893
3527 2431
7419 35
2683 165
7591 3616
5508 3017
5266 244
7252 4259
3811 479
3493 1836
5856 3759
2214 544
9554 9503
8966 683
6238 2014
8300 3808
9591 1569
5975 3173
9764 638
4561 946
9997 120
7974 1194
5888 2195
4905 2642
7423 3777
8056 4041
9431 2208
4928 4519
7157 4070
6140 2588
5331 3829
3340 141
3910 1149
5613 2641
2543 520
7709 684
7495 2577
6481 1069
8150 1145
4407 2990
9962 7328
6700 2636
7812 2362
9573 9041
6990 4255
4312 2132
9504 5230
8028 5516
7634 1195
7434 2900
2447 80
5975 3945
8702 8176
8476 7550
8404 3233
9058 5804
8369 4349
9557 1271
4995 969
2938 1416
9763 6014
3776 351
9906 1447
8120 1976
5020 1451
4882 3580
9774 1290
9592 7107
9463 8867
5127 1160
8690 4800
3022 1199
3869 1276
8491 7095
7121 3767
8884 7912
4904 1514
1437 714
5700 1017
9950 5146
9284 2057
6370 4313
7166 4912
3458 1267
9797 4843
3217 1829
9054 767
4252 1644
5867 2303
1447 111
1743 1095
9680 2692
4178 2279
8780 4069
3313 2185
2267 911
4076 705
1855 1163
7687 709
8524 3422
7420 5006
6017 1554
7691 6279
4186 1325
6850 3646
4978 2543
5126 3575
6532 5800
9660 7137
4490 1315
9409 362
9158 1808
2892 2467
8500 5899
3239 3080
8237 2590
8676 75
10000 5129
4592 2319
2247 1429
5439 907
9541 5316
8443 3124
7685 3655
8672 7279
8074 1421
6910 2870
9324 727
9158 5699
3280 6
9744 3929
5981 1747
8170 3049
9898 152
4866 3004
8840 7084
7125 5115
7205 6271
7040 2336
9106 4631
2578 2418
8637 6396
6484 150
3076 328
7183 7041
8490 675
4985 2782
8012 7552
9824 3059
5305 2365
5709 983
5547 2312
9257 4177
4035 1842
6175 2759
8921 4061
9108 1693
7774 7356
2303 1805
1729 1261
6747 1414
4603 590
2098 1977
6760 1738
7289 5904
5053 2947
7130 6330
9038 8513
5966 1777
6835 4927
7255 1505
9372 3203
8091 5347
6968 6690
7420 7281
5035 4811
6408 1428
3834 2760
5288 4153
8840 8751
9563 6991
6633 5050
9828 7393
8270 8211
7097 3861
9053 5424
8266 4200
9303 7681
7507 897
7947 2216
1638 811
7604 7323
9715 3841
5573 1821
7037 543
6946 3521
890 699
9750 9660
6279 4575
7880 221
9461 7672
9498 1560
6252 4772
3906 797
5208 2606
5936 3731
8605 6972
7944 7261
3141 1993
8273 7462
8316 6095
8349 6489
6660 3289
6294 3
9220 4544
4050 3378
6721 4257
9482 4842
7878 3074
4726 641
8745 4437
3041 2254
7843 6949
5967 2331
8878 6644
4151 1643
6974 1875
7386 2203
9132 4245
9031 2925
9046 2449
4468 3706
7757 7615
2299 1257
9059 626
5263 313
9665 4663
8660 463
9405 4524
8860 3310
9157 4313
1695 1294
9187 3901
3500 802
4216 2238
5961 4640
2662 270
5554 1383
7584 4584
6610 852
7475 4136
7781 2389
3120 2344
6521 1425
4588 2547
6417 3914
5155 404
8340 930
1376 743
5119 278
3146 2131
7565 5560
8069 5278
424 75
9825 8712
8453 2989
2353 274
9899 4612
6073 3171
9827 4497
9032 6481
8901 4921
7650 6226
8205 1762
9579 4866
5264 4948
9523 2918
864 600
3912 2392
8292 5414
6791 3264
4642 1699
5358 3900
4251 1968
2986 2362
8100 4190
6122 5074
4502 1616
6742 680
8954 1664
7264 3818
9969 4749
9811 2171
5580 198
8808 3854
7174 207
3871 1078
8167 1692
4367 3015
7072 3417
8680 8286
8231 4423
9469 223
5713 5067
7776 3728
5242 3051
9445 3141
7175 445
7307 514
8125 6341
6117 738
5300 1250
2134 1660
5592 4581
10000 1229
9517 2529
1549 243
5459 3408
2270 2162
9702 2933
8717 789
6220 260
8421 4922
9722 6350
8050 1364
1917 750
3347 1226
9186 5075
3640 3091
8397 5697
8158 3948
9286 5474
7002 2047
9557 6023
5579 3723
4181 2847
8850 8105
642 285
9527 2056
8623 1893
1424 567
9210 183
8321 917
4176 972
6661 3866
2494 208
5269 3837
4046 1696
1701 1632
3164 723
1793 619
1187 464
9962 3524
5119 3557
2710 218
8678 3441
8339 3048
7951 300
7019 2442
5453 2505
4034 1851
6566 3496
6585 1245
7848 3794
8504 6192
8265 4997
4066 3726
8911 6784
4889 2626
8767 5266
957 408
8085 612
9171 1139
5038 3265
2598 420
3993 2917
8750 1131
9101 6984
1010 684
9945 4389
8765 4057
9951 125
4714 16
4262 1432
1383 598
8007 4057
8412 2917
5013 306
9072 4297
6500 2859
8673 5341
6251 2769
9815 6128
7916 4364
9468 1934
7545 4628
4938 1040
8873 8614
8709 8633
5815 726
8733 5485
9301 9018
9910 2258
3866 469
5741 1169
7893 2993
2462 1815
8729 6553
6903 601
7309 4745
6911 6
8657 2992
2469 1792
7849 5633
3699 3632
5709 2684
3184 1146
6270 704
4638 4056
3895 3607
7765 6510
9582 1747
9643 468
1661 1412
6412 1838
7225 6368
3604 1973
4054 2341
3133 3117
4619 3556
4433 3973
8137 4687
1569 145
9953 9889
8084 5492
8196 1224
9549 4358
3400 1667
4837 3477
6576 1173
6586 4959
2260 542
3236 3194
7286 4138
8040 1955
5393 4903
9934 8383
5135 3162
9801 6810
3004 2474
6014 930
3925 756
9152 2315
6514 1146
7128 1012
8908 7667
9174 725
6795 2040
2916 2289
1660 74
5002 4845
3520 201
6929 5023
8292 5248
3961 1351
5717 3923
6724 6377
8736 3624
9678 7358
4543 2299
4642 1914
2338 141
998 686
9923 6826
8667 4812
4015 3937
7675 108
9010 3295
4127 3836
4759 3443
7429 1938
3053 1387
7293 609
4854 1223
7797 5528
2429 1000
1082 180
9094 2142
5407 3671
7488 4062
5007 3410
6738 1522
7550 5354
9973 288
8665 7244
4256 1028
9693 8402
7064 1425
7660 6092
7933 6729
9829 2037
6463 4580
9985 6919
7703 3854
2679 368
8637 5125
5453 3228
6292 5923
5961 4837
8743 483
9485 6468
801 360
8880 2755
4852 1383
6902 1129
3887 1981
2225 1182
927 575
8806 1683
5254 3831
9733 8106
5360 5178
1484 1427
4507 2
9415 7203
9620 8843
9810 8781
7781 2765
7678 583
4087 2994
6349 3170
8872 7961
6243 3594
3668 3469
8137 7960
8920 1688
9379 3121
9826 7930
5831 9
8578 5738
8802 747
8690 4142
7773 281
6394 5975
8603 5311
6131 5621
9509 3672
8570 1212
5747 2286
7535 4387
5434 284
4265 4146
1893 835
9131 5703
9213 7712
9929 618
6305 2677
8818 2374
5322 1561
9891 5701
3689 2157
7144 2064
6617 6515
2638 1117
