436 13
196 437
441 745
140 314
676 947
244 888
535 665
633 670
736 949
819 903
89 475
446 500
753 910
65 542
345 884
665 979
184 695
991 994
783 930
638 777
366 869
966 970
805 809
652 696
643 759
991 1000
387 889
4 541
761 802
763 784
698 961
624 897
514 963
163 351
491 755
249 379
516 525
361 731
440 665
887 956
827 949
884 927
961 971
932 971
935 972
47 691
983 987
336 639
616 704
505 775
860 953
349 733
569 946
445 598
328 867
700 985
105 278
283 982
821 937
61 375
258 657
235 540
74 985
338 453
252 488
320 416
66 985
875 968
794 856
450 537
158 960
498 596
219 818
874 903
53 855
543 844
762 783
537 970
650 935
68 729
318 839
97 261
126 164
42 742
721 951
577 826
233 243
353 566
523 558
555 761
532 650
283 872
727 876
249 885
632 943
64 797
268 556
562 602
591 592
898 918
45 444
409 522
993 997
146 773
641 915
549 903
183 811
320 909
306 899
65 659
395 664
717 819
480 701
901 932
845 880
172 678
894 912
74 380
686 848
187 530
227 263
289 999
408 624
246 646
81 317
867 894
346 421
676 690
881 984
721 766
576 808
750 998
596 605
764 841
760 946
998 998
771 978
805 983
117 987
61 730
246 372
414 975
336 966
35 379
784 989
630 670
968 980
898 942
816 950
304 749
392 657
123 296
992 995
955 991
665 893
174 440
577 739
986 992
762 781
28 713
939 975
813 929
542 898
311 582
593 665
765 969
93 544
736 768
634 889
194 844
25 386
808 848
144 939
759 765
290 771
230 899
364 884
293 549
81 633
254 893
111 186
395 468
584 906
383 748
977 988
347 775
950 952
147 441
357 910
318 886
207 881
994 1000
698 845
430 684
441 653
614 900
762 768
426 636
415 622
935 956
422 969
709 980
305 307
951 996
7 68
6 719
193 961
174 418
605 795
960 975
703 864
167 940
211 469
827 896
428 628
288 698
728 822
55 332
441 734
164 587
334 790
463 758
520 907
308 587
70 984
587 816
258 391
633 826
545 682
460 474
358 653
147 888
343 515
780 893
615 754
827 920
763 962
626 908
981 982
491 538
644 939
872 961
417 973
204 274
900 928
480 886
741 918
711 910
36 112
145 474
713 738
955 987
348 528
670 711
679 905
900 958
431 507
470 631
759 864
889 975
436 468
700 962
506 786
316 846
13 859
424 695
881 930
941 990
883 883
219 307
766 766
981 992
511 578
286 946
993 999
295 573
330 473
386 678
996 999
274 784
44 162
280 907
470 915
215 508
960 990
529 623
579 850
800 856
573 768
86 259
929 958
358 364
277 763
992 995
907 985
409 993
569 979
753 982
929 970
283 344
233 611
336 980
724 878
221 775
928 938
904 942
414 700
286 987
757 838
544 927
191 889
850 852
474 943
339 600
952 971
632 829
360 764
409 684
611 855
122 748
456 778
155 908
72 77
720 865
394 512
914 961
985 985
468 969
505 937
847 967
573 706
942 972
956 975
203 302
967 977
481 707
461 561
631 940
800 845
755 885
21 286
780 782
543 561
759 999
893 958
172 988
903 983
358 863
765 866
790 860
481 610
64 131
288 398
685 760
588 944
791 843
981 987
664 832
603 761
412 481
966 968
954 990
631 676
143 634
772 975
555 964
783 994
802 965
64 553
876 916
614 704
389 672
338 728
293 535
821 893
810 850
908 987
489 917
563 639
665 803
312 903
32 446
491 865
388 508
381 534
860 944
174 388
835 836
365 555
956 998
699 770
937 999
280 424
954 980
221 394
36 925
481 578
383 738
757 770
336 362
951 991
309 683
562 791
459 606
196 982
683 915
727 966
105 947
961 966
476 521
580 622
433 702
847 860
856 906
443 830
60 521
295 908
223 902
772 994
197 392
801 948
156 461
808 953
722 995
631 765
511 927
209 921
663 962
922 998
657 699
935 969
307 992
427 717
171 504
811 938
423 617
203 658
942
327
310
460
453
366
827
833
260
945
522
826
326
