93
24933906 63154665
43470606 49551734
6100052 90793729
31799727 79533991
4479534 60387186
38420342 67768156
86464572 53081375
10931188 90701241
10326267 30753918
94963495 42521661
6526869 31437351
24782353 1104929
52869555 42118729
82202092 23458609
18522651 94459879
30464596 58459389
65492744 75421508
78319325 10158216
28382928 12700129
17604505 32965402
46431127 80990527
99506291 22278370
10718816 13740143
41321664 51416849
41419359 51199386
9252494 39140613
88504861 55498031
33059286 48106090
36059638 44876516
64784539 60786617
25511171 97996844
92099816 84509608
39408962 18407466
48104450 75042225
56296420 57268432
39473102 18263708
81214891 56905111
6660639 57223784
94861228 79126904
84396713 29264972
98577047 33330277
82056704 62570626
61808147 26963992
92949663 91412165
16816167 18159048
98088289 2957985
1067839 82707020
98140414 25487238
99119821 9263687
14174761 47807371
70378878 19904613
11925750 7154380
22579411 11029045
29367650 48434046
61068257 16626630
7032475 356748
93825705 16256785
42368081 10430582
30798069 73102843
61836814 70935175
23890592 18032359
84193905 44310971
96190547 82777971
1265296 82858839
98042054 40386773
1450375 40517568
58852917 88609264
92232745 13481466
66458801 31204345
52821299 86021740
75631350 21238819
10998479 18221231
59626646 67051020
44977580 49103210
4399543 61319753
41330616 5735634
48204272 15846447
41452869 49147887
11441646 98241961
67359024 38167021
74792079 41318529
15491758 26166484
48598871 42065502
79518399 90048854
21034039 48100799
39088962 91462078
95164646 80984784
33274068 90306926
24879800 80280237
42713521 74737513
72966605 39406563
68694065 87494498
1628825 76495343
