95
74125901 20539385
81557935 64563619
7916452 13804286
15992619 76625854
17498000 98904469
51235469 59118536
90316374 40595983
26462136 71669471
15879308 56946561
39465548 50890525
63718036 42142032
18759120 30360074
86574652 66570899
80007930 86730743
99423631 5869170
16223157 8227929
26695178 2837767
43058555 61863810
55623464 29677173
79358081 31899738
16889944 24222849
6773614 7794671
63608671 73298045
21120888 40651322
70556589 65698758
76874522 87394169
83700556 57934634
11715155 93081618
44510634 53895957
66469620 52573427
95937931 55089117
39058513 38473118
76287038 93313560
99627709 79220903
62276234 56415760
25078696 71515059
46540759 75399039
31826666 67709238
18145993 2766392
28656724 40199354
31219057 70611481
91655360 31342296
81384002 73663571
4880471 92088051
60839900 58605746
2829475 48367451
28014941 85189147
9463978 23310140
60214979 14798573
16258299 8772812
44482593 15334599
36025957 74764152
88816162 61528755
90018368 69615903
78166012 62591369
4178303 68459779
47621967 83496697
82894060 33923544
46270982 81669588
36577092 38518803
44455847 71156224
68794102 33651182
94826585 36668594
82407841 2852338
11180079 15033259
22357672 26491022
96398325 28382768
57019279 42229103
43244683 44972203
86424367 16777651
62666927 53583916
89411025 65258902
66913871 92733204
65937018 65966546
28922509 67293129
38589102 61845449
35524626 22089715
62017463 49858031
54988763 22152447
98874267 52702045
85094588 66603448
95744681 75683935
46228633 73243443
70525888 75127762
75476431 18081112
67504085 56751508
48656655 67372396
86976263 12712695
58819044 6437088
85458074 69334491
43856191 5055975
14245938 15151038
87096376 41072878
36194129 63224317
28603142 52747061
