92
86420376 1921196
88268900 22894646
26066528 54339421
10945598 67840486
80843629 90872784
10841301 71164964
40439540 83519804
36873541 63200971
50681947 38305990
51589327 15685853
80618370 24901033
48593819 76574621
95851313 12709733
12106254 96763568
46130738 46793580
47099608 73142585
7737833 37583588
85063703 69409105
23811642 72480176
6283384 90551291
11022519 25801920
8468679 17011869
30892689 30948246
22940777 79086508
94497575 8272257
59591309 95502773
6116534 78277610
3237494 442873
95932807 40691921
59499275 30470433
90202402 71966567
40679854 29752924
7608074 13673656
59405184 22175362
46931215 27582856
73719377 24157571
96135405 87247468
60885743 22664818
4586033 73320497
84422253 85540071
80278188 55984536
67728821 83218569
56077716 92359793
36673386 57079798
75628142 66313844
58733054 31353599
74250882 97930204
26064323 66854539
39750222 63136626
59544351 59121487
48492787 73574673
94163634 91967816
59197166 23574241
95344579 32042144
68878340 30228060
70951692 49309251
35859695 77221096
50837779 68256255
71038816 44155124
29748125 54457305
24698925 38054381
74342029 59235095
50645988 18453731
92527654 39142114
97423575 51783121
10175873 78565607
21748523 49150003
59265194 71077373
95880609 30605962
77936981 13002749
49681725 65423693
64759647 76905820
11335887 96564614
89576119 75554884
52318012 4950227
34414630 84548727
21811077 84117488
61730279 12907390
76623866 11133187
438372 20210981
3446535 26813562
36468071 23042593
6506101 83315973
1603850 1983367
40276535 9362371
48266300 24438435
24588938 7484935
68926832 42815560
92009355 17285337
29133237 88462323
48628232 90367786
86098674 68069905
