4000 4697
1 2
2 3
2 4
3 5
3 6
4 7
6 8
8 9
7 10
10 11
11 12
10 13
11 14
13 15
15 16
16 17
17 18
16 19
19 20
20 21
21 22
20 23
23 24
24 25
25 26
25 27
27 28
28 29
28 30
28 31
30 32
32 33
31 34
34 35
33 36
35 37
35 38
36 39
39 40
38 41
39 42
40 43
43 44
42 45
45 46
46 47
47 48
46 49
49 50
48 51
51 52
52 53
51 54
52 55
53 56
55 57
55 58
56 59
57 60
60 61
59 62
61 63
61 64
64 65
65 66
66 67
66 68
67 69
67 70
68 71
69 72
72 73
73 74
73 75
73 76
75 77
75 78
78 79
78 80
78 81
79 82
81 83
82 84
82 85
83 86
86 87
86 88
86 89
87 90
90 91
90 92
90 93
91 94
94 95
94 96
94 97
96 98
96 99
97 100
100 101
99 102
100 103
101 104
102 105
103 106
105 107
106 108
108 109
109 110
109 111
111 112
112 113
113 114
112 115
115 116
115 117
116 118
117 119
118 120
119 121
119 122
120 123
122 124
123 125
124 126
124 127
125 128
127 129
129 130
129 131
130 132
131 133
131 134
134 135
133 136
136 137
136 138
137 139
138 140
139 141
141 142
142 143
141 144
144 145
145 146
146 147
145 148
148 149
149 150
148 151
149 152
150 153
152 154
153 155
155 156
155 157
156 158
158 159
159 160
159 161
161 162
162 163
162 164
164 165
165 166
164 167
167 168
166 169
168 170
169 171
169 172
172 173
172 174
173 175
175 176
174 177
177 178
177 179
178 180
178 181
179 182
180 183
182 184
182 185
183 186
185 187
187 188
187 189
187 190
190 191
189 192
190 193
193 194
194 195
195 196
195 197
196 198
198 199
198 200
199 201
201 202
202 203
201 204
202 205
203 206
206 207
207 208
208 209
208 210
210 211
211 212
211 213
213 214
214 215
215 216
215 217
217 218
217 219
218 220
220 221
220 222
221 223
223 224
223 225
223 226
226 227
226 228
228 229
227 230
229 231
230 232
230 233
232 234
234 235
234 236
235 237
236 238
237 239
238 240
239 241
239 242
240 243
243 244
244 245
245 246
245 247
246 248
248 249
247 250
249 251
250 252
252 253
252 254
252 255
255 256
254 257
257 258
256 259
258 260
259 261
260 262
261 263
262 264
264 265
265 266
264 267
266 268
266 269
268 270
268 271
271 272
272 273
271 274
273 275
275 276
276 277
277 278
276 279
278 280
278 281
281 282
280 283
283 284
283 285
283 286
286 287
287 288
288 289
287 290
290 291
289 292
292 293
293 294
292 295
293 296
296 297
297 298
297 299
298 300
299 301
300 302
301 303
303 304
304 305
304 306
305 307
305 308
306 309
308 310
308 311
310 312
310 313
312 314
312 315
315 316
316 317
317 318
317 319
317 320
318 321
321 322
321 323
321 324
324 325
325 326
325 327
325 328
327 329
328 330
329 331
331 332
331 333
333 334
334 335
333 336
335 337
336 338
336 339
339 340
340 341
339 342
341 343
342 344
343 345
343 346
346 347
347 348
346 349
348 350
348 351
351 352
351 353
351 354
352 355
353 356
355 357
356 358
357 359
357 360
358 361
361 362
361 363
363 364
364 365
364 366
366 367
367 368
366 369
367 370
368 371
370 372
370 373
373 374
374 375
374 376
375 377
376 378
376 379
377 380
378 381
381 382
380 383
383 384
383 385
384 386
385 387
385 388
388 389
387 390
389 391
390 392
390 393
392 394
393 395
393 396
396 397
395 398
396 399
397 400
399 401
399 402
402 403
403 404
402 405
405 406
404 407
407 408
408 409
409 410
409 411
409 412
411 413
412 414
412 415
414 416
414 417
416 418
416 419
418 420
420 421
421 422
420 423
423 424
424 425
423 426
426 427
426 428
426 429
428 430
429 431
431 432
431 433
433 434
432 435
433 436
434 437
435 438
438 439
438 440
440 441
439 442
441 443
441 444
444 445
443 446
446 447
445 448
446 449
447 450
449 451
449 452
450 453
451 454
452 455
453 456
456 457
457 458
457 459
458 460
460 461
460 462
462 463
462 464
462 465
465 466
464 467
467 468
466 469
469 470
470 471
471 472
472 473
471 474
474 475
475 476
475 477
476 478
478 479
477 480
478 481
481 482
481 483
482 484
484 485
485 486
484 487
485 488
488 489
487 490
489 491
491 492
492 493
493 494
492 495
494 496
495 497
496 498
497 499
497 500
500 501
499 502
501 503
502 504
503 505
504 506
504 507
507 508
506 509
509 510
509 511
510 512
512 513
513 514
514 515
513 516
516 517
515 518
518 519
517 520
519 521
519 522
522 523
523 524
524 525
525 526
524 527
525 528
526 529
528 530
528 531
531 532
531 533
533 534
534 535
535 536
536 537
535 538
537 539
538 540
540 541
540 542
541 543
542 544
543 545
543 546
545 547
547 548
547 549
547 550
550 551
549 552
550 553
551 554
552 555
554 556
554 557
555 558
557 559
559 560
559 561
559 562
562 563
563 564
562 565
564 566
564 567
565 568
568 569
568 570
569 571
570 572
572 573
573 574
572 575
574 576
575 577
575 578
577 579
578 580
579 581
579 582
581 583
582 584
582 585
585 586
584 587
587 588
586 589
588 590
590 591
589 592
590 593
591 594
592 595
595 596
596 597
595 598
598 599
599 600
598 601
599 602
601 603
603 604
604 605
605 606
605 607
606 608
607 609
608 610
608 611
609 612
611 613
612 614
614 615
615 616
614 617
616 618
618 619
617 620
618 621
620 622
621 623
622 624
624 625
624 626
626 627
626 628
627 629
627 630
630 631
630 632
632 633
632 634
634 635
635 636
634 637
635 638
637 639
639 640
638 641
641 642
642 643
643 644
644 645
644 646
646 647
646 648
648 649
648 650
648 651
649 652
650 653
651 654
653 655
654 656
656 657
655 658
658 659
658 660
658 661
661 662
661 663
662 664
662 665
664 666
666 667
667 668
666 669
667 670
669 671
669 672
671 673
672 674
673 675
675 676
676 677
677 678
678 679
679 680
678 681
679 682
680 683
681 684
682 685
683 686
684 687
685 688
688 689
689 690
688 691
690 692
691 693
692 694
694 695
693 696
695 697
695 698
698 699
697 700
698 701
699 702
701 703
702 704
702 705
704 706
706 707
707 708
706 709
708 710
710 711
711 712
711 713
713 714
713 715
714 716
714 717
715 718
718 719
717 720
720 721
721 722
720 723
723 724
723 725
724 726
724 727
726 728
726 729
727 730
729 731
729 732
730 733
733 734
732 735
735 736
735 737
735 738
737 739
739 740
739 741
740 742
740 743
743 744
744 745
743 746
746 747
745 748
747 749
747 750
749 751
749 752
750 753
752 754
752 755
753 756
755 757
756 758
757 759
757 760
759 761
759 762
760 763
763 764
762 765
764 766
764 767
766 768
767 769
769 770
768 771
771 772
771 773
772 774
772 775
774 776
774 777
775 778
777 779
779 780
780 781
780 782
781 783
782 784
783 785
783 786
786 787
787 788
787 789
789 790
788 791
790 792
791 793
791 794
793 795
793 796
796 797
797 798
796 799
798 800
800 801
799 802
802 803
803 804
802 805
803 806
804 807
807 808
807 809
809 810
810 811
809 812
812 813
811 814
813 815
813 816
816 817
815 818
816 819
817 820
818 821
821 822
821 823
823 824
823 825
823 826
825 827
825 828
826 829
827 830
830 831
830 832
832 833
831 834
834 835
833 836
835 837
835 838
836 839
838 840
838 841
839 842
840 843
843 844
843 845
845 846
845 847
847 848
847 849
849 850
849 851
851 852
850 853
853 854
852 855
854 856
856 857
856 858
857 859
859 860
860 861
861 862
862 863
861 864
862 865
865 866
864 867
867 868
866 869
869 870
870 871
871 872
870 873
873 874
874 875
874 876
876 877
877 878
877 879
879 880
879 881
880 882
881 883
882 884
884 885
885 886
886 887
886 888
887 889
889 890
888 891
890 892
892 893
891 894
893 895
893 896
895 897
895 898
898 899
899 900
898 901
899 902
901 903
903 904
902 905
905 906
906 907
907 908
906 909
908 910
910 911
909 912
911 913
911 914
914 915
914 916
916 917
917 918
918 919
919 920
919 921
921 922
921 923
922 924
924 925
923 926
926 927
925 928
927 929
928 930
929 931
930 932
931 933
932 934
934 935
933 936
934 937
937 938
936 939
938 940
938 941
941 942
942 943
941 944
942 945
943 946
945 947
947 948
946 949
948 950
950 951
949 952
951 953
952 954
953 955
954 956
954 957
956 958
956 959
959 960
958 961
960 962
962 963
961 964
963 965
963 966
965 967
965 968
967 969
967 970
970 971
971 972
970 973
972 974
972 975
975 976
974 977
977 978
976 979
977 980
980 981
981 982
980 983
981 984
982 985
985 986
986 987
985 988
986 989
989 990
988 991
989 992
991 993
991 994
993 995
995 996
994 997
995 998
997 999
999 1000
1000 1001
1000 1002
1000 1003
1001 1004
1003 1005
1003 1006
1004 1007
1005 1008
1008 1009
1009 1010
1009 1011
1011 1012
1011 1013
1011 1014
1012 1015
1014 1016
1014 1017
1015 1018
1016 1019
1017 1020
1020 1021
1021 1022
1020 1023
1022 1024
1022 1025
1024 1026
1026 1027
1026 1028
1026 1029
1027 1030
1028 1031
1030 1032
1031 1033
1031 1034
1032 1035
1034 1036
1036 1037
1036 1038
1036 1039
1037 1040
1039 1041
1039 1042
1042 1043
1043 1044
1043 1045
1045 1046
1046 1047
1047 1048
1046 1049
1047 1050
1049 1051
1049 1052
1050 1053
1052 1054
1052 1055
1054 1056
1056 1057
1057 1058
1057 1059
1057 1060
1060 1061
1060 1062
1061 1063
1062 1064
1064 1065
1065 1066
1066 1067
1066 1068
1068 1069
1068 1070
1070 1071
1070 1072
1071 1073
1072 1074
1072 1075
1074 1076
1076 1077
1076 1078
1077 1079
1078 1080
1080 1081
1080 1082
1082 1083
1083 1084
1084 1085
1084 1086
1084 1087
1085 1088
1088 1089
1089 1090
1090 1091
1090 1092
1092 1093
1093 1094
1093 1095
1095 1096
1096 1097
1095 1098
1098 1099
1099 1100
1098 1101
1100 1102
1100 1103
1101 1104
1104 1105
1105 1106
1105 1107
1107 1108
1106 1109
1107 1110
1108 1111
1109 1112
1112 1113
1113 1114
1112 1115
1114 1116
1116 1117
1117 1118
1117 1119
1117 1120
1118 1121
1121 1122
1121 1123
1121 1124
1123 1125
1124 1126
1126 1127
1126 1128
1126 1129
1129 1130
1130 1131
1131 1132
1130 1133
1133 1134
1132 1135
1135 1136
1136 1137
1135 1138
1138 1139
1137 1140
1138 1141
1140 1142
1140 1143
1143 1144
1142 1145
1143 1146
1144 1147
1146 1148
1146 1149
1147 1150
1148 1151
1149 1152
1150 1153
1152 1154
1152 1155
1154 1156
1155 1157
1156 1158
1156 1159
1159 1160
1159 1161
1161 1162
1160 1163
1163 1164
1164 1165
1165 1166
1165 1167
1166 1168
1166 1169
1169 1170
1169 1171
1169 1172
1170 1173
1171 1174
1173 1175
1174 1176
1176 1177
1177 1178
1176 1179
1178 1180
1179 1181
1180 1182
1181 1183
1183 1184
1184 1185
1185 1186
1185 1187
1187 1188
1187 1189
1188 1190
1190 1191
1189 1192
1190 1193
1193 1194
1194 1195
1193 1196
1195 1197
1197 1198
1198 1199
1198 1200
1200 1201
1199 1202
1202 1203
1202 1204
1203 1205
1205 1206
1206 1207
1206 1208
1208 1209
1207 1210
1210 1211
1210 1212
1210 1213
1213 1214
1214 1215
1213 1216
1215 1217
1216 1218
1218 1219
1218 1220
1218 1221
1220 1222
1221 1223
1222 1224
1223 1225
1225 1226
1226 1227
1225 1228
1227 1229
1229 1230
1228 1231
1230 1232
1231 1233
1232 1234
1233 1235
1234 1236
1236 1237
1236 1238
1238 1239
1238 1240
1240 1241
1241 1242
1240 1243
1243 1244
1243 1245
1245 1246
1244 1247
1247 1248
1247 1249
1247 1250
1248 1251
1250 1252
1250 1253
1252 1254
1254 1255
1254 1256
1255 1257
1256 1258
1257 1259
1258 1260
1258 1261
1260 1262
1261 1263
1263 1264
1262 1265
1265 1266
1264 1267
1266 1268
1268 1269
1269 1270
1268 1271
1269 1272
1271 1273
1273 1274
1273 1275
1274 1276
1276 1277
1277 1278
1278 1279
1279 1280
1280 1281
1279 1282
1280 1283
1281 1284
1283 1285
1285 1286
1286 1287
1285 1288
1287 1289
1289 1290
1289 1291
1290 1292
1290 1293
1293 1294
1292 1295
1295 1296
1294 1297
1297 1298
1297 1299
1299 1300
1298 1301
1300 1302
1300 1303
1302 1304
1304 1305
1305 1306
1305 1307
1305 1308
1306 1309
1308 1310
1308 1311
1311 1312
1312 1313
1313 1314
1313 1315
1313 1316
1315 1317
1317 1318
1318 1319
1317 1320
1319 1321
1319 1322
1320 1323
1321 1324
1323 1325
1324 1326
1324 1327
1326 1328
1326 1329
1328 1330
1328 1331
1330 1332
1332 1333
1332 1334
1334 1335
1335 1336
1335 1337
1335 1338
1338 1339
1339 1340
1340 1341
1340 1342
1342 1343
1342 1344
1343 1345
1343 1346
1344 1347
1345 1348
1346 1349
1349 1350
1350 1351
1350 1352
1351 1353
1353 1354
1354 1355
1353 1356
1354 1357
1356 1358
1357 1359
1359 1360
1359 1361
1361 1362
1361 1363
1362 1364
1364 1365
1365 1366
1366 1367
1365 1368
1366 1369
1369 1370
1368 1371
1370 1372
1372 1373
1372 1374
1372 1375
1373 1376
1374 1377
1375 1378
1378 1379
1377 1380
1380 1381
1381 1382
1381 1383
1382 1384
1384 1385
1383 1386
1384 1387
1386 1388
1387 1389
1388 1390
1390 1391
1389 1392
1390 1393
1392 1394
1394 1395
1395 1396
1396 1397
1395 1398
1398 1399
1398 1400
1398 1401
1400 1402
1402 1403
1402 1404
1403 1405
1403 1406
1406 1407
1406 1408
1408 1409
1407 1410
1409 1411
1409 1412
1412 1413
1411 1414
1412 1415
1413 1416
1414 1417
1416 1418
1417 1419
1417 1420
1420 1421
1421 1422
1420 1423
1423 1424
1423 1425
1424 1426
1425 1427
1427 1428
1426 1429
1427 1430
1430 1431
1429 1432
1430 1433
1431 1434
1434 1435
1434 1436
1436 1437
1437 1438
1437 1439
1437 1440
1440 1441
1440 1442
1442 1443
1441 1444
1442 1445
1443 1446
1444 1447
1447 1448
1446 1449
1449 1450
1449 1451
1451 1452
1450 1453
1452 1454
1452 1455
1454 1456
1455 1457
1456 1458
1457 1459
1459 1460
1460 1461
1461 1462
1460 1463
1463 1464
1463 1465
1463 1466
1466 1467
1465 1468
1467 1469
1468 1470
1470 1471
1471 1472
1471 1473
1473 1474
1474 1475
1475 1476
1475 1477
1477 1478
1477 1479
1479 1480
1479 1481
1480 1482
1482 1483
1483 1484
1484 1485
1483 1486
1485 1487
1487 1488
1487 1489
1489 1490
1488 1491
1491 1492
1490 1493
1491 1494
1493 1495
1495 1496
1496 1497
1497 1498
1496 1499
1499 1500
1499 1501
1500 1502
1502 1503
1501 1504
1504 1505
1504 1506
1506 1507
1507 1508
1507 1509
1509 1510
1510 1511
1509 1512
1512 1513
1513 1514
1512 1515
1513 1516
1515 1517
1517 1518
1518 1519
1517 1520
1520 1521
1519 1522
1521 1523
1522 1524
1522 1525
1523 1526
1526 1527
1525 1528
1527 1529
1529 1530
1529 1531
1530 1532
1532 1533
1531 1534
1532 1535
1533 1536
1535 1537
1536 1538
1536 1539
1539 1540
1540 1541
1541 1542
1542 1543
1541 1544
1542 1545
1545 1546
1544 1547
1545 1548
1548 1549
1547 1550
1549 1551
1551 1552
1552 1553
1553 1554
1554 1555
1553 1556
1554 1557
1557 1558
1557 1559
1557 1560
1560 1561
1561 1562
1561 1563
1563 1564
1564 1565
1565 1566
1564 1567
1566 1568
1568 1569
1568 1570
1568 1571
1571 1572
1572 1573
1573 1574
1573 1575
1573 1576
1576 1577
1576 1578
1576 1579
1578 1580
1580 1581
1581 1582
1580 1583
1581 1584
1584 1585
1583 1586
1584 1587
1585 1588
1588 1589
1587 1590
1589 1591
1591 1592
1591 1593
1593 1594
1594 1595
1594 1596
1594 1597
1595 1598
1596 1599
1597 1600
1598 1601
1599 1602
1602 1603
1601 1604
1603 1605
1603 1606
1604 1607
1605 1608
1606 1609
1608 1610
1610 1611
1610 1612
1612 1613
1612 1614
1612 1615
1613 1616
1616 1617
1616 1618
1618 1619
1618 1620
1619 1621
1620 1622
1620 1623
1621 1624
1622 1625
1625 1626
1624 1627
1626 1628
1628 1629
1628 1630
1629 1631
1631 1632
1631 1633
1631 1634
1634 1635
1634 1636
1634 1637
1635 1638
1636 1639
1637 1640
1638 1641
1641 1642
1641 1643
1641 1644
1644 1645
1643 1646
1645 1647
1646 1648
1647 1649
1647 1650
1650 1651
1649 1652
1651 1653
1652 1654
1653 1655
1655 1656
1654 1657
1657 1658
1656 1659
1658 1660
1660 1661
1659 1662
1662 1663
1661 1664
1663 1665
1663 1666
1666 1667
1667 1668
1666 1669
1669 1670
1668 1671
1670 1672
1672 1673
1673 1674
1672 1675
1675 1676
1674 1677
1677 1678
1677 1679
1679 1680
1680 1681
1681 1682
1681 1683
1683 1684
1684 1685
1685 1686
1686 1687
1687 1688
1688 1689
1688 1690
1690 1691
1690 1692
1690 1693
1693 1694
1692 1695
1694 1696
1695 1697
1697 1698
1697 1699
1698 1700
1698 1701
1699 1702
1700 1703
1703 1704
1702 1705
1703 1706
1704 1707
1706 1708
1708 1709
1707 1710
1710 1711
1710 1712
1712 1713
1711 1714
1713 1715
1714 1716
1715 1717
1715 1718
1716 1719
1719 1720
1720 1721
1719 1722
1720 1723
1722 1724
1722 1725
1723 1726
1726 1727
1725 1728
1727 1729
1727 1730
1729 1731
1731 1732
1730 1733
1733 1734
1734 1735
1735 1736
1735 1737
1736 1738
1736 1739
1738 1740
1740 1741
1739 1742
1741 1743
1741 1744
1742 1745
1745 1746
1745 1747
1747 1748
1746 1749
1747 1750
1748 1751
1750 1752
1751 1753
1752 1754
1752 1755
1754 1756
1756 1757
1757 1758
1756 1759
1758 1760
1759 1761
1761 1762
1761 1763
1761 1764
1762 1765
1763 1766
1766 1767
1765 1768
1767 1769
1769 1770
1768 1771
1771 1772
1770 1773
1773 1774
1774 1775
1774 1776
1774 1777
1777 1778
1777 1779
1779 1780
1780 1781
1779 1782
1780 1783
1781 1784
1782 1785
1785 1786
1785 1787
1785 1788
1788 1789
1787 1790
1790 1791
1789 1792
1790 1793
1793 1794
1794 1795
1793 1796
1794 1797
1797 1798
1797 1799
1798 1800
1799 1801
1800 1802
1801 1803
1801 1804
1802 1805
1805 1806
1804 1807
1806 1808
1806 1809
1808 1810
1809 1811
1811 1812
1811 1813
1811 1814
1814 1815
1814 1816
1815 1817
1816 1818
1816 1819
1818 1820
1819 1821
1819 1822
1822 1823
1822 1824
1822 1825
1825 1826
1826 1827
1827 1828
1826 1829
1829 1830
1828 1831
1829 1832
1830 1833
1833 1834
1832 1835
1834 1836
1834 1837
1837 1838
1837 1839
1838 1840
1840 1841
1839 1842
1842 1843
1841 1844
1844 1845
1843 1846
1845 1847
1845 1848
1846 1849
1848 1850
1848 1851
1849 1852
1852 1853
1852 1854
1853 1855
1855 1856
1856 1857
1856 1858
1856 1859
1858 1860
1859 1861
1861 1862
1860 1863
1862 1864
1863 1865
1864 1866
1865 1867
1867 1868
1868 1869
1869 1870
1868 1871
1870 1872
1871 1873
1871 1874
1873 1875
1874 1876
1874 1877
1877 1878
1877 1879
1879 1880
1879 1881
1880 1882
1881 1883
1882 1884
1883 1885
1883 1886
1885 1887
1886 1888
1888 1889
1889 1890
1888 1891
1889 1892
1890 1893
1892 1894
1892 1895
1894 1896
1896 1897
1896 1898
1898 1899
1897 1900
1898 1901
1899 1902
1900 1903
1901 1904
1902 1905
1903 1906
1906 1907
1906 1908
1908 1909
1909 1910
1908 1911
1909 1912
1911 1913
1913 1914
1912 1915
1915 1916
1915 1917
1915 1918
1918 1919
1917 1920
1918 1921
1921 1922
1920 1923
1922 1924
1923 1925
1924 1926
1926 1927
1927 1928
1927 1929
1927 1930
1928 1931
1930 1932
1930 1933
1932 1934
1934 1935
1933 1936
1936 1937
1935 1938
1936 1939
1937 1940
1938 1941
1940 1942
1942 1943
1943 1944
1942 1945
1944 1946
1944 1947
1946 1948
1948 1949
1947 1950
1950 1951
1950 1952
1951 1953
1951 1954
1954 1955
1955 1956
1954 1957
1955 1958
1957 1959
1959 1960
1958 1961
1961 1962
1961 1963
1963 1964
1963 1965
1965 1966
1966 1967
1967 1968
1966 1969
1968 1970
1968 1971
1971 1972
1972 1973
1972 1974
1974 1975
1975 1976
1976 1977
1976 1978
1976 1979
1979 1980
1979 1981
1980 1982
1981 1983
1983 1984
1983 1985
1983 1986
1984 1987
1987 1988
1987 1989
1989 1990
1990 1991
1991 1992
1991 1993
1993 1994
1994 1995
1994 1996
1996 1997
1996 1998
1998 1999
1999 2000
1998 2001
2000 2002
2000 2003
2003 2004
2002 2005
2005 2006
2005 2007
2005 2008
2008 2009
2008 2010
2010 2011
2010 2012
2012 2013
2012 2014
2012 2015
2015 2016
2015 2017
2016 2018
2016 2019
2019 2020
2018 2021
2019 2022
2021 2023
2022 2024
2024 2025
2023 2026
2025 2027
2025 2028
2027 2029
2027 2030
2030 2031
2030 2032
2032 2033
2032 2034
2032 2035
2035 2036
2036 2037
2036 2038
2038 2039
2037 2040
2038 2041
2039 2042
2041 2043
2042 2044
2043 2045
2044 2046
2045 2047
2045 2048
2046 2049
2049 2050
2050 2051
2050 2052
2050 2053
2052 2054
2054 2055
2053 2056
2054 2057
2057 2058
2057 2059
2057 2060
2058 2061
2061 2062
2060 2063
2062 2064
2064 2065
2065 2066
2065 2067
2065 2068
2067 2069
2069 2070
2069 2071
2070 2072
2071 2073
2073 2074
2074 2075
2075 2076
2074 2077
2077 2078
2078 2079
2079 2080
2080 2081
2081 2082
2081 2083
2082 2084
2082 2085
2085 2086
2084 2087
2085 2088
2088 2089
2088 2090
2088 2091
2090 2092
2091 2093
2091 2094
2093 2095
2095 2096
2096 2097
2095 2098
2096 2099
2099 2100
2100 2101
2101 2102
2101 2103
2101 2104
2102 2105
2103 2106
2104 2107
2105 2108
2106 2109
2107 2110
2110 2111
2111 2112
2111 2113
2111 2114
2112 2115
2113 2116
2116 2117
2117 2118
2116 2119
2119 2120
2120 2121
2120 2122
2121 2123
2121 2124
2122 2125
2123 2126
2126 2127
2127 2128
2126 2129
2128 2130
2130 2131
2130 2132
2132 2133
2131 2134
2132 2135
2134 2136
2134 2137
2137 2138
2136 2139
2138 2140
2139 2141
2139 2142
2142 2143
2142 2144
2143 2145
2145 2146
2146 2147
2146 2148
2148 2149
2149 2150
2150 2151
2151 2152
2150 2153
2152 2154
2154 2155
2155 2156
2155 2157
2156 2158
2156 2159
2158 2160
2160 2161
2161 2162
2160 2163
2161 2164
2163 2165
2163 2166
2166 2167
2165 2168
2167 2169
2168 2170
2170 2171
2169 2172
2171 2173
2173 2174
2172 2175
2173 2176
2174 2177
2175 2178
2176 2179
2179 2180
2179 2181
2179 2182
2182 2183
2181 2184
2183 2185
2183 2186
2184 2187
2185 2188
2188 2189
2187 2190
2189 2191
2190 2192
2191 2193
2193 2194
2194 2195
2193 2196
2196 2197
2195 2198
2197 2199
2198 2200
2198 2201
2200 2202
2202 2203
2201 2204
2203 2205
2204 2206
2206 2207
2207 2208
2206 2209
2208 2210
2210 2211
2209 2212
2210 2213
2211 2214
2214 2215
2213 2216
2214 2217
2215 2218
2216 2219
2219 2220
2218 2221
2221 2222
2222 2223
2221 2224
2224 2225
2224 2226
2225 2227
2225 2228
2228 2229
2228 2230
2229 2231
2230 2232
2231 2233
2233 2234
2234 2235
2234 2236
2235 2237
2235 2238
2237 2239
2239 2240
2239 2241
2239 2242
2242 2243
2243 2244
2243 2245
2244 2246
2245 2247
2245 2248
2248 2249
2248 2250
2248 2251
2249 2252
2251 2253
2252 2254
2254 2255
2254 2256
2256 2257
2257 2258
2256 2259
2257 2260
2258 2261
2261 2262
2260 2263
2263 2264
2264 2265
2263 2266
2266 2267
2265 2268
2267 2269
2267 2270
2268 2271
2270 2272
2270 2273
2273 2274
2273 2275
2275 2276
2276 2277
2276 2278
2277 2279
2277 2280
2278 2281
2279 2282
2282 2283
2283 2284
2283 2285
2285 2286
2285 2287
2285 2288
2288 2289
2288 2290
2288 2291
2290 2292
2292 2293
2291 2294
2293 2295
2295 2296
2294 2297
2297 2298
2297 2299
2299 2300
2300 2301
2300 2302
2301 2303
2301 2304
2303 2305
2305 2306
2305 2307
2307 2308
2308 2309
2309 2310
2309 2311
2309 2312
2312 2313
2312 2314
2313 2315
2315 2316
2315 2317
2317 2318
2316 2319
2317 2320
2318 2321
2320 2322
2320 2323
2322 2324
2322 2325
2323 2326
2324 2327
2327 2328
2326 2329
2328 2330
2328 2331
2331 2332
2332 2333
2331 2334
2333 2335
2335 2336
2336 2337
2337 2338
2337 2339
2338 2340
2338 2341
2341 2342
2342 2343
2343 2344
2344 2345
2345 2346
2344 2347
2345 2348
2348 2349
2349 2350
2349 2351
2350 2352
2351 2353
2353 2354
2353 2355
2353 2356
2355 2357
2355 2358
2358 2359
2359 2360
2359 2361
2359 2362
2361 2363
2363 2364
2363 2365
2365 2366
2364 2367
2366 2368
2366 2369
2367 2370
2368 2371
2369 2372
2370 2373
2373 2374
2374 2375
2373 2376
2374 2377
2377 2378
2377 2379
2378 2380
2380 2381
2379 2382
2380 2383
2381 2384
2383 2385
2385 2386
2386 2387
2386 2388
2387 2389
2388 2390
2389 2391
2391 2392
2390 2393
2391 2394
2394 2395
2393 2396
2394 2397
2395 2398
2396 2399
2397 2400
2400 2401
2400 2402
2401 2403
2401 2404
2402 2405
2404 2406
2406 2407
2406 2408
2407 2409
2408 2410
2409 2411
2411 2412
2411 2413
2412 2414
2414 2415
2415 2416
2414 2417
2415 2418
2416 2419
2417 2420
2419 2421
2421 2422
2420 2423
2421 2424
2423 2425
2424 2426
2425 2427
2425 2428
2426 2429
2428 2430
2428 2431
2430 2432
2430 2433
2433 2434
2434 2435
2434 2436
2436 2437
2437 2438
2437 2439
2437 2440
2440 2441
2440 2442
2440 2443
2442 2444
2444 2445
2444 2446
2445 2447
2447 2448
2448 2449
2449 2450
2448 2451
2451 2452
2451 2453
2451 2454
2453 2455
2455 2456
2454 2457
2455 2458
2458 2459
2459 2460
2460 2461
2460 2462
2461 2463
2461 2464
2464 2465
2465 2466
2466 2467
2465 2468
2468 2469
2469 2470
2469 2471
2470 2472
2471 2473
2472 2474
2472 2475
2475 2476
2475 2477
2475 2478
2478 2479
2477 2480
2479 2481
2481 2482
2481 2483
2482 2484
2483 2485
2484 2486
2485 2487
2485 2488
2487 2489
2487 2490
2489 2491
2491 2492
2490 2493
2493 2494
2492 2495
2494 2496
2494 2497
2497 2498
2496 2499
2497 2500
2498 2501
2499 2502
2502 2503
2502 2504
2503 2505
2504 2506
2506 2507
2505 2508
2506 2509
2508 2510
2510 2511
2510 2512
2512 2513
2513 2514
2514 2515
2513 2516
2514 2517
2517 2518
2517 2519
2518 2520
2519 2521
2521 2522
2522 2523
2523 2524
2523 2525
2525 2526
2526 2527
2525 2528
2527 2529
2527 2530
2529 2531
2531 2532
2532 2533
2531 2534
2533 2535
2533 2536
2535 2537
2535 2538
2538 2539
2538 2540
2539 2541
2539 2542
2540 2543
2541 2544
2542 2545
2543 2546
2545 2547
2547 2548
2548 2549
2548 2550
2550 2551
2550 2552
2551 2553
2551 2554
2554 2555
2555 2556
2556 2557
2557 2558
2558 2559
2559 2560
2560 2561
2559 2562
2561 2563
2563 2564
2562 2565
2565 2566
2564 2567
2565 2568
2567 2569
2567 2570
2570 2571
2569 2572
2570 2573
2572 2574
2574 2575
2574 2576
2576 2577
2576 2578
2578 2579
2579 2580
2578 2581
2579 2582
2580 2583
2581 2584
2583 2585
2583 2586
2586 2587
2586 2588
2588 2589
2588 2590
2588 2591
2591 2592
2591 2593
2592 2594
2594 2595
2595 2596
2596 2597
2596 2598
2598 2599
2599 2600
2598 2601
2600 2602
2600 2603
2601 2604
2603 2605
2604 2606
2605 2607
2605 2608
2607 2609
2608 2610
2609 2611
2610 2612
2611 2613
2613 2614
2612 2615
2614 2616
2615 2617
2615 2618
2616 2619
2619 2620
2620 2621
2621 2622
2622 2623
2621 2624
2624 2625
2624 2626
2625 2627
2627 2628
2628 2629
2629 2630
2630 2631
2630 2632
2632 2633
2633 2634
2632 2635
2635 2636
2636 2637
2637 2638
2638 2639
2638 2640
2640 2641
2639 2642
2642 2643
2643 2644
2643 2645
2644 2646
2644 2647
2645 2648
2646 2649
2649 2650
2649 2651
2650 2652
2650 2653
2652 2654
2653 2655
2653 2656
2654 2657
2656 2658
2657 2659
2658 2660
2659 2661
2660 2662
2662 2663
2662 2664
2664 2665
2665 2666
2666 2667
2666 2668
2668 2669
2669 2670
2668 2671
2669 2672
2671 2673
2673 2674
2672 2675
2675 2676
2674 2677
2676 2678
2676 2679
2677 2680
2680 2681
2681 2682
2681 2683
2681 2684
2682 2685
2684 2686
2684 2687
2686 2688
2686 2689
2689 2690
2688 2691
2689 2692
2690 2693
2691 2694
2692 2695
2694 2696
2696 2697
2696 2698
2698 2699
2698 2700
2699 2701
2701 2702
2700 2703
2701 2704
2704 2705
2704 2706
2705 2707
2707 2708
2707 2709
2708 2710
2709 2711
2711 2712
2711 2713
2712 2714
2712 2715
2715 2716
2715 2717
2717 2718
2716 2719
2718 2720
2718 2721
2721 2722
2721 2723
2721 2724
2722 2725
2723 2726
2724 2727
2725 2728
2727 2729
2727 2730
2728 2731
2729 2732
2732 2733
2732 2734
2732 2735
2735 2736
2735 2737
2736 2738
2736 2739
2738 2740
2739 2741
2739 2742
2741 2743
2743 2744
2742 2745
2743 2746
2746 2747
2747 2748
2747 2749
2747 2750
2748 2751
2751 2752
2752 2753
2751 2754
2754 2755
2755 2756
2756 2757
2757 2758
2756 2759
2758 2760
2760 2761
2760 2762
2760 2763
2763 2764
2764 2765
2764 2766
2766 2767
2765 2768
2767 2769
2768 2770
2769 2771
2770 2772
2772 2773
2771 2774
2772 2775
2775 2776
2775 2777
2776 2778
2777 2779
2779 2780
2778 2781
2780 2782
2780 2783
2781 2784
2784 2785
2784 2786
2784 2787
2786 2788
2788 2789
2789 2790
2790 2791
2791 2792
2792 2793
2792 2794
2794 2795
2793 2796
2794 2797
2796 2798
2797 2799
2798 2800
2799 2801
2801 2802
2800 2803
2803 2804
2803 2805
2804 2806
2805 2807
2807 2808
2807 2809
2809 2810
2808 2811
2811 2812
2812 2813
2813 2814
2813 2815
2815 2816
2814 2817
2817 2818
2817 2819
2818 2820
2818 2821
2820 2822
2822 2823
2823 2824
2823 2825
2823 2826
2826 2827
2825 2828
2828 2829
2827 2830
2830 2831
2831 2832
2832 2833
2831 2834
2833 2835
2834 2836
2834 2837
2835 2838
2838 2839
2839 2840
2838 2841
2841 2842
2840 2843
2842 2844
2843 2845
2844 2846
2844 2847
2845 2848
2848 2849
2848 2850
2849 2851
2850 2852
2851 2853
2852 2854
2853 2855
2855 2856
2855 2857
2856 2858
2857 2859
2857 2860
2859 2861
2860 2862
2862 2863
2862 2864
2863 2865
2865 2866
2866 2867
2867 2868
2867 2869
2868 2870
2869 2871
2870 2872
2872 2873
2873 2874
2874 2875
2874 2876
2876 2877
2875 2878
2877 2879
2877 2880
2878 2881
2880 2882
2880 2883
2882 2884
2884 2885
2884 2886
2884 2887
2885 2888
2886 2889
2887 2890
2888 2891
2889 2892
2890 2893
2893 2894
2892 2895
2894 2896
2895 2897
2897 2898
2898 2899
2897 2900
2900 2901
2901 2902
2900 2903
2902 2904
2902 2905
2904 2906
2904 2907
2906 2908
2907 2909
2907 2910
2908 2911
2911 2912
2912 2913
2912 2914
2912 2915
2913 2916
2914 2917
2917 2918
2918 2919
2918 2920
2919 2921
2919 2922
2920 2923
2922 2924
2923 2925
2924 2926
2925 2927
2925 2928
2927 2929
2929 2930
2930 2931
2929 2932
2931 2933
2932 2934
2934 2935
2935 2936
2934 2937
2935 2938
2937 2939
2937 2940
2938 2941
2939 2942
2941 2943
2942 2944
2942 2945
2943 2946
2946 2947
2947 2948
2947 2949
2948 2950
2948 2951
2951 2952
2951 2953
2951 2954
2953 2955
2955 2956
2956 2957
2955 2958
2956 2959
2959 2960
2959 2961
2961 2962
2960 2963
2962 2964
2963 2965
2963 2966
2964 2967
2965 2968
2968 2969
2968 2970
2970 2971
2971 2972
2970 2973
2973 2974
2973 2975
2973 2976
2976 2977
2977 2978
2977 2979
2978 2980
2979 2981
2981 2982
2982 2983
2981 2984
2982 2985
2983 2986
2985 2987
2987 2988
2987 2989
2987 2990
2988 2991
2990 2992
2992 2993
2993 2994
2993 2995
2995 2996
2994 2997
2996 2998
2998 2999
2997 3000
3000 3001
3001 3002
3001 3003
3001 3004
3003 3005
3005 3006
3006 3007
3007 3008
3006 3009
3008 3010
3010 3011
3009 3012
3012 3013
3013 3014
3013 3015
3013 3016
3015 3017
3016 3018
3016 3019
3017 3020
3018 3021
3021 3022
3021 3023
3023 3024
3022 3025
3024 3026
3025 3027
3025 3028
3026 3029
3027 3030
3030 3031
3030 3032
3030 3033
3031 3034
3033 3035
3033 3036
3034 3037
3035 3038
3037 3039
3038 3040
3040 3041
3040 3042
3042 3043
3042 3044
3044 3045
3043 3046
3044 3047
3047 3048
3048 3049
3048 3050
3050 3051
3050 3052
3050 3053
3052 3054
3054 3055
3053 3056
3055 3057
3055 3058
3058 3059
3059 3060
3060 3061
3061 3062
3062 3063
3061 3064
3062 3065
3064 3066
3064 3067
3067 3068
3066 3069
3067 3070
3070 3071
3069 3072
3070 3073
3071 3074
3072 3075
3075 3076
3074 3077
3075 3078
3078 3079
3079 3080
3078 3081
3080 3082
3080 3083
3082 3084
3084 3085
3084 3086
3084 3087
3086 3088
3086 3089
3088 3090
3088 3091
3090 3092
3091 3093
3093 3094
3092 3095
3094 3096
3095 3097
3097 3098
3097 3099
3097 3100
3100 3101
3099 3102
3100 3103
3102 3104
3104 3105
3104 3106
3104 3107
3105 3108
3107 3109
3107 3110
3109 3111
3109 3112
3111 3113
3113 3114
3113 3115
3113 3116
3115 3117
3116 3118
3116 3119
3117 3120
3118 3121
3119 3122
3120 3123
3121 3124
3123 3125
3123 3126
3125 3127
3125 3128
3128 3129
3129 3130
3130 3131
3130 3132
3130 3133
3133 3134
3134 3135
3135 3136
3136 3137
3135 3138
3138 3139
3139 3140
3138 3141
3141 3142
3141 3143
3143 3144
3143 3145
3143 3146
3145 3147
3146 3148
3146 3149
3147 3150
3149 3151
3149 3152
3152 3153
3151 3154
3153 3155
3154 3156
3156 3157
3157 3158
3158 3159
3158 3160
3160 3161
3159 3162
3160 3163
3162 3164
3162 3165
3163 3166
3166 3167
3167 3168
3166 3169
3169 3170
3169 3171
3171 3172
3170 3173
3173 3174
3172 3175
3175 3176
3176 3177
3177 3178
3178 3179
3178 3180
3179 3181
3181 3182
3181 3183
3183 3184
3183 3185
3185 3186
3184 3187
3186 3188
3188 3189
3189 3190
3190 3191
3190 3192
3190 3193
3192 3194
3194 3195
3193 3196
3194 3197
3197 3198
3196 3199
3199 3200
3200 3201
3200 3202
3201 3203
3202 3204
3203 3205
3205 3206
3204 3207
3205 3208
3206 3209
3207 3210
3210 3211
3209 3212
3212 3213
3212 3214
3214 3215
3215 3216
3215 3217
3217 3218
3217 3219
3219 3220
3220 3221
3220 3222
3222 3223
3221 3224
3223 3225
3225 3226
3226 3227
3226 3228
3228 3229
3227 3230
3228 3231
3231 3232
3232 3233
3231 3234
3233 3235
3235 3236
3235 3237
3235 3238
3237 3239
3237 3240
3239 3241
3240 3242
3242 3243
3243 3244
3242 3245
3244 3246
3244 3247
3245 3248
3247 3249
3247 3250
3249 3251
3250 3252
3250 3253
3251 3254
3254 3255
3255 3256
3254 3257
3255 3258
3258 3259
3259 3260
3259 3261
3260 3262
3261 3263
3263 3264
3262 3265
3265 3266
3265 3267
3267 3268
3266 3269
3268 3270
3270 3271
3271 3272
3272 3273
3273 3274
3272 3275
3273 3276
3274 3277
3275 3278
3276 3279
3278 3280
3278 3281
3280 3282
3280 3283
3282 3284
3282 3285
3285 3286
3284 3287
3285 3288
3287 3289
3288 3290
3289 3291
3289 3292
3292 3293
3292 3294
3294 3295
3295 3296
3296 3297
3296 3298
3298 3299
3298 3300
3298 3301
3301 3302
3301 3303
3301 3304
3303 3305
3305 3306
3306 3307
3307 3308
3306 3309
3309 3310
3309 3311
3309 3312
3312 3313
3313 3314
3312 3315
3315 3316
3314 3317
3316 3318
3317 3319
3319 3320
3319 3321
3321 3322
3322 3323
3322 3324
3323 3325
3325 3326
3326 3327
3325 3328
3327 3329
3327 3330
3329 3331
3329 3332
3332 3333
3333 3334
3332 3335
3334 3336
3336 3337
3335 3338
3338 3339
3337 3340
3340 3341
3341 3342
3342 3343
3341 3344
3344 3345
3344 3346
3345 3347
3345 3348
3346 3349
3347 3350
3350 3351
3349 3352
3351 3353
3352 3354
3353 3355
3353 3356
3354 3357
3355 3358
3356 3359
3358 3360
3358 3361
3359 3362
3360 3363
3363 3364
3363 3365
3363 3366
3366 3367
3366 3368
3368 3369
3368 3370
3368 3371
3370 3372
3372 3373
3373 3374
3372 3375
3375 3376
3374 3377
3377 3378
3378 3379
3378 3380
3378 3381
3380 3382
3381 3383
3382 3384
3382 3385
3383 3386
3385 3387
3385 3388
3388 3389
3389 3390
3388 3391
3390 3392
3392 3393
3392 3394
3394 3395
3394 3396
3396 3397
3396 3398
3397 3399
3397 3400
3400 3401
3399 3402
3401 3403
3402 3404
3403 3405
3405 3406
3404 3407
3406 3408
3406 3409
3407 3410
3408 3411
3409 3412
3412 3413
3413 3414
3413 3415
3413 3416
3415 3417
3415 3418
3417 3419
3419 3420
3419 3421
3421 3422
3420 3423
3422 3424
3423 3425
3424 3426
3426 3427
3426 3428
3428 3429
3428 3430
3428 3431
3431 3432
3432 3433
3433 3434
3434 3435
3434 3436
3434 3437
3435 3438
3436 3439
3438 3440
3440 3441
3440 3442
3442 3443
3441 3444
3444 3445
3444 3446
3444 3447
3447 3448
3446 3449
3449 3450
3449 3451
3451 3452
3451 3453
3451 3454
3454 3455
3453 3456
3455 3457
3457 3458
3456 3459
3457 3460
3459 3461
3461 3462
3461 3463
3463 3464
3462 3465
3463 3466
3465 3467
3466 3468
3468 3469
3468 3470
3470 3471
3469 3472
3470 3473
3472 3474
3472 3475
3475 3476
3475 3477
3476 3478
3477 3479
3478 3480
3479 3481
3480 3482
3481 3483
3481 3484
3482 3485
3484 3486
3484 3487
3486 3488
3486 3489
3488 3490
3490 3491
3489 3492
3490 3493
3493 3494
3494 3495
3494 3496
3494 3497
3497 3498
3497 3499
3498 3500
3498 3501
3501 3502
3502 3503
3501 3504
3503 3505
3504 3506
3504 3507
3505 3508
3507 3509
3507 3510
3509 3511
3510 3512
3511 3513
3512 3514
3512 3515
3514 3516
3514 3517
3515 3518
3518 3519
3517 3520
3518 3521
3520 3522
3522 3523
3522 3524
3522 3525
3525 3526
3526 3527
3527 3528
3528 3529
3529 3530
3530 3531
3531 3532
3532 3533
3533 3534
3533 3535
3534 3536
3535 3537
3536 3538
3538 3539
3538 3540
3538 3541
3539 3542
3542 3543
3543 3544
3542 3545
3545 3546
3544 3547
3547 3548
3548 3549
3549 3550
3550 3551
3549 3552
3552 3553
3552 3554
3554 3555
3555 3556
3555 3557
3555 3558
3556 3559
3558 3560
3560 3561
3561 3562
3561 3563
3561 3564
3564 3565
3565 3566
3564 3567
3566 3568
3567 3569
3568 3570
3569 3571
3571 3572
3571 3573
3571 3574
3574 3575
3575 3576
3575 3577
3577 3578
3577 3579
3577 3580
3579 3581
3579 3582
3582 3583
3582 3584
3583 3585
3584 3586
3585 3587
3587 3588
3588 3589
3588 3590
3589 3591
3590 3592
3591 3593
3592 3594
3593 3595
3594 3596
3595 3597
3595 3598
3598 3599
3597 3600
3598 3601
3601 3602
3601 3603
3601 3604
3604 3605
3604 3606
3606 3607
3606 3608
3607 3609
3609 3610
3608 3611
3611 3612
3612 3613
3612 3614
3612 3615
3615 3616
3614 3617
3615 3618
3618 3619
3618 3620
3619 3621
3621 3622
3620 3623
3622 3624
3624 3625
3623 3626
3626 3627
3625 3628
3626 3629
3629 3630
3630 3631
3631 3632
3631 3633
3631 3634
3633 3635
3634 3636
3635 3637
3636 3638
3638 3639
3638 3640
3639 3641
3639 3642
3642 3643
3642 3644
3643 3645
3645 3646
3645 3647
3646 3648
3648 3649
3647 3650
3650 3651
3650 3652
3650 3653
3651 3654
3653 3655
3653 3656
3655 3657
3656 3658
3656 3659
3659 3660
3660 3661
3660 3662
3660 3663
3663 3664
3662 3665
3664 3666
3664 3667
3666 3668
3667 3669
3667 3670
3668 3671
3671 3672
3672 3673
3672 3674
3673 3675
3673 3676
3676 3677
3677 3678
3677 3679
3679 3680
3680 3681
3680 3682
3680 3683
3681 3684
3684 3685
3684 3686
3686 3687
3685 3688
3686 3689
3687 3690
3688 3691
3691 3692
3691 3693
3693 3694
3694 3695
3694 3696
3696 3697
3695 3698
3698 3699
3698 3700
3699 3701
3700 3702
3700 3703
3701 3704
3703 3705
3703 3706
3706 3707
3705 3708
3708 3709
3708 3710
3709 3711
3710 3712
3712 3713
3713 3714
3714 3715
3713 3716
3716 3717
3715 3718
3718 3719
3719 3720
3720 3721
3720 3722
3720 3723
3721 3724
3723 3725
3723 3726
3724 3727
3726 3728
3727 3729
3727 3730
3730 3731
3731 3732
3731 3733
3732 3734
3734 3735
3733 3736
3736 3737
3736 3738
3737 3739
3739 3740
3739 3741
3741 3742
3740 3743
3742 3744
3744 3745
3744 3746
3745 3747
3747 3748
3747 3749
3749 3750
3750 3751
3750 3752
3751 3753
3753 3754
3753 3755
3755 3756
3755 3757
3755 3758
3756 3759
3758 3760
3759 3761
3759 3762
3760 3763
3763 3764
3764 3765
3765 3766
3764 3767
3765 3768
3768 3769
3769 3770
3768 3771
3771 3772
3770 3773
3771 3774
3773 3775
3775 3776
3776 3777
3775 3778
3776 3779
3778 3780
3780 3781
3781 3782
3782 3783
3781 3784
3782 3785
3785 3786
3784 3787
3786 3788
3788 3789
3787 3790
3790 3791
3791 3792
3791 3793
3791 3794
3794 3795
3793 3796
3795 3797
3797 3798
3796 3799
3799 3800
3800 3801
3799 3802
3800 3803
3802 3804
3804 3805
3805 3806
3804 3807
3807 3808
3806 3809
3807 3810
3809 3811
3811 3812
3811 3813
3812 3814
3814 3815
3814 3816
3816 3817
3817 3818
3816 3819
3818 3820
3820 3821
3821 3822
3822 3823
3821 3824
3822 3825
3825 3826
3824 3827
3826 3828
3827 3829
3827 3830
3829 3831
3830 3832
3830 3833
3831 3834
3833 3835
3835 3836
3834 3837
3837 3838
3837 3839
3839 3840
3840 3841
3841 3842
3840 3843
3841 3844
3842 3845
3845 3846
3846 3847
3846 3848
3848 3849
3847 3850
3850 3851
3850 3852
3850 3853
3852 3854
3853 3855
3855 3856
3854 3857
3857 3858
3856 3859
3859 3860
3858 3861
3859 3862
3862 3863
3862 3864
3862 3865
3863 3866
3864 3867
3865 3868
3868 3869
3869 3870
3868 3871
3869 3872
3872 3873
3872 3874
3874 3875
3873 3876
3875 3877
3876 3878
3878 3879
3878 3880
3879 3881
3880 3882
3880 3883
3883 3884
3884 3885
3884 3886
3886 3887
3887 3888
3887 3889
3888 3890
3889 3891
3889 3892
3891 3893
3891 3894
3894 3895
3894 3896
3895 3897
3897 3898
3896 3899
3899 3900
3899 3901
3900 3902
3900 3903
3901 3904
3903 3905
3904 3906
3906 3907
3905 3908
3908 3909
3907 3910
3908 3911
3909 3912
3911 3913
3913 3914
3913 3915
3914 3916
3914 3917
3915 3918
3918 3919
3919 3920
3919 3921
3920 3922
3922 3923
3921 3924
3923 3925
3925 3926
3925 3927
3925 3928
3928 3929
3927 3930
3929 3931
3930 3932
3932 3933
3931 3934
3934 3935
3933 3936
3936 3937
3935 3938
3936 3939
3938 3940
3938 3941
3939 3942
3940 3943
3941 3944
3944 3945
3944 3946
3944 3947
3946 3948
3948 3949
3949 3950
3948 3951
3950 3952
3950 3953
3952 3954
3953 3955
3953 3956
3954 3957
3955 3958
3956 3959
3959 3960
3958 3961
3960 3962
3960 3963
3963 3964
3962 3965
3964 3966
3965 3967
3967 3968
3967 3969
3967 3970
3969 3971
3969 3972
3970 3973
3973 3974
3973 3975
3974 3976
3976 3977
3977 3978
3977 3979
3978 3980
3978 3981
3980 3982
3981 3983
3981 3984
3984 3985
3985 3986
3986 3987
3987 3988
3988 3989
3988 3990
3990 3991
3989 3992
3990 3993
3992 3994
3993 3995
3994 3996
3995 3997
3995 3998
3996 3999
3998 4000
1499 3079
3493 2879
1449 3581
1309 2917
1992 3748
1686 836
2680 665
360 2988
1000 2384
1390 1272
1599 2104
3656 3964
1888 2207
1294 473
2132 2720
2294 3845
3510 1210
391 3726
62 267
1511 2318
1860 2145
2813 1153
3012 944
1742 893
318 1934
1055 3326
1981 3535
1600 2746
3672 2275
2435 2722
2581 456
2024 3502
621 2120
1201 2137
1129 546
685 2772
1840 580
3914 1089
1164 2546
541 2727
701 3144
1907 2179
588 1558
1909 3237
3653 2055
733 3886
1097 392
2480 2575
3988 1495
1540 3957
1744 3045
1871 87
745 1176
3779 1705
1906 2247
3065 867
1079 170
623 3499
2595 692
922 3696
2862 2629
451 3818
1782 3005
1437 2965
1404 89
334 3016
3769 882
2212 3114
1778 1095
529 584
3263 3295
1723 3300
3397 3934
2509 3181
1140 3710
677 3611
2747 2237
2177 3345
3173 3650
1681 1006
2585 2987
1315 308
3677 292
1113 1935
3577 1773
91 448
2939 986
3051 811
755 2181
412 511
2536 2917
1499 512
635 3031
3118 3035
376 2569
3525 355
3292 672
238 2416
993 343
227 486
2291 1990
1276 3609
1000 2851
1847 1454
2931 691
2040 2967
1542 2254
427 1396
2319 2693
3831 3467
1946 2899
950 326
63 3695
345 1023
1251 43
2910 1493
1538 1149
2198 1200
1408 1829
2181 812
1443 2702
1871 2381
2265 1421
2822 2233
711 3891
1998 1641
1481 69
1600 2330
365 2498
3199 2898
3746 1288
1137 1686
3002 1009
2028 1443
3488 2817
1431 1849
1783 2574
1606 1698
108 990
2221 1610
144 3424
942 325
2742 659
2950 1763
3918 2007
566 3740
650 745
1937 1660
2930 3725
2444 2525
49 2301
945 1971
1933 303
139 42
2768 1485
3544 2014
2788 318
613 1966
419 3997
1256 446
2693 1467
731 2792
2034 3041
2567 3493
2767 1539
81 2051
2076 871
3600 1873
2177 3866
1705 2549
2502 940
444 3193
1713 1765
2195 3490
2898 525
59 1778
1056 772
1933 173
379 2837
375 3306
1630 1099
365 1275
3459 926
1785 3022
1308 3756
2674 314
1220 1616
3834 118
411 2467
2298 2862
2715 1538
3152 1649
519 2280
1921 2771
2500 3131
1451 1171
1619 1402
264 944
2371 2531
1707 1591
1926 2643
2431 3505
388 2848
628 301
1169 2580
2824 3680
2108 1083
1351 3173
2277 1882
2892 3581
24 3115
108 2856
3046 683
3844 1730
3314 3629
1565 896
1291 3728
1167 2998
1974 2447
3837 2933
1074 404
1223 2828
480 1828
305 1958
1087 1975
3057 1246
2166 2575
2069 1259
1988 3555
1539 3784
1291 3669
3050 2922
1015 1830
565 985
1851 2831
1050 3297
3335 595
1218 3800
1683 3527
1023 2495
1336 2031
2367 3392
1001 2919
489 3511
403 3418
2843 2214
335 2169
1489 2794
2469 2001
1526 3570
29 2689
997 1240
3380 1946
607 2131
3134 2775
2520 2218
1451 138
3651 2037
3242 1013
2552 1487
233 2934
536 3486
666 1133
836 3221
284 2511
3159 2979
1544 2237
3827 829
3305 1950
1472 1749
3845 935
3315 2330
1095 2395
350 2138
2745 1147
1788 1244
3870 2445
246 3578
2839 753
369 1370
1130 2967
545 3134
427 3653
2326 1196
3495 1026
1565 3523
2040 249
2163 2367
2741 3245
1274 3498
417 3937
3321 3399
408 3484
3302 3542
2490 1368
3832 1702
1566 1967
2476 70
1825 317
525 3554
3566 3660
3784 2278
917 1299
929 1565
725 2593
3951 151
38 2502
3430 1271
2669 433
2518 1816
3064 1343
942 2730
3124 3151
2573 793
2704 3404
2223 269
2926 716
2150 678
863 3463
2496 1155
3995 965
99 618
1209 1203
2866 821
572 1414
3922 984
926 3359
3797 3788
97 930
2980 88
1668 256
2125 3696
1102 3535
1903 2326
2640 678
3224 2100
2910 3442
3616 2134
1818 3598
1774 2326
205 3510
1464 1039
1416 838
3217 3515
3589 1846
2236 3181
2465 115
67 1830
1184 424
3599 618
3591 3764
2871 1613
2170 1216
3659 273
208 2653
1862 360
171 3279
128 795
647 3052
587 618
2385 1671
1166 3252
3495 2938
2386 1119
2692 893
1100 1506
3100 3325
602 638
3405 298
3218 3459
1602 3051
1540 3337
1596 3371
1627 3155
2562 2001
1325 2785
2531 1940
3718 202
3168 2704
2737 2039
3926 1313
3631 1099
2570 3509
432 1803
3194 2202
3894 3852
584 3286
293 174
1382 2918
1692 2728
2924 505
2621 2881
3178 1809
1466 2826
1633 2194
430 2540
1179 2742
3747 1608
3518 3557
2238 414
1183 1901
1888 2597
908 2925
1567 425
3598 1222
1036 3930
1790 1768
2030 1780
2500 475
1372 667
320 2749
2197 1324
2708 786
2404 1168
3739 2528
3386 984
1788 2167
1694 2020
2604 517
3986 459
953 985
774 3629
844 227
626 719
3766 3679
2686 132
2996 1049
3280 201
3540 3254
1986 3909
3100 522
2007 506
1819 1430
3850 1859
2192 585
848 1438
1350 1747
3078 381
171 2297
1399 205
3143 3199
1160 1406
1515 3081
1570 1938
1679 3895
3299 91
2229 2873
1124 3182
621 65
3116 1005
3361 3482
3534 3827
2136 2581
2688 139
915 2481
3280 2340
3770 3693
2797 3605
860 651
3397 3308
41 1398
1381 1871
1891 3668
1009 499
1693 3759
923 2723
344 525
1810 2462
1002 1777
7 1870
3053 3813
94 3990
714 1592
354 1574
496 3092
3601 926
1171 1496
3851 2073
2812 708
3951 2825
3226 3222
3277 3324
2656 1235
929 3691
3776 2273
1014 1301
1072 772
3450 1823
1490 1150
3879 2454
2354 1083
2449 345
1956 46
1718 1014
561 1464
1624 481
1332 3809
3541 2823
539 2909
1576 2694
2084 900
956 1639
170 3009
2754 482
2621 3459
566 844
596 3260
1741 3868
3892 2469
890 2427
2565 100
154 1525
2124 3371
700 2002
1445 1671
2910 3267
3291 2570
835 2273
1986 908
3406 2730
3636 1411
3191 768
879 1133
2056 3985
1078 3420
1193 3399
3724 3883
172 2527
992 2594
3488 2179
508 1879
701 3633
2778 3636
3853 2922
697 2287
2387 112
1533 494
2846 799
1862 1115
2477 1389
3448 193
3177 3516
3290 2258
2837 3191
1784 2882
804 727
935 3716
2668 715
2456 1157
3686 682
2854 3756
1539 3892
1041 1754
2728 1006
2568 3441
2833 1154
1252 3317
1305 3342
1671 1691
3068 742
942 3247
1264 2667
1994 843
2576 1229
2014 2149
3371 3021
935 2920
794 1356
613 636
1236 2188
3150 1540
1236 1103
195 2866
1635 997
2649 949
551 1638
1408 3508
2165 3545
3217 1970
6 3755
1030 1467
1549 927
1408 2528
606 2748
277 2299
515 820
517 2366
1854 2374
478 3008
1613 2952
3413 2026
3354 2797
3299 3362
3151 1418
3448 2212
1332 2798
623 1311
2083 3376
1942 1322
2743 1026
2239 2501
662 3615
2520 582
299 2106
3264 1606
2299 3844
2204 934
1320 1400
3790 2485
2642 3124
2465 3830
1953 1416
3400 3825
1672 2958
2684 3268
2470 1789
1326 1999
231 847
2886 1966
2980 130
1532 3476
2529 3966
1502 313
2377 1973
891 3024
2509 2039
3004 2386
103 384
2950 2918
3065 3139
293 2847
2033 926
2904 3767
1573 1792
1191 3155
1518 461
1737 2118
1682 3638
1341 2274
3105 2501
2297 1091
1456 3232
1162 727
1326 742
2577 3415
1114 1772
1346 2469
1185 409
982 428
3923 650
1074 3014
302 202
377 906
1415 3472
3721 1286
3254 580
508 2705
3894 2289
149 3096
3429 3883
3434 2052
735 2834
2521 2477
1980 2048
3114 2561
1553 884
1358 2386
2648 3909
2660 1564
3689 859
3597 3630
3333 3730
2486 3758
215 2806
3562 1137
643 1619
4000 839
1067 2558
3875 3142
2669 1198
2550 2207
810 723
2353 2030
3904 3455
1067 1551
3520 2902
2618 37
2463 2606
373 628
3289 450
1480 2638
1968 3409
940 3734
2362 583
3894 3196
2092 1802
1682 2136
1565 1824
