4000 4558
1 2
2 3
1 4
2 5
4 6
4 7
5 8
8 9
9 10
10 11
9 12
11 13
12 14
14 15
14 16
16 17
17 18
18 19
18 20
19 21
20 22
22 23
22 24
24 25
24 26
26 27
26 28
28 29
29 30
28 31
30 32
30 33
33 34
33 35
33 36
36 37
35 38
37 39
39 40
40 41
41 42
42 43
41 44
43 45
45 46
45 47
47 48
46 49
49 50
49 51
50 52
51 53
51 54
54 55
53 56
55 57
57 58
57 59
58 60
60 61
61 62
62 63
61 64
63 65
65 66
64 67
66 68
67 69
67 70
69 71
70 72
70 73
72 74
74 75
74 76
76 77
76 78
77 79
78 80
80 81
79 82
82 83
82 84
82 85
85 86
85 87
85 88
88 89
88 90
89 91
89 92
91 93
91 94
94 95
95 96
95 97
96 98
97 99
97 100
100 101
101 102
102 103
103 104
103 105
105 106
105 107
107 108
107 109
108 110
109 111
111 112
110 113
112 114
112 115
113 116
115 117
116 118
117 119
118 120
119 121
120 122
120 123
121 124
123 125
125 126
124 127
126 128
126 129
129 130
128 131
131 132
131 133
133 134
132 135
133 136
134 137
137 138
136 139
139 140
139 141
140 142
141 143
142 144
142 145
145 146
144 147
147 148
146 149
149 150
148 151
151 152
151 153
151 154
154 155
153 156
155 157
155 158
158 159
159 160
158 161
161 162
161 163
163 164
162 165
163 166
166 167
166 168
167 169
169 170
169 171
170 172
172 173
172 174
173 175
173 176
175 177
176 178
178 179
177 180
180 181
179 182
182 183
181 184
183 185
184 186
184 187
187 188
188 189
189 190
190 191
190 192
192 193
191 194
192 195
194 196
194 197
195 198
198 199
199 200
200 201
199 202
202 203
202 204
202 205
203 206
204 207
205 208
208 209
208 210
208 211
211 212
210 213
212 214
212 215
213 216
215 217
217 218
217 219
218 220
219 221
221 222
222 223
223 224
222 225
224 226
225 227
225 228
227 229
227 230
230 231
229 232
231 233
233 234
232 235
234 236
234 237
235 238
238 239
239 240
240 241
239 242
240 243
243 244
242 245
245 246
246 247
245 248
248 249
248 250
250 251
250 252
250 253
253 254
253 255
255 256
254 257
256 258
256 259
257 260
258 261
259 262
261 263
263 264
263 265
263 266
265 267
267 268
268 269
269 270
270 271
271 272
270 273
273 274
273 275
275 276
275 277
276 278
276 279
277 280
279 281
281 282
280 283
282 284
282 285
284 286
284 287
286 288
287 289
289 290
289 291
290 292
291 293
291 294
294 295
293 296
295 297
295 298
298 299
299 300
300 301
300 302
301 303
303 304
303 305
303 306
306 307
307 308
308 309
308 310
308 311
311 312
311 313
312 314
313 315
315 316
315 317
316 318
318 319
318 320
320 321
321 322
320 323
321 324
323 325
325 326
326 327
325 328
327 329
329 330
329 331
329 332
330 333
333 334
333 335
335 336
334 337
337 338
336 339
338 340
340 341
339 342
340 343
341 344
342 345
343 346
346 347
347 348
346 349
347 350
350 351
349 352
351 353
352 354
354 355
355 356
355 357
356 358
356 359
359 360
360 361
360 362
362 363
363 364
364 365
364 366
364 367
366 368
368 369
369 370
368 371
370 372
370 373
371 374
373 375
375 376
376 377
376 378
377 379
378 380
378 381
379 382
381 383
381 384
382 385
384 386
385 387
387 388
387 389
388 390
389 391
389 392
392 393
392 394
393 395
395 396
396 397
395 398
396 399
399 400
399 401
401 402
401 403
403 404
403 405
404 406
405 407
405 408
408 409
408 410
410 411
410 412
411 413
412 414
414 415
415 416
416 417
415 418
416 419
419 420
419 421
420 422
420 423
422 424
423 425
423 426
424 427
427 428
426 429
427 430
430 431
429 432
430 433
432 434
432 435
434 436
436 437
435 438
437 439
439 440
439 441
439 442
441 443
443 444
444 445
444 446
446 447
445 448
446 449
449 450
449 451
449 452
451 453
451 454
453 455
453 456
454 457
457 458
456 459
459 460
458 461
461 462
461 463
463 464
464 465
464 466
466 467
466 468
466 469
467 470
470 471
470 472
470 473
472 474
474 475
474 476
474 477
477 478
476 479
479 480
478 481
479 482
481 483
483 484
484 485
485 486
484 487
485 488
488 489
488 490
489 491
490 492
491 493
493 494
493 495
495 496
496 497
496 498
497 499
497 500
498 501
500 502
502 503
503 504
504 505
505 506
506 507
506 508
506 509
508 510
508 511
509 512
511 513
512 514
512 515
514 516
514 517
517 518
516 519
518 520
519 521
520 522
522 523
522 524
522 525
523 526
524 527
527 528
526 529
527 530
529 531
531 532
530 533
532 534
532 535
533 536
535 537
536 538
538 539
537 540
538 541
540 542
542 543
542 544
544 545
543 546
544 547
546 548
546 549
547 550
550 551
551 552
552 553
551 554
553 555
553 556
555 557
555 558
556 559
559 560
558 561
561 562
561 563
562 564
564 565
563 566
565 567
566 568
567 569
569 570
569 571
569 572
572 573
572 574
574 575
575 576
575 577
577 578
578 579
578 580
580 581
580 582
580 583
583 584
584 585
585 586
585 587
586 588
588 589
587 590
588 591
590 592
590 593
591 594
592 595
594 596
596 597
596 598
597 599
599 600
599 601
600 602
601 603
601 604
604 605
605 606
606 607
607 608
606 609
609 610
610 611
610 612
610 613
613 614
612 615
613 616
614 617
615 618
618 619
618 620
619 621
620 622
621 623
622 624
623 625
624 626
625 627
627 628
626 629
628 630
630 631
631 632
630 633
633 634
632 635
634 636
636 637
637 638
636 639
637 640
639 641
639 642
640 643
643 644
644 645
645 646
646 647
645 648
647 649
647 650
650 651
650 652
651 653
651 654
652 655
655 656
656 657
657 658
657 659
659 660
658 661
661 662
661 663
663 664
664 665
664 666
664 667
665 668
667 669
669 670
668 671
671 672
671 673
671 674
672 675
675 676
674 677
676 678
677 679
679 680
678 681
681 682
680 683
683 684
684 685
684 686
684 687
687 688
688 689
688 690
689 691
689 692
690 693
691 694
693 695
693 696
695 697
695 698
698 699
697 700
700 701
701 702
702 703
702 704
703 705
703 706
705 707
705 708
706 709
709 710
708 711
710 712
712 713
713 714
712 715
714 716
714 717
716 718
716 719
717 720
718 721
721 722
720 723
721 724
723 725
724 726
724 727
726 728
726 729
729 730
730 731
731 732
730 733
733 734
732 735
735 736
735 737
737 738
738 739
737 740
739 741
740 742
740 743
742 744
742 745
743 746
744 747
747 748
746 749
749 750
748 751
750 752
752 753
753 754
754 755
754 756
754 757
755 758
756 759
759 760
758 761
760 762
761 763
763 764
764 765
763 766
766 767
767 768
766 769
769 770
768 771
770 772
770 773
771 774
773 775
775 776
775 777
776 778
776 779
777 780
779 781
781 782
781 783
783 784
782 785
785 786
786 787
785 788
786 789
789 790
789 791
789 792
791 793
792 794
793 795
793 796
794 797
795 798
797 799
798 800
798 801
801 802
801 803
801 804
803 805
804 806
804 807
805 808
807 809
809 810
809 811
811 812
810 813
811 814
814 815
813 816
815 817
817 818
817 819
817 820
820 821
821 822
820 823
823 824
823 825
824 826
826 827
827 828
827 829
828 830
830 831
830 832
831 833
831 834
833 835
834 836
836 837
836 838
836 839
838 840
838 841
841 842
842 843
843 844
843 845
843 846
844 847
845 848
847 849
847 850
848 851
850 852
850 853
851 854
854 855
854 856
854 857
857 858
858 859
857 860
859 861
859 862
860 863
862 864
862 865
864 866
865 867
865 868
867 869
869 870
870 871
871 872
872 873
873 874
872 875
875 876
874 877
875 878
877 879
878 880
878 881
879 882
881 883
881 884
882 885
885 886
886 887
885 888
886 889
888 890
890 891
890 892
891 893
891 894
893 895
895 896
895 897
896 898
898 899
897 900
899 901
899 902
902 903
901 904
904 905
903 906
905 907
906 908
906 909
908 910
910 911
911 912
911 913
911 914
914 915
914 916
915 917
917 918
916 919
919 920
918 921
921 922
921 923
923 924
922 925
924 926
924 927
925 928
928 929
929 930
929 931
930 932
930 933
933 934
932 935
935 936
934 937
936 938
938 939
939 940
939 941
939 942
941 943
943 944
943 945
945 946
946 947
947 948
948 949
949 950
949 951
950 952
951 953
952 954
954 955
954 956
955 957
957 958
957 959
959 960
959 961
961 962
961 963
961 964
963 965
964 966
965 967
965 968
967 969
969 970
968 971
970 972
971 973
972 974
972 975
973 976
976 977
977 978
976 979
979 980
978 981
981 982
981 983
982 984
984 985
983 986
984 987
986 988
987 989
988 990
989 991
990 992
992 993
992 994
994 995
995 996
994 997
997 998
996 999
999 1000
999 1001
1001 1002
1000 1003
1001 1004
1002 1005
1004 1006
1005 1007
1007 1008
1006 1009
1009 1010
1010 1011
1011 1012
1012 1013
1011 1014
1012 1015
1015 1016
1016 1017
1017 1018
1018 1019
1017 1020
1018 1021
1021 1022
1020 1023
1021 1024
1022 1025
1025 1026
1026 1027
1026 1028
1026 1029
1029 1030
1030 1031
1030 1032
1031 1033
1031 1034
1034 1035
1035 1036
1035 1037
1036 1038
1038 1039
1037 1040
1038 1041
1040 1042
1041 1043
1041 1044
1043 1045
1043 1046
1044 1047
1046 1048
1048 1049
1047 1050
1049 1051
1050 1052
1052 1053
1052 1054
1052 1055
1053 1056
1055 1057
1057 1058
1058 1059
1058 1060
1058 1061
1060 1062
1061 1063
1062 1064
1062 1065
1064 1066
1065 1067
1065 1068
1068 1069
1069 1070
1069 1071
1069 1072
1072 1073
1073 1074
1073 1075
1075 1076
1074 1077
1077 1078
1076 1079
1077 1080
1080 1081
1079 1082
1080 1083
1081 1084
1084 1085
1083 1086
1085 1087
1085 1088
1087 1089
1089 1090
1089 1091
1091 1092
1091 1093
1092 1094
1094 1095
1093 1096
1096 1097
1096 1098
1096 1099
1098 1100
1099 1101
1099 1102
1101 1103
1103 1104
1104 1105
1105 1106
1106 1107
1105 1108
1108 1109
1109 1110
1109 1111
1111 1112
1110 1113
1111 1114
1114 1115
1113 1116
1115 1117
1117 1118
1116 1119
1117 1120
1120 1121
1121 1122
1122 1123
1123 1124
1123 1125
1124 1126
1126 1127
1127 1128
1128 1129
1129 1130
1129 1131
1129 1132
1132 1133
1132 1134
1134 1135
1133 1136
1135 1137
1136 1138
1136 1139
1137 1140
1138 1141
1139 1142
1142 1143
1142 1144
1144 1145
1144 1146
1146 1147
1145 1148
1146 1149
1148 1150
1149 1151
1151 1152
1151 1153
1151 1154
1154 1155
1155 1156
1154 1157
1156 1158
1158 1159
1158 1160
1160 1161
1159 1162
1161 1163
1161 1164
1164 1165
1163 1166
1166 1167
1166 1168
1166 1169
1167 1170
1169 1171
1169 1172
1172 1173
1172 1174
1173 1175
1175 1176
1176 1177
1177 1178
1176 1179
1178 1180
1180 1181
1180 1182
1181 1183
1181 1184
1182 1185
1184 1186
1186 1187
1186 1188
1187 1189
1188 1190
1188 1191
1191 1192
1192 1193
1192 1194
1193 1195
1195 1196
1195 1197
1195 1198
1197 1199
1197 1200
1199 1201
1201 1202
1202 1203
1202 1204
1202 1205
1204 1206
1206 1207
1206 1208
1208 1209
1209 1210
1209 1211
1209 1212
1210 1213
1211 1214
1214 1215
1214 1216
1215 1217
1215 1218
1217 1219
1218 1220
1218 1221
1220 1222
1221 1223
1223 1224
1222 1225
1225 1226
1225 1227
1225 1228
1228 1229
1228 1230
1229 1231
1229 1232
1231 1233
1232 1234
1233 1235
1233 1236
1236 1237
1236 1238
1238 1239
1237 1240
1238 1241
1240 1242
1240 1243
1243 1244
1242 1245
1245 1246
1244 1247
1247 1248
1246 1249
1247 1250
1250 1251
1250 1252
1252 1253
1252 1254
1254 1255
1254 1256
1255 1257
1255 1258
1257 1259
1258 1260
1258 1261
1259 1262
1261 1263
1262 1264
1263 1265
1265 1266
1265 1267
1266 1268
1268 1269
1269 1270
1270 1271
1271 1272
1270 1273
1273 1274
1274 1275
1273 1276
1275 1277
1275 1278
1276 1279
1279 1280
1278 1281
1280 1282
1280 1283
1281 1284
1282 1285
1285 1286
1284 1287
1286 1288
1287 1289
1287 1290
1288 1291
1290 1292
1290 1293
1291 1294
1292 1295
1295 1296
1295 1297
1295 1298
1298 1299
1298 1300
1299 1301
1299 1302
1300 1303
1301 1304
1304 1305
1303 1306
1305 1307
1305 1308
1306 1309
1309 1310
1310 1311
1310 1312
1312 1313
1312 1314
1313 1315
1314 1316
1314 1317
1315 1318
1318 1319
1319 1320
1320 1321
1321 1322
1321 1323
1321 1324
1323 1325
1323 1326
1325 1327
1326 1328
1326 1329
1327 1330
1328 1331
1329 1332
1330 1333
1332 1334
1332 1335
1333 1336
1335 1337
1337 1338
1337 1339
1338 1340
1340 1341
1341 1342
1340 1343
1341 1344
1342 1345
1345 1346
1346 1347
1346 1348
1348 1349
1347 1350
1349 1351
1351 1352
1350 1353
1352 1354
1353 1355
1355 1356
1355 1357
1355 1358
1356 1359
1357 1360
1358 1361
1359 1362
1362 1363
1363 1364
1362 1365
1365 1366
1366 1367
1366 1368
1367 1369
1369 1370
1370 1371
1370 1372
1370 1373
1372 1374
1374 1375
1373 1376
1374 1377
1375 1378
1378 1379
1377 1380
1380 1381
1381 1382
1382 1383
1383 1384
1382 1385
1383 1386
1386 1387
1385 1388
1388 1389
1388 1390
1388 1391
1390 1392
1392 1393
1393 1394
1393 1395
1395 1396
1394 1397
1395 1398
1398 1399
1398 1400
1400 1401
1400 1402
1400 1403
1402 1404
1404 1405
1404 1406
1406 1407
1407 1408
1406 1409
1407 1410
1410 1411
1409 1412
1411 1413
1412 1414
1412 1415
1413 1416
1415 1417
1417 1418
1418 1419
1417 1420
1419 1421
1419 1422
1420 1423
1422 1424
1423 1425
1425 1426
1426 1427
1425 1428
1428 1429
1428 1430
1428 1431
1431 1432
1432 1433
1432 1434
1432 1435
1433 1436
1434 1437
1437 1438
1436 1439
1437 1440
1438 1441
1441 1442
1441 1443
1441 1444
1443 1445
1445 1446
1446 1447
1446 1448
1446 1449
1449 1450
1450 1451
1451 1452
1452 1453
1451 1454
1454 1455
1454 1456
1456 1457
1455 1458
1457 1459
1457 1460
1458 1461
1461 1462
1460 1463
1461 1464
1462 1465
1465 1466
1464 1467
1467 1468
1466 1469
1468 1470
1469 1471
1470 1472
1472 1473
1472 1474
1473 1475
1474 1476
1475 1477
1476 1478
1477 1479
1478 1480
1479 1481
1479 1482
1482 1483
1481 1484
1483 1485
1485 1486
1484 1487
1486 1488
1487 1489
1489 1490
1489 1491
1490 1492
1490 1493
1491 1494
1494 1495
1495 1496
1495 1497
1495 1498
1498 1499
1498 1500
1499 1501
1499 1502
1502 1503
1501 1504
1503 1505
1504 1506
1506 1507
1507 1508
1507 1509
1507 1510
1508 1511
1511 1512
1511 1513
1512 1514
1514 1515
1514 1516
1514 1517
1515 1518
1516 1519
1519 1520
1520 1521
1521 1522
1522 1523
1522 1524
1522 1525
1524 1526
1524 1527
1525 1528
1528 1529
1527 1530
1530 1531
1529 1532
1530 1533
1531 1534
1534 1535
1534 1536
1536 1537
1537 1538
1537 1539
1538 1540
1538 1541
1541 1542
1540 1543
1543 1544
1544 1545
1545 1546
1545 1547
1545 1548
1547 1549
1547 1550
1550 1551
1550 1552
1550 1553
1551 1554
1553 1555
1554 1556
1554 1557
1556 1558
1556 1559
1558 1560
1560 1561
1561 1562
1561 1563
1563 1564
1563 1565
1565 1566
1564 1567
1566 1568
1566 1569
1567 1570
1568 1571
1571 1572
1570 1573
1571 1574
1573 1575
1575 1576
1575 1577
1577 1578
1576 1579
1579 1580
1578 1581
1579 1582
1582 1583
1582 1584
1584 1585
1583 1586
1584 1587
1587 1588
1587 1589
1588 1590
1590 1591
1591 1592
1591 1593
1592 1594
1594 1595
1593 1596
1596 1597
1595 1598
1598 1599
1599 1600
1599 1601
1601 1602
1600 1603
1601 1604
1602 1605
1604 1606
1606 1607
1605 1608
1607 1609
1609 1610
1608 1611
1609 1612
1612 1613
1611 1614
1613 1615
1613 1616
1616 1617
1617 1618
1616 1619
1618 1620
1620 1621
1620 1622
1620 1623
1623 1624
1622 1625
1624 1626
1624 1627
1627 1628
1626 1629
1628 1630
1628 1631
1631 1632
1631 1633
1632 1634
1634 1635
1633 1636
1635 1637
1636 1638
1638 1639
1637 1640
1640 1641
1640 1642
1640 1643
1643 1644
1642 1645
1644 1646
1644 1647
1647 1648
1646 1649
1648 1650
1648 1651
1649 1652
1650 1653
1652 1654
1654 1655
1654 1656
1655 1657
1657 1658
1656 1659
1659 1660
1658 1661
1661 1662
1661 1663
1663 1664
1663 1665
1663 1666
1665 1667
1667 1668
1668 1669
1668 1670
1668 1671
1671 1672
1670 1673
1672 1674
1672 1675
1673 1676
1676 1677
1676 1678
1676 1679
1678 1680
1678 1681
1681 1682
1681 1683
1681 1684
1683 1685
1685 1686
1685 1687
1687 1688
1686 1689
1687 1690
1689 1691
1690 1692
1692 1693
1693 1694
1692 1695
1695 1696
1696 1697
1696 1698
1697 1699
1697 1700
1699 1701
1701 1702
1701 1703
1703 1704
1702 1705
1704 1706
1706 1707
1707 1708
1708 1709
1708 1710
1708 1711
1709 1712
1712 1713
1712 1714
1712 1715
1714 1716
1714 1717
1715 1718
1718 1719
1718 1720
1720 1721
1720 1722
1721 1723
1722 1724
1723 1725
1724 1726
1726 1727
1726 1728
1726 1729
1729 1730
1730 1731
1729 1732
1731 1733
1732 1734
1734 1735
1733 1736
1734 1737
1735 1738
1736 1739
1739 1740
1740 1741
1739 1742
1740 1743
1742 1744
1744 1745
1744 1746
1745 1747
1745 1748
1747 1749
1749 1750
1749 1751
1749 1752
1752 1753
1751 1754
1754 1755
1755 1756
1755 1757
1757 1758
1758 1759
1758 1760
1759 1761
1761 1762
1762 1763
1761 1764
1764 1765
1765 1766
1766 1767
1765 1768
1766 1769
1769 1770
1770 1771
1771 1772
1771 1773
1771 1774
1772 1775
1773 1776
1776 1777
1776 1778
1776 1779
1777 1780
1778 1781
1781 1782
1781 1783
1783 1784
1782 1785
1784 1786
1784 1787
1786 1788
1788 1789
1789 1790
1790 1791
1789 1792
1791 1793
1792 1794
1793 1795
1795 1796
1796 1797
1796 1798
1796 1799
1797 1800
1799 1801
1799 1802
1802 1803
1803 1804
1802 1805
1804 1806
1804 1807
1806 1808
1806 1809
1808 1810
1808 1811
1811 1812
1810 1813
1811 1814
1814 1815
1815 1816
1816 1817
1816 1818
1817 1819
1819 1820
1820 1821
1821 1822
1820 1823
1822 1824
1822 1825
1823 1826
1824 1827
1827 1828
1828 1829
1827 1830
1830 1831
1831 1832
1830 1833
1833 1834
1832 1835
1835 1836
1836 1837
1835 1838
1836 1839
1839 1840
1839 1841
1839 1842
1842 1843
1841 1844
1842 1845
1844 1846
1844 1847
1846 1848
1847 1849
1848 1850
1850 1851
1851 1852
1850 1853
1852 1854
1854 1855
1855 1856
1856 1857
1856 1858
1856 1859
1859 1860
1860 1861
1860 1862
1862 1863
1862 1864
1864 1865
1864 1866
1865 1867
1865 1868
1868 1869
1867 1870
1868 1871
1869 1872
1872 1873
1872 1874
1872 1875
1874 1876
1874 1877
1877 1878
1878 1879
1877 1880
1878 1881
1881 1882
1882 1883
1881 1884
1883 1885
1884 1886
1884 1887
1887 1888
1887 1889
1887 1890
1889 1891
1889 1892
1890 1893
1891 1894
1894 1895
1893 1896
1895 1897
1896 1898
1896 1899
1899 1900
1898 1901
1901 1902
1900 1903
1901 1904
1904 1905
1904 1906
1904 1907
1907 1908
1907 1909
1909 1910
1908 1911
1911 1912
1912 1913
1913 1914
1913 1915
1913 1916
1914 1917
1917 1918
1918 1919
1919 1920
1918 1921
1920 1922
1920 1923
1921 1924
1924 1925
1924 1926
1925 1927
1927 1928
1928 1929
1928 1930
1928 1931
1931 1932
1930 1933
1931 1934
1933 1935
1933 1936
1935 1937
1937 1938
1938 1939
1938 1940
1938 1941
1940 1942
1942 1943
1941 1944
1943 1945
1944 1946
1945 1947
1945 1948
1947 1949
1949 1950
1949 1951
1949 1952
1950 1953
1953 1954
1954 1955
1954 1956
1954 1957
1957 1958
1957 1959
1957 1960
1958 1961
1960 1962
1962 1963
1962 1964
1964 1965
1964 1966
1965 1967
1966 1968
1966 1969
1968 1970
1968 1971
1969 1972
1971 1973
1971 1974
1973 1975
1975 1976
1975 1977
1976 1978
1976 1979
1979 1980
1979 1981
1980 1982
1982 1983
1982 1984
1984 1985
1985 1986
1985 1987
1986 1988
1986 1989
1989 1990
1989 1991
1991 1992
1990 1993
1992 1994
1993 1995
1994 1996
1995 1997
1996 1998
1997 1999
1998 2000
1998 2001
2001 2002
2002 2003
2002 2004
2003 2005
2003 2006
2004 2007
2005 2008
2006 2009
2009 2010
2009 2011
2009 2012
2012 2013
2012 2014
2013 2015
2013 2016
2015 2017
2015 2018
2016 2019
2018 2020
2019 2021
2021 2022
2020 2023
2023 2024
2023 2025
2025 2026
2024 2027
2026 2028
2026 2029
2029 2030
2028 2031
2031 2032
2030 2033
2033 2034
2034 2035
2035 2036
2035 2037
2036 2038
2038 2039
2039 2040
2039 2041
2040 2042
2042 2043
2042 2044
2043 2045
2043 2046
2045 2047
2046 2048
2048 2049
2048 2050
2049 2051
2049 2052
2050 2053
2052 2054
2053 2055
2054 2056
2055 2057
2055 2058
2057 2059
2057 2060
2058 2061
2061 2062
2061 2063
2063 2064
2064 2065
2064 2066
2064 2067
2065 2068
2068 2069
2069 2070
2070 2071
2070 2072
2071 2073
2072 2074
2074 2075
2073 2076
2074 2077
2077 2078
2078 2079
2077 2080
2078 2081
2080 2082
2082 2083
2083 2084
2082 2085
2085 2086
2085 2087
2086 2088
2086 2089
2088 2090
2088 2091
2090 2092
2090 2093
2092 2094
2094 2095
2095 2096
2094 2097
2096 2098
2097 2099
2099 2100
2098 2101
2101 2102
2102 2103
2102 2104
2104 2105
2105 2106
2104 2107
2105 2108
2106 2109
2109 2110
2108 2111
2111 2112
2110 2113
2113 2114
2112 2115
2115 2116
2116 2117
2115 2118
2117 2119
2118 2120
2120 2121
2119 2122
2121 2123
2123 2124
2123 2125
2123 2126
2124 2127
2126 2128
2127 2129
2128 2130
2129 2131
2129 2132
2131 2133
2132 2134
2133 2135
2133 2136
2135 2137
2136 2138
2138 2139
2137 2140
2138 2141
2139 2142
2141 2143
2143 2144
2142 2145
2143 2146
2144 2147
2146 2148
2148 2149
2148 2150
2148 2151
2151 2152
2150 2153
2152 2154
2153 2155
2155 2156
2156 2157
2156 2158
2158 2159
2157 2160
2159 2161
2159 2162
2162 2163
2162 2164
2164 2165
2165 2166
2165 2167
2166 2168
2166 2169
2168 2170
2170 2171
2170 2172
2170 2173
2171 2174
2173 2175
2173 2176
2176 2177
2176 2178
2176 2179
2177 2180
2179 2181
2179 2182
2182 2183
2183 2184
2184 2185
2184 2186
2186 2187
2185 2188
2187 2189
2188 2190
2189 2191
2191 2192
2192 2193
2191 2194
2193 2195
2194 2196
2195 2197
2196 2198
2197 2199
2197 2200
2200 2201
2200 2202
2200 2203
2201 2204
2202 2205
2205 2206
2205 2207
2205 2208
2206 2209
2209 2210
2209 2211
2209 2212
2210 2213
2213 2214
2212 2215
2215 2216
2216 2217
2217 2218
2216 2219
2217 2220
2219 2221
2221 2222
2222 2223
2223 2224
2222 2225
2225 2226
2224 2227
2227 2228
2226 2229
2227 2230
2228 2231
2231 2232
2232 2233
2232 2234
2234 2235
2234 2236
2235 2237
2235 2238
2237 2239
2239 2240
2239 2241
2240 2242
2242 2243
2242 2244
2244 2245
2244 2246
2245 2247
2247 2248
2247 2249
2248 2250
2249 2251
2249 2252
2250 2253
2253 2254
2252 2255
2255 2256
2255 2257
2255 2258
2256 2259
2257 2260
2259 2261
2259 2262
2261 2263
2263 2264
2263 2265
2264 2266
2264 2267
2265 2268
2266 2269
2267 2270
2270 2271
2269 2272
2270 2273
2273 2274
2272 2275
2275 2276
2276 2277
2277 2278
2276 2279
2277 2280
2279 2281
2281 2282
2282 2283
2283 2284
2284 2285
2285 2286
2286 2287
2286 2288
2286 2289
2287 2290
2290 2291
2290 2292
2292 2293
2291 2294
2292 2295
2295 2296
2296 2297
2295 2298
2297 2299
2297 2300
2298 2301
2299 2302
2302 2303
2302 2304
2303 2305
2303 2306
2305 2307
2307 2308
2306 2309
2307 2310
2309 2311
2311 2312
2310 2313
2313 2314
2312 2315
2313 2316
2314 2317
2316 2318
2318 2319
2319 2320
2319 2321
2321 2322
2322 2323
2321 2324
2323 2325
2325 2326
2325 2327
2327 2328
2328 2329
2327 2330
2328 2331
2329 2332
2332 2333
2331 2334
2333 2335
2334 2336
2336 2337
2336 2338
2336 2339
2338 2340
2338 2341
2339 2342
2342 2343
2342 2344
2342 2345
2343 2346
2346 2347
2346 2348
2347 2349
2348 2350
2349 2351
2351 2352
2350 2353
2353 2354
2353 2355
2355 2356
2355 2357
2355 2358
2356 2359
2358 2360
2359 2361
2360 2362
2360 2363
2361 2364
2362 2365
2363 2366
2364 2367
2367 2368
2367 2369
2369 2370
2370 2371
2369 2372
2372 2373
2372 2374
2373 2375
2375 2376
2376 2377
2376 2378
2378 2379
2379 2380
2378 2381
2381 2382
2381 2383
2381 2384
2383 2385
2385 2386
2386 2387
2387 2388
2388 2389
2389 2390
2388 2391
2391 2392
2390 2393
2393 2394
2393 2395
2394 2396
2396 2397
2396 2398
2398 2399
2398 2400
2398 2401
2401 2402
2400 2403
2402 2404
2402 2405
2404 2406
2406 2407
2407 2408
2407 2409
2408 2410
2409 2411
2409 2412
2410 2413
2413 2414
2412 2415
2413 2416
2414 2417
2417 2418
2416 2419
2419 2420
2420 2421
2421 2422
2421 2423
2422 2424
2422 2425
2425 2426
2425 2427
2426 2428
2428 2429
2427 2430
2428 2431
2429 2432
2430 2433
2431 2434
2432 2435
2433 2436
2434 2437
2435 2438
2437 2439
2438 2440
2439 2441
2441 2442
2441 2443
2443 2444
2442 2445
2443 2446
2445 2447
2446 2448
2447 2449
2449 2450
2450 2451
2450 2452
2452 2453
2451 2454
2452 2455
2454 2456
2455 2457
2455 2458
2456 2459
2459 2460
2460 2461
2460 2462
2461 2463
2461 2464
2464 2465
2464 2466
2464 2467
2465 2468
2467 2469
2469 2470
2470 2471
2471 2472
2471 2473
2471 2474
2474 2475
2474 2476
2476 2477
2477 2478
2476 2479
2479 2480
2480 2481
2480 2482
2480 2483
2483 2484
2483 2485
2484 2486
2485 2487
2485 2488
2487 2489
2487 2490
2490 2491
2489 2492
2492 2493
2493 2494
2493 2495
2495 2496
2496 2497
2495 2498
2497 2499
2498 2500
2499 2501
2500 2502
2500 2503
2503 2504
2504 2505
2504 2506
2505 2507
2507 2508
2506 2509
2509 2510
2509 2511
2511 2512
2511 2513
2513 2514
2512 2515
2515 2516
2515 2517
2516 2518
2518 2519
2519 2520
2520 2521
2519 2522
2520 2523
2523 2524
2522 2525
2524 2526
2526 2527
2527 2528
2528 2529
2527 2530
2529 2531
2531 2532
2530 2533
2532 2534
2533 2535
2535 2536
2535 2537
2537 2538
2538 2539
2539 2540
2540 2541
2541 2542
2540 2543
2541 2544
2543 2545
2543 2546
2544 2547
2545 2548
2547 2549
2549 2550
2550 2551
2550 2552
2552 2553
2553 2554
2554 2555
2555 2556
2555 2557
2557 2558
2558 2559
2558 2560
2560 2561
2560 2562
2561 2563
2563 2564
2564 2565
2563 2566
2564 2567
2567 2568
2566 2569
2568 2570
2569 2571
2569 2572
2570 2573
2573 2574
2573 2575
2573 2576
2575 2577
2577 2578
2576 2579
2577 2580
2578 2581
2581 2582
2582 2583
2583 2584
2582 2585
2584 2586
2585 2587
2586 2588
2588 2589
2587 2590
2589 2591
2590 2592
2591 2593
2591 2594
2594 2595
2594 2596
2594 2597
2597 2598
2597 2599
2599 2600
2600 2601
2600 2602
2600 2603
2601 2604
2602 2605
2604 2606
2606 2607
2605 2608
2606 2609
2607 2610
2608 2611
2610 2612
2612 2613
2611 2614
2612 2615
2614 2616
2616 2617
2616 2618
2618 2619
2618 2620
2620 2621
2621 2622
2622 2623
2621 2624
2622 2625
2624 2626
2626 2627
2627 2628
2627 2629
2629 2630
2630 2631
2630 2632
2631 2633
2632 2634
2633 2635
2633 2636
2635 2637
2636 2638
2638 2639
2639 2640
2639 2641
2640 2642
2640 2643
2643 2644
2643 2645
2643 2646
2645 2647
2645 2648
2647 2649
2649 2650
2649 2651
2650 2652
2650 2653
2653 2654
2653 2655
2655 2656
2655 2657
2655 2658
2658 2659
2659 2660
2659 2661
2659 2662
2660 2663
2661 2664
2663 2665
2663 2666
2665 2667
2667 2668
2667 2669
2669 2670
2668 2671
2671 2672
2670 2673
2671 2674
2674 2675
2674 2676
2674 2677
2677 2678
2678 2679
2678 2680
2679 2681
2681 2682
2680 2683
2682 2684
2684 2685
2684 2686
2686 2687
2687 2688
2688 2689
2689 2690
2690 2691
2691 2692
2690 2693
2691 2694
2694 2695
2693 2696
2696 2697
2695 2698
2696 2699
2698 2700
2700 2701
2701 2702
2700 2703
2702 2704
2703 2705
2704 2706
2705 2707
2705 2708
2707 2709
2708 2710
2710 2711
2711 2712
2711 2713
2712 2714
2712 2715
2715 2716
2715 2717
2716 2718
2717 2719
2717 2720
2720 2721
2719 2722
2721 2723
2723 2724
2722 2725
2723 2726
2726 2727
2725 2728
2727 2729
2729 2730
2728 2731
2730 2732
2730 2733
2731 2734
2734 2735
2734 2736
2736 2737
2736 2738
2737 2739
2738 2740
2740 2741
2741 2742
2741 2743
2741 2744
2742 2745
2744 2746
2746 2747
2747 2748
2746 2749
2749 2750
2748 2751
2750 2752
2750 2753
2752 2754
2753 2755
2753 2756
2755 2757
2756 2758
2758 2759
2758 2760
2758 2761
2761 2762
2761 2763
2762 2764
2762 2765
2765 2766
2765 2767
2767 2768
2768 2769
2769 2770
2768 2771
2769 2772
2770 2773
2773 2774
2773 2775
2774 2776
2776 2777
2775 2778
2776 2779
2777 2780
2778 2781
2781 2782
2781 2783
2782 2784
2783 2785
2783 2786
2786 2787
2787 2788
2788 2789
2789 2790
2788 2791
2790 2792
2792 2793
2792 2794
2794 2795
2794 2796
2795 2797
2797 2798
2798 2799
2798 2800
2800 2801
2799 2802
2800 2803
2803 2804
2804 2805
2803 2806
2806 2807
2805 2808
2806 2809
2808 2810
2810 2811
2809 2812
2811 2813
2812 2814
2812 2815
2815 2816
2814 2817
2817 2818
2818 2819
2818 2820
2818 2821
2821 2822
2822 2823
2821 2824
2824 2825
2825 2826
2826 2827
2827 2828
2827 2829
2827 2830
2829 2831
2829 2832
2830 2833
2833 2834
2833 2835
2834 2836
2835 2837
2837 2838
2836 2839
2837 2840
2839 2841
2841 2842
2840 2843
2843 2844
2843 2845
2844 2846
2844 2847
2847 2848
2847 2849
2848 2850
2848 2851
2851 2852
2851 2853
2853 2854
2853 2855
2854 2856
2854 2857
2856 2858
2856 2859
2857 2860
2859 2861
2860 2862
2861 2863
2862 2864
2863 2865
2864 2866
2866 2867
2865 2868
2868 2869
2868 2870
2869 2871
2871 2872
2871 2873
2873 2874
2874 2875
2875 2876
2876 2877
2877 2878
2876 2879
2878 2880
2878 2881
2879 2882
2880 2883
2881 2884
2883 2885
2884 2886
2884 2887
2885 2888
2888 2889
2887 2890
2890 2891
2891 2892
2892 2893
2893 2894
2893 2895
2895 2896
2895 2897
2897 2898
2898 2899
2897 2900
2900 2901
2899 2902
2901 2903
2903 2904
2902 2905
2904 2906
2906 2907
2905 2908
2908 2909
2907 2910
2908 2911
2911 2912
2911 2913
2912 2914
2914 2915
2913 2916
2914 2917
2915 2918
2918 2919
2917 2920
2920 2921
2921 2922
2922 2923
2923 2924
2924 2925
2924 2926
2924 2927
2925 2928
2927 2929
2928 2930
2930 2931
2931 2932
2932 2933
2933 2934
2932 2935
2934 2936
2936 2937
2936 2938
2937 2939
2938 2940
2940 2941
2939 2942
2941 2943
2942 2944
2942 2945
2943 2946
2945 2947
2946 2948
2946 2949
2947 2950
2948 2951
2949 2952
2952 2953
2953 2954
2953 2955
2953 2956
2956 2957
2955 2958
2958 2959
2957 2960
2960 2961
2959 2962
2960 2963
2961 2964
2964 2965
2965 2966
2965 2967
2965 2968
2968 2969
2969 2970
2969 2971
2971 2972
2970 2973
2973 2974
2974 2975
2974 2976
2975 2977
2976 2978
2976 2979
2977 2980
2978 2981
2981 2982
2980 2983
2982 2984
2984 2985
2985 2986
2985 2987
2985 2988
2987 2989
2987 2990
2988 2991
2991 2992
2992 2993
2993 2994
2994 2995
2994 2996
2995 2997
2997 2998
2997 2999
2997 3000
3000 3001
2999 3002
3001 3003
3003 3004
3003 3005
3003 3006
3004 3007
3007 3008
3008 3009
3008 3010
3008 3011
3009 3012
3010 3013
3013 3014
3014 3015
3013 3016
3016 3017
3017 3018
3016 3019
3017 3020
3019 3021
3021 3022
3021 3023
3021 3024
3024 3025
3023 3026
3026 3027
3027 3028
3027 3029
3027 3030
3028 3031
3030 3032
3032 3033
3032 3034
3034 3035
3034 3036
3034 3037
3035 3038
3036 3039
3037 3040
3038 3041
3039 3042
3040 3043
3041 3044
3043 3045
3045 3046
3044 3047
3046 3048
3047 3049
3047 3050
3049 3051
3051 3052
3052 3053
3053 3054
3054 3055
3053 3056
3054 3057
3056 3058
3057 3059
3057 3060
3059 3061
3059 3062
3060 3063
3062 3064
3063 3065
3064 3066
3066 3067
3067 3068
3066 3069
3067 3070
3068 3071
3069 3072
3070 3073
3072 3074
3072 3075
3075 3076
3076 3077
3075 3078
3077 3079
3079 3080
3079 3081
3080 3082
3082 3083
3081 3084
3082 3085
3085 3086
3086 3087
3085 3088
3087 3089
3088 3090
3088 3091
3090 3092
3091 3093
3093 3094
3093 3095
3095 3096
3095 3097
3096 3098
3098 3099
3099 3100
3098 3101
3100 3102
3100 3103
3101 3104
3104 3105
3104 3106
3106 3107
3105 3108
3107 3109
3109 3110
3108 3111
3110 3112
3112 3113
3112 3114
3114 3115
3114 3116
3115 3117
3117 3118
3116 3119
3119 3120
3119 3121
3121 3122
3121 3123
3121 3124
3123 3125
3124 3126
3125 3127
3125 3128
3128 3129
3127 3130
3130 3131
3130 3132
3131 3133
3132 3134
3132 3135
3135 3136
3136 3137
3136 3138
3138 3139
3138 3140
3138 3141
3139 3142
3141 3143
3141 3144
3143 3145
3144 3146
3146 3147
3146 3148
3148 3149
3148 3150
3149 3151
3151 3152
3152 3153
3151 3154
3152 3155
3154 3156
3154 3157
3157 3158
3157 3159
3157 3160
3158 3161
3159 3162
3162 3163
3162 3164
3164 3165
3165 3166
3166 3167
3166 3168
3168 3169
3167 3170
3168 3171
3171 3172
3172 3173
3171 3174
3173 3175
3175 3176
3175 3177
3177 3178
3176 3179
3179 3180
3178 3181
3179 3182
3181 3183
3181 3184
3183 3185
3183 3186
3184 3187
3187 3188
3186 3189
3187 3190
3190 3191
3190 3192
3192 3193
3192 3194
3193 3195
3195 3196
3195 3197
3196 3198
3198 3199
3199 3200
3198 3201
3199 3202
3200 3203
3202 3204
3202 3205
3204 3206
3206 3207
3207 3208
3207 3209
3208 3210
3209 3211
3209 3212
3210 3213
3213 3214
3213 3215
3215 3216
3216 3217
3217 3218
3217 3219
3217 3220
3220 3221
3219 3222
3222 3223
3222 3224
3223 3225
3223 3226
3225 3227
3227 3228
3226 3229
3227 3230
3229 3231
3231 3232
3232 3233
3231 3234
3232 3235
3235 3236
3236 3237
3236 3238
3236 3239
3238 3240
3239 3241
3240 3242
3241 3243
3242 3244
3243 3245
3244 3246
3244 3247
3245 3248
3246 3249
3247 3250
3248 3251
3251 3252
3252 3253
3253 3254
3253 3255
3254 3256
3256 3257
3257 3258
3258 3259
3257 3260
3260 3261
3260 3262
3261 3263
3261 3264
3264 3265
3265 3266
3266 3267
3267 3268
3266 3269
3267 3270
3269 3271
3269 3272
3271 3273
3273 3274
3274 3275
3273 3276
3276 3277
3277 3278
3278 3279
3279 3280
3279 3281
3279 3282
3282 3283
3281 3284
3283 3285
3283 3286
3284 3287
3286 3288
3287 3289
3287 3290
3290 3291
3290 3292
3290 3293
3293 3294
3292 3295
3295 3296
3296 3297
3297 3298
3296 3299
3297 3300
3299 3301
3299 3302
3301 3303
3302 3304
3302 3305
3303 3306
3305 3307
3305 3308
3308 3309
3309 3310
3310 3311
3309 3312
3312 3313
3311 3314
3314 3315
3314 3316
3316 3317
3316 3318
3317 3319
3317 3320
3320 3321
3320 3322
3320 3323
3322 3324
3324 3325
3324 3326
3326 3327
3327 3328
3328 3329
3328 3330
3329 3331
3329 3332
3332 3333
3332 3334
3332 3335
3335 3336
3335 3337
3336 3338
3337 3339
3338 3340
3338 3341
3340 3342
3342 3343
3341 3344
3342 3345
3344 3346
3344 3347
3346 3348
3348 3349
3349 3350
3349 3351
3350 3352
3350 3353
3353 3354
3352 3355
3355 3356
3354 3357
3356 3358
3358 3359
3357 3360
3358 3361
3360 3362
3362 3363
3361 3364
3364 3365
3363 3366
3365 3367
3366 3368
3368 3369
3369 3370
3370 3371
3371 3372
3370 3373
3372 3374
3372 3375
3375 3376
3375 3377
3377 3378
3378 3379
3379 3380
3378 3381
3380 3382
3381 3383
3381 3384
3383 3385
3384 3386
3385 3387
3387 3388
3387 3389
3387 3390
3388 3391
3391 3392
3392 3393
3392 3394
3392 3395
3393 3396
3396 3397
3396 3398
3397 3399
3397 3400
3399 3401
3400 3402
3400 3403
3403 3404
3402 3405
3404 3406
3404 3407
3407 3408
3408 3409
3409 3410
3410 3411
3411 3412
3410 3413
3413 3414
3413 3415
3414 3416
3414 3417
3416 3418
3416 3419
3419 3420
3420 3421
3421 3422
3420 3423
3422 3424
3423 3425
3424 3426
3426 3427
3427 3428
3426 3429
3427 3430
3428 3431
3430 3432
3430 3433
3433 3434
3434 3435
3435 3436
3436 3437
3436 3438
3437 3439
3437 3440
3440 3441
3439 3442
3441 3443
3441 3444
3442 3445
3444 3446
3446 3447
3445 3448
3446 3449
3447 3450
3449 3451
3451 3452
3452 3453
3452 3454
3453 3455
3455 3456
3456 3457
3457 3458
3457 3459
3458 3460
3460 3461
3459 3462
3460 3463
3461 3464
3464 3465
3464 3466
3464 3467
3467 3468
3467 3469
3469 3470
3469 3471
3471 3472
3470 3473
3471 3474
3473 3475
3473 3476
3475 3477
3477 3478
3476 3479
3479 3480
3478 3481
3481 3482
3480 3483
3482 3484
3484 3485
3484 3486
3486 3487
3486 3488
3488 3489
3489 3490
3489 3491
3489 3492
3491 3493
3493 3494
3494 3495
3494 3496
3496 3497
3497 3498
3498 3499
3497 3500
3498 3501
3500 3502
3500 3503
3502 3504
3503 3505
3504 3506
3504 3507
3506 3508
3507 3509
3507 3510
3509 3511
3510 3512
3511 3513
3511 3514
3512 3515
3514 3516
3516 3517
3517 3518
3516 3519
3519 3520
3518 3521
3521 3522
3521 3523
3523 3524
3522 3525
3525 3526
3525 3527
3527 3528
3526 3529
3528 3530
3530 3531
3529 3532
3531 3533
3532 3534
3533 3535
3535 3536
3536 3537
3536 3538
3536 3539
3539 3540
3539 3541
3541 3542
3542 3543
3542 3544
3542 3545
3543 3546
3546 3547
3546 3548
3547 3549
3549 3550
3549 3551
3549 3552
3551 3553
3552 3554
3553 3555
3555 3556
3556 3557
3555 3558
3556 3559
3559 3560
3559 3561
3561 3562
3560 3563
3563 3564
3564 3565
3564 3566
3565 3567
3566 3568
3567 3569
3568 3570
3569 3571
3569 3572
3571 3573
3573 3574
3574 3575
3573 3576
3575 3577
3575 3578
3576 3579
3578 3580
3580 3581
3580 3582
3580 3583
3583 3584
3582 3585
3583 3586
3585 3587
3585 3588
3587 3589
3589 3590
3588 3591
3589 3592
3591 3593
3592 3594
3592 3595
3594 3596
3596 3597
3597 3598
3598 3599
3598 3600
3598 3601
3600 3602
3601 3603
3603 3604
3604 3605
3603 3606
3604 3607
3606 3608
3607 3609
3609 3610
3609 3611
3611 3612
3610 3613
3612 3614
3614 3615
3613 3616
3616 3617
3615 3618
3617 3619
3618 3620
3620 3621
3620 3622
3621 3623
3623 3624
3623 3625
3625 3626
3624 3627
3625 3628
3626 3629
3629 3630
3629 3631
3631 3632
3632 3633
3632 3634
3633 3635
3635 3636
3635 3637
3637 3638
3638 3639
3637 3640
3640 3641
3639 3642
3642 3643
3641 3644
3643 3645
3644 3646
3644 3647
3645 3648
3648 3649
3647 3650
3648 3651
3651 3652
3652 3653
3651 3654
3652 3655
3653 3656
3656 3657
3657 3658
3658 3659
3658 3660
3660 3661
3659 3662
3662 3663
3661 3664
3663 3665
3663 3666
3666 3667
3666 3668
3668 3669
3667 3670
3669 3671
3671 3672
3670 3673
3673 3674
3672 3675
3674 3676
3675 3677
3677 3678
3676 3679
3677 3680
3680 3681
3679 3682
3680 3683
3683 3684
3684 3685
3684 3686
3684 3687
3685 3688
3687 3689
3689 3690
3689 3691
3691 3692
3690 3693
3693 3694
3693 3695
3693 3696
3694 3697
3697 3698
3696 3699
3699 3700
3698 3701
3700 3702
3701 3703
3703 3704
3703 3705
3704 3706
3704 3707
3706 3708
3708 3709
3707 3710
3709 3711
3710 3712
3710 3713
3712 3714
3714 3715
3714 3716
3716 3717
3717 3718
3718 3719
3719 3720
3720 3721
3721 3722
3720 3723
3723 3724
3722 3725
3723 3726
3726 3727
3726 3728
3726 3729
3727 3730
3728 3731
3731 3732
3731 3733
3733 3734
3734 3735
3733 3736
3734 3737
3736 3738
3738 3739
3739 3740
3739 3741
3740 3742
3740 3743
3741 3744
3743 3745
3744 3746
3746 3747
3746 3748
3748 3749
3749 3750
3748 3751
3750 3752
3752 3753
3753 3754
3752 3755
3754 3756
3756 3757
3757 3758
3757 3759
3759 3760
3759 3761
3760 3762
3760 3763
3761 3764
3764 3765
3763 3766
3764 3767
3765 3768
3766 3769
3767 3770
3768 3771
3769 3772
3771 3773
3773 3774
3772 3775
3774 3776
3775 3777
3775 3778
3777 3779
3779 3780
3780 3781
3781 3782
3781 3783
3782 3784
3784 3785
3783 3786
3784 3787
3786 3788
3787 3789
3787 3790
3788 3791
3789 3792
3791 3793
3793 3794
3794 3795
3793 3796
3796 3797
3797 3798
3798 3799
3797 3800
3798 3801
3801 3802
3801 3803
3801 3804
3803 3805
3804 3806
3806 3807
3807 3808
3808 3809
3807 3810
3809 3811
3811 3812
3811 3813
3813 3814
3812 3815
3813 3816
3814 3817
3817 3818
3818 3819
3818 3820
3818 3821
3819 3822
3821 3823
3823 3824
3824 3825
3823 3826
3825 3827
3827 3828
3827 3829
3829 3830
3829 3831
3831 3832
3831 3833
3833 3834
3834 3835
3833 3836
3836 3837
3835 3838
3837 3839
3837 3840
3839 3841
3839 3842
3842 3843
3841 3844
3843 3845
3843 3846
3845 3847
3845 3848
3847 3849
3848 3850
3849 3851
3850 3852
3851 3853
3853 3854
3854 3855
3853 3856
3856 3857
3855 3858
3857 3859
3857 3860
3859 3861
3859 3862
3860 3863
3861 3864
3863 3865
3863 3866
3865 3867
3866 3868
3868 3869
3868 3870
3870 3871
3869 3872
3870 3873
3871 3874
3874 3875
3875 3876
3875 3877
3877 3878
3878 3879
3878 3880
3880 3881
3880 3882
3881 3883
3881 3884
3882 3885
3883 3886
3886 3887
3885 3888
3888 3889
3888 3890
3890 3891
3890 3892
3891 3893
3891 3894
3892 3895
3893 3896
3894 3897
3897 3898
3897 3899
3897 3900
3900 3901
3901 3902
3902 3903
3903 3904
3904 3905
3904 3906
3904 3907
3906 3908
3907 3909
3909 3910
3908 3911
3909 3912
3911 3913
3911 3914
3914 3915
3915 3916
3915 3917
3915 3918
3918 3919
3918 3920
3919 3921
3921 3922
3921 3923
3923 3924
3924 3925
3923 3926
3926 3927
3926 3928
3926 3929
3929 3930
3928 3931
3929 3932
3930 3933
3932 3934
3933 3935
3933 3936
3934 3937
3937 3938
3938 3939
3937 3940
3939 3941
3941 3942
3941 3943
3942 3944
3943 3945
3944 3946
3944 3947
3945 3948
3948 3949
3948 3950
3948 3951
3951 3952
3951 3953
3952 3954
3952 3955
3955 3956
3955 3957
3956 3958
3958 3959
3958 3960
3958 3961
3960 3962
3962 3963
3962 3964
3964 3965
3964 3966
3966 3967
3967 3968
3968 3969
3967 3970
3968 3971
3970 3972
3972 3973
3972 3974
3974 3975
3973 3976
3976 3977
3975 3978
3978 3979
3977 3980
3979 3981
3980 3982
3981 3983
3983 3984
3982 3985
3983 3986
3986 3987
3985 3988
3988 3989
3988 3990
3988 3991
3989 3992
3990 3993
3991 3994
3992 3995
3993 3996
3994 3997
3997 3998
3996 3999
3997 4000
3993 2478
961 2864
245 3953
3261 3162
3295 1544
1003 3898
797 3694
1447 2923
2004 2419
3382 2386
1638 1395
2498 1530
742 1104
1561 2889
1779 2725
2282 2777
1093 1890
3053 1055
1002 1115
1647 921
719 3272
2027 1551
632 971
3694 2680
3054 3097
437 444
1801 2904
3161 2148
1460 1890
488 1223
3709 3752
2585 3338
1613 1656
1272 2827
2595 3770
1358 1630
813 1276
399 1984
432 511
1282 560
3598 1409
1392 1029
1524 2402
1914 1664
2971 493
391 3086
1923 3703
2005 3976
3790 3663
1088 1270
837 2562
2497 1952
649 1593
2002 335
696 1180
1159 2048
127 3551
3418 1079
1688 1281
3815 82
1582 3168
2487 2414
2320 580
2727 837
2610 2902
2307 3124
2295 3648
1026 1734
2701 2432
2073 2107
3100 405
3897 1467
3231 3778
2584 2467
3895 2677
933 1060
619 3272
3559 3722
3860 1338
89 1004
626 2168
625 1249
1404 1472
2872 1730
3750 2657
3518 2549
3965 1348
2463 3321
1427 1438
3477 440
2038 1065
61 2364
3571 3289
530 2381
3600 2157
741 1760
3595 1170
1488 614
1219 231
1220 2962
1610 2509
1507 2013
819 1172
3090 2003
263 1860
1012 541
199 3780
2075 1986
410 3448
483 1580
2046 2365
731 1225
1817 468
1761 825
3494 3555
1286 2051
2316 2521
3937 1093
3007 1663
1015 3190
2465 1409
3313 130
796 3468
3690 453
2188 523
2099 865
91 1953
2443 116
2012 1305
3359 1023
3960 1704
835 3729
2992 1496
2980 3157
1922 1579
2296 293
541 2841
1041 3302
3987 931
1939 1713
1104 734
1144 1103
2639 2592
1533 846
89 1740
1324 2800
1988 2858
2850 1673
1157 2127
956 3735
1644 189
380 1194
885 3067
2050 3280
3490 3768
694 3527
2608 2725
618 2281
2853 3534
3771 2272
2284 3017
491 3608
2852 538
2184 1550
1925 9
320 3866
2859 3923
3917 1790
430 3558
1051 3407
2736 1488
267 3684
163 1578
1049 3676
1268 2102
951 2505
194 2862
3136 1621
867 3198
2144 653
1507 3534
1956 1935
3648 1007
623 1812
2190 3988
3868 1073
2734 657
734 2157
3280 3839
3648 3780
1154 3147
1079 3334
3770 2094
487 1688
963 1112
907 899
3024 2477
2430 518
2831 3504
2732 1196
273 2109
311 2736
2321 2403
137 2953
559 3651
3624 3312
3279 1488
3085 1092
3413 548
1651 1349
2116 679
2320 2927
2560 3074
1210 3785
672 2276
2440 3985
3234 858
737 1674
3128 3515
680 1576
76 1607
3934 2195
1649 3358
2261 253
1132 180
991 3645
2072 2434
3534 487
945 3000
2461 914
1622 2985
3645 3052
3786 2471
2524 760
2590 881
214 3521
3215 1286
3977 3752
258 1283
380 3259
3232 1759
2068 3874
1535 2265
2694 1620
3408 3477
3365 2214
3699 2484
3141 1250
1942 1542
548 754
3671 2777
1104 3935
2928 2386
1467 1299
988 2523
260 763
3692 2113
2563 567
1341 3481
1579 564
3335 524
589 1404
3335 3939
2741 3769
2513 694
2718 1654
280 2957
3398 3206
3988 1076
444 186
462 2201
1322 3713
3308 1536
2186 4000
540 2821
1200 527
977 1430
1941 2428
1352 497
119 471
2423 970
245 3127
3918 3276
1278 2505
1688 1438
3021 3727
3731 1031
1575 467
3813 380
1368 2804
461 3474
833 2145
358 746
135 3792
393 540
2716 3261
545 2947
322 354
3260 3337
3182 1063
1375 741
2930 202
3958 1157
2410 2457
1356 1491
3400 772
715 1890
595 741
2108 3824
2982 503
1784 2260
2262 3380
2685 2858
2879 3017
3206 854
1469 3091
1106 790
2656 2572
2051 82
2424 1319
3816 2283
2835 2677
2912 1759
3286 685
1367 1595
129 592
1133 3773
103 2008
3002 3538
639 533
3139 2013
1616 3651
2673 1355
913 1578
1344 941
85 3281
2646 1556
3822 685
561 3665
84 2811
1370 370
2228 3248
3434 1600
1945 1771
670 1331
271 911
807 2250
2650 2827
2770 2602
951 3932
3778 2809
2518 1114
2668 2299
1171 1267
1502 43
572 2325
577 1176
2328 867
449 983
1866 3656
3056 3837
261 974
3240 2532
2946 3444
3842 16
3306 532
1884 80
2898 2313
1917 2122
1112 1543
3434 326
3035 2082
540 1833
2358 1675
3097 622
4000 833
2606 791
1319 2849
3043 1281
2297 1398
3612 503
431 3726
468 1136
24 2369
1689 682
1720 3069
251 2598
710 941
308 3697
2534 2230
2665 3836
2214 3852
2771 3839
562 1634
2657 2200
3662 3786
3313 1766
1057 3069
484 3960
3653 2674
3487 570
3603 3286
2973 2163
2447 2439
773 1043
2448 2402
755 2271
1938 2006
2007 780
3563 3896
2032 136
1865 310
2160 1795
1428 228
3630 754
3665 2720
860 2378
1542 608
2632 271
3480 3989
3995 3413
2907 3811
3636 3763
588 305
2201 2780
3849 3672
1877 3406
1756 3027
1292 1181
327 2115
1044 192
2550 3819
2749 3680
3983 2793
3499 2352
721 3672
2203 2611
3022 3737
1497 3798
3839 2524
694 632
1237 3711
3041 2180
2055 1882
3349 489
1352 2033
2858 1003
3443 701
1938 2355
2652 963
684 1921
2007 3620
573 4000
957 3014
434 3581
2704 2062
335 3366
3477 1271
3865 3932
3580 2377
2196 309
2239 35
2106 902
1668 1721
1589 2523
4000 2933
869 3787
531 541
2946 3293
2984 1929
1131 3172
1058 748
445 1718
954 3972
1292 2134
459 3737
3540 2559
1460 3286
668 2088
3500 1095
2563 1048
1865 1908
211 919
2036 3109
1175 2515
1952 3787
3725 160
1429 2070
1741 3014
1754 867
3323 2043
446 3772
1006 3005
1204 2945
785 1397
870 3846
2645 3782
1158 2912
243 2423
147 228
798 2856
395 3294
2844 569
429 3475
3366 1138
2361 1177
3848 3925
2413 2990
1114 1789
2323 3384
2916 1218
1159 1475
1264 424
2338 2833
1852 506
1097 3344
1380 1518
3178 1153
1995 2430
1445 2386
1133 211
946 3318
962 2525
2939 2142
1161 1006
486 693
2155 1776
1629 2321
1821 3048
3160 320
1344 1778
3966 974
441 134
2610 2495
327 2717
1438 2018
1418 1528
451 2933
825 3307
1317 723
2301 3657
2901 534
1745 102
1339 3330
490 433
10 2540
844 3319
2958 1729
67 1690
1514 1212
2402 1260
2766 3931
2546 589
749 2554
2231 2241
91 3419
3075 1353
2969 3141
932 2452
