400 414
1 2
2 3
2 4
3 5
3 6
6 7
6 8
7 9
9 10
10 11
10 12
10 13
11 14
13 15
13 16
15 17
16 18
16 19
19 20
18 21
20 22
22 23
23 24
23 25
23 26
25 27
25 28
27 29
29 30
28 31
30 32
31 33
32 34
34 35
33 36
36 37
36 38
36 39
38 40
39 41
40 42
40 43
41 44
42 45
43 46
46 47
45 48
48 49
48 50
48 51
50 52
51 53
51 54
54 55
53 56
54 57
57 58
57 59
57 60
59 61
60 62
60 63
61 64
62 65
64 66
65 67
66 68
66 69
69 70
70 71
71 72
70 73
71 74
74 75
73 76
75 77
75 78
76 79
79 80
78 81
79 82
82 83
83 84
83 85
85 86
86 87
87 88
86 89
87 90
90 91
89 92
90 93
91 94
94 95
95 96
95 97
97 98
98 99
98 100
100 101
99 102
101 103
102 104
102 105
105 106
105 107
107 108
106 109
108 110
108 111
111 112
110 113
113 114
113 115
114 116
115 117
117 118
118 119
117 120
118 121
119 122
120 123
121 124
124 125
123 126
125 127
126 128
128 129
128 130
129 131
129 132
131 133
133 134
134 135
135 136
134 137
137 138
138 139
138 140
139 141
141 142
140 143
141 144
142 145
145 146
144 147
145 148
146 149
149 150
148 151
150 152
150 153
151 154
152 155
155 156
156 157
155 158
158 159
157 160
159 161
159 162
162 163
161 164
163 165
165 166
164 167
167 168
167 169
168 170
168 171
171 172
172 173
172 174
174 175
173 176
174 177
175 178
178 179
177 180
178 181
179 182
181 183
182 184
182 185
184 186
184 187
186 188
188 189
189 190
188 191
190 192
190 193
193 194
194 195
194 196
196 197
197 198
196 199
199 200
199 201
199 202
200 203
202 204
202 205
204 206
205 207
207 208
208 209
208 210
210 211
210 212
211 213
211 214
212 215
214 216
216 217
215 218
218 219
219 220
219 221
219 222
222 223
221 224
223 225
225 226
224 227
225 228
227 229
229 230
229 231
229 232
230 233
231 234
232 235
234 236
236 237
235 238
237 239
238 240
240 241
239 242
240 243
243 244
244 245
244 246
244 247
247 248
247 249
247 250
248 251
250 252
250 253
252 254
253 255
254 256
254 257
257 258
257 259
258 260
259 261
260 262
262 263
263 264
262 265
265 266
264 267
265 268
266 269
269 270
270 271
269 272
272 273
272 274
274 275
274 276
276 277
277 278
277 279
277 280
280 281
281 282
282 283
282 284
284 285
285 286
286 287
285 288
287 289
287 290
289 291
289 292
290 293
291 294
293 295
293 296
296 297
296 298
298 299
298 300
299 301
299 302
300 303
301 304
302 305
305 306
306 307
307 308
306 309
308 310
309 311
310 312
311 313
311 314
313 315
315 316
315 317
316 318
317 319
319 320
318 321
320 322
320 323
322 324
324 325
325 326
324 327
327 328
326 329
328 330
330 331
329 332
332 333
332 334
333 335
334 336
335 337
336 338
337 339
339 340
339 341
340 342
342 343
341 344
342 345
344 346
346 347
347 348
347 349
349 350
349 351
349 352
352 353
353 354
353 355
353 356
355 357
355 358
357 359
359 360
358 361
360 362
360 363
361 364
363 365
364 366
365 367
365 368
368 369
369 370
369 371
371 372
370 373
372 374
374 375
375 376
374 377
376 378
378 379
378 380
378 381
381 382
382 383
381 384
382 385
383 386
385 387
387 388
386 389
387 390
389 391
391 392
390 393
392 394
392 395
393 396
395 397
395 398
397 399
397 400
96 306
385 396
112 91
235 279
370 320
39 70
279 40
61 399
4 361
331 236
56 277
159 156
298 183
354 157
198 247
