400 527
1 2
1 3
2 4
2 5
3 6
6 7
5 8
8 9
7 10
8 11
11 12
11 13
11 14
12 15
15 16
15 17
16 18
17 19
17 20
18 21
20 22
22 23
23 24
24 25
25 26
25 27
27 28
26 29
27 30
28 31
31 32
31 33
31 34
34 35
35 36
35 37
37 38
36 39
39 40
38 41
41 42
41 43
43 44
43 45
44 46
44 47
46 48
46 49
48 50
48 51
49 52
50 53
53 54
54 55
53 56
55 57
57 58
58 59
57 60
60 61
60 62
60 63
63 64
62 65
64 66
66 67
66 68
67 69
69 70
68 71
70 72
70 73
71 74
73 75
74 76
74 77
77 78
78 79
77 80
78 81
80 82
81 83
82 84
84 85
83 86
86 87
85 88
88 89
89 90
90 91
90 92
91 93
91 94
93 95
95 96
94 97
95 98
98 99
98 100
100 101
101 102
100 103
103 104
103 105
105 106
106 107
107 108
108 109
107 110
110 111
109 112
110 113
112 114
112 115
113 116
114 117
115 118
118 119
119 120
120 121
121 122
121 123
122 124
122 125
124 126
125 127
126 128
126 129
129 130
128 131
130 132
130 133
131 134
134 135
133 136
134 137
135 138
137 139
137 140
138 141
139 142
140 143
143 144
144 145
144 146
146 147
145 148
147 149
148 150
150 151
151 152
152 153
153 154
153 155
154 156
156 157
157 158
156 159
159 160
158 161
160 162
162 163
161 164
162 165
164 166
165 167
166 168
168 169
169 170
169 171
169 172
172 173
171 174
173 175
174 176
174 177
177 178
178 179
179 180
178 181
181 182
182 183
183 184
184 185
183 186
186 187
187 188
186 189
189 190
189 191
190 192
190 193
192 194
192 195
194 196
196 197
196 198
197 199
197 200
199 201
200 202
200 203
202 204
202 205
204 206
204 207
207 208
207 209
208 210
209 211
210 212
211 213
212 214
212 215
215 216
216 217
216 218
216 219
217 220
220 221
219 222
221 223
221 224
223 225
225 226
226 227
225 228
228 229
229 230
228 231
230 232
231 233
233 234
232 235
235 236
235 237
235 238
237 239
239 240
240 241
240 242
242 243
243 244
243 245
245 246
245 247
245 248
247 249
247 250
248 251
251 252
251 253
251 254
254 255
255 256
254 257
255 258
256 259
257 260
258 261
259 262
260 263
263 264
262 265
265 266
266 267
266 268
268 269
268 270
268 271
269 272
270 273
273 274
273 275
275 276
275 277
275 278
278 279
279 280
279 281
280 282
281 283
283 284
282 285
284 286
286 287
285 288
286 289
287 290
289 291
289 292
292 293
293 294
293 295
295 296
295 297
296 298
297 299
299 300
298 301
300 302
300 303
302 304
304 305
303 306
305 307
305 308
307 309
307 310
310 311
309 312
310 313
313 314
314 315
313 316
315 317
317 318
316 319
318 320
319 321
319 322
321 323
323 324
323 325
324 326
324 327
325 328
327 329
328 330
328 331
330 332
332 333
331 334
334 335
335 336
336 337
336 338
338 339
339 340
338 341
340 342
341 343
341 344
342 345
343 346
345 347
346 348
348 349
347 350
348 351
351 352
352 353
352 354
354 355
353 356
356 357
356 358
358 359
359 360
358 361
360 362
362 363
363 364
363 365
365 366
365 367
367 368
368 369
368 370
370 371
370 372
370 373
371 374
372 375
375 376
375 377
375 378
377 379
379 380
378 381
380 382
382 383
382 384
384 385
383 386
386 387
386 388
388 389
388 390
390 391
390 392
390 393
391 394
394 395
393 396
396 397
395 398
398 399
398 400
302 101
218 376
29 364
167 326
275 86
347 7
395 113
179 236
85 384
99 188
334 200
192 256
240 220
81 281
106 244
198 28
341 158
360 26
182 214
295 223
115 400
36 87
355 171
26 342
273 13
228 163
360 43
347 383
306 271
303 244
25 86
18 109
188 2
311 382
241 347
17 32
375 243
70 67
336 348
344 98
256 204
156 224
146 225
353 28
313 167
342 24
175 275
137 74
183 103
243 182
128 65
12 309
354 328
74 88
5 306
8 367
243 153
147 198
202 81
242 321
355 211
197 83
322 276
88 9
383 117
119 241
5 4
45 113
176 335
194 147
327 286
218 33
376 100
85 90
210 322
29 95
109 124
60 276
368 390
110 139
87 67
161 14
273 112
136 355
8 130
130 248
200 375
135 344
278 174
87 150
313 139
256 400
205 221
288 374
387 23
43 78
144 49
338 288
230 264
275 293
93 233
302 80
177 277
4 150
14 12
214 177
313 386
191 335
274 226
372 170
390 189
174 275
155 309
6 305
295 248
231 256
248 214
66 336
188 23
120 354
59 170
230 81
261 293
397 298
347 390
215 242
238 266
231 56
