50 96
1 2
2 3
1 4
2 5
3 6
5 7
7 8
7 9
9 10
9 11
9 12
12 13
12 14
12 15
15 16
15 17
16 18
17 19
17 20
20 21
21 22
22 23
23 24
22 25
24 26
24 27
25 28
27 29
28 30
29 31
29 32
32 33
32 34
33 35
33 36
34 37
35 38
37 39
39 40
38 41
39 42
41 43
43 44
44 45
45 46
46 47
46 48
46 49
47 50
11 23
17 30
14 16
43 9
37 48
37 6
1 13
46 37
11 35
12 5
47 1
8 13
4 29
39 13
27 36
24 43
49 25
21 15
19 20
14 9
40 18
11 18
20 30
24 25
15 36
32 46
49 18
29 17
32 47
39 38
34 40
47 33
34 35
8 10
3 40
9 8
42 32
42 40
12 36
14 28
31 50
19 18
37 11
16 36
21 8
45 49
43 18
