400 707
1 2
1 3
1 4
2 5
3 6
5 7
5 8
8 9
8 10
10 11
9 12
10 13
12 14
12 15
15 16
16 17
16 18
17 19
19 20
18 21
19 22
20 23
23 24
23 25
23 26
26 27
26 28
26 29
27 30
29 31
30 32
32 33
33 34
34 35
35 36
36 37
35 38
38 39
39 40
39 41
39 42
41 43
42 44
44 45
43 46
45 47
46 48
47 49
48 50
49 51
51 52
51 53
52 54
54 55
53 56
55 57
55 58
57 59
58 60
58 61
59 62
61 63
61 64
64 65
64 66
65 67
66 68
68 69
68 70
69 71
71 72
70 73
72 74
74 75
74 76
75 77
77 78
76 79
77 80
78 81
79 82
80 83
83 84
83 85
84 86
84 87
87 88
86 89
89 90
89 91
90 92
92 93
92 94
93 95
94 96
94 97
97 98
96 99
99 100
99 101
100 102
102 103
103 104
102 105
103 106
105 107
107 108
106 109
109 110
110 111
110 112
112 113
112 114
112 115
114 116
115 117
116 118
116 119
117 120
119 121
121 122
121 123
121 124
124 125
125 126
126 127
125 128
128 129
127 130
130 131
131 132
131 133
132 134
134 135
135 136
135 137
135 138
137 139
137 140
140 141
141 142
141 143
142 144
142 145
143 146
144 147
146 148
148 149
147 150
148 151
149 152
151 153
151 154
152 155
154 156
154 157
156 158
157 159
159 160
160 161
159 162
161 163
163 164
163 165
164 166
164 167
167 168
166 169
167 170
170 171
171 172
172 173
172 174
172 175
174 176
174 177
177 178
178 179
179 180
178 181
181 182
180 183
182 184
182 185
184 186
186 187
186 188
188 189
188 190
188 191
190 192
191 193
193 194
193 195
195 196
196 197
197 198
196 199
198 200
199 201
200 202
202 203
203 204
202 205
203 206
204 207
205 208
208 209
207 210
209 211
210 212
212 213
212 214
213 215
214 216
215 217
215 218
216 219
219 220
220 221
221 222
221 223
221 224
224 225
224 226
225 227
226 228
227 229
227 230
230 231
229 232
231 233
231 234
233 235
234 236
236 237
236 238
236 239
237 240
238 241
240 242
241 243
243 244
244 245
243 246
245 247
245 248
248 249
247 250
250 251
249 252
252 253
251 254
253 255
253 256
255 257
255 258
257 259
258 260
259 261
259 262
260 263
263 264
263 265
264 266
264 267
266 268
266 269
268 270
270 271
271 272
272 273
271 274
273 275
274 276
275 277
275 278
278 279
277 280
279 281
279 282
280 283
282 284
284 285
284 286
284 287
287 288
288 289
288 290
290 291
291 292
292 293
291 294
294 295
295 296
296 297
296 298
298 299
298 300
300 301
299 302
302 303
302 304
304 305
303 306
305 307
305 308
306 309
307 310
308 311
311 312
311 313
312 314
313 315
313 316
315 317
316 318
318 319
319 320
318 321
321 322
321 323
321 324
324 325
324 326
326 327
326 328
327 329
329 330
330 331
331 332
330 333
331 334
334 335
334 336
334 337
335 338
336 339
339 340
339 341
339 342
342 343
341 344
343 345
344 346
345 347
345 348
346 349
347 350
349 351
351 352
352 353
352 354
354 355
355 356
355 357
357 358
357 359
358 360
359 361
359 362
360 363
362 364
364 365
363 366
366 367
366 368
367 369
367 370
368 371
370 372
372 373
372 374
373 375
374 376
374 377
377 378
376 379
378 380
378 381
381 382
381 383
383 384
384 385
384 386
386 387
386 388
386 389
387 390
389 391
389 392
390 393
392 394
394 395
394 396
394 397
397 398
396 399
397 400
77 170
176 11
396 8
152 220
2 107
315 151
116 51
249 339
99 213
203 290
291 346
229 1
295 349
4 238
119 314
377 124
114 159
173 105
323 121
165 337
176 318
331 280
216 242
298 346
233 87
271 19
362 68
54 30
56 183
316 134
1 312
265 1
264 336
119 142
108 43
30 161
309 331
293 317
399 280
104 222
89 293
13 161
84 289
309 213
311 376
37 71
357 181
29 100
355 197
62 116
362 281
179 50
198 262
124 279
89 263
396 303
233 223
363 148
186 264
129 195
348 155
89 82
213 344
124 294
121 69
275 288
328 352
250 64
122 139
64 294
194 284
149 389
115 265
236 309
346 312
55 179
13 338
146 318
158 198
101 335
308 349
395 30
26 381
344 59
13 57
307 9
365 184
314 321
224 94
261 47
39 324
44 395
19 385
372 280
353 153
160 356
183 141
305 261
76 309
66 81
374 140
68 42
160 84
53 106
60 24
322 14
298 136
270 10
308 82
185 200
89 336
220 245
55 83
23 330
264 133
94 23
315 26
311 343
290 88
22 156
67 214
236 290
111 312
297 223
381 223
126 21
186 303
202 233
34 320
247 299
71 68
351 168
45 9
113 196
110 285
225 379
119 145
283 340
43 235
211 328
136 384
87 364
192 154
307 245
45 372
20 360
132 19
77 264
47 326
22 102
22 253
109 149
140 12
64 234
336 194
266 201
173 357
357 390
272 116
25 124
44 126
58 273
222 117
95 271
383 38
10 58
148 323
221 295
350 24
338 342
189 313
332 250
337 4
113 245
309 218
359 126
196 298
256 318
118 323
288 357
350 317
179 177
36 152
4 140
206 122
298 331
393 350
116 210
125 34
13 250
140 53
48 371
285 328
301 382
33 346
359 377
184 174
326 331
2 192
2 336
101 173
174 380
102 260
27 213
154 77
120 395
104 269
146 228
58 73
165 346
224 315
277 380
227 140
147 329
85 72
161 209
136 317
67 197
315 276
67 31
280 238
24 207
160 157
334 96
39 128
365 287
192 175
288 344
395 112
250 256
15 147
248 303
360 19
322 67
119 340
90 346
44 83
16 351
261 213
376 348
360 350
246 174
25 247
127 323
80 396
236 74
243 86
329 230
294 330
109 301
354 254
104 155
394 280
238 313
252 323
369 337
248 346
324 11
329 65
224 295
115 332
108 381
354 234
182 73
5 47
191 197
391 353
301 72
316 73
350 318
329 368
196 78
130 320
373 327
208 196
79 25
319 103
16 322
161 342
336 11
96 44
335 340
48 232
104 117
12 289
12 311
266 223
66 52
9 134
54 87
305 110
173 14
311 27
51 280
355 165
320 125
387 257
225 28
23 59
63 151
203 366
167 63
39 1
313 206
239 24
355 152
95 316
205 17
