99 4851
1 2
1 3
1 4
2 5
3 6
4 7
4 8
4 9
2 10
1 11
4 12
2 13
10 14
6 15
12 16
12 17
4 18
12 19
8 20
9 21
7 22
10 23
20 24
10 25
10 26
24 27
25 28
13 29
12 30
7 31
17 32
30 33
9 34
3 35
16 36
6 37
2 38
14 39
29 40
8 41
37 42
18 43
1 44
5 45
38 46
17 47
1 48
4 49
47 50
27 51
18 52
34 53
48 54
3 55
34 56
32 57
47 58
45 59
12 60
25 61
51 62
4 63
45 64
25 65
51 66
50 67
10 68
39 69
13 70
57 71
33 72
17 73
63 74
62 75
26 76
59 77
36 78
54 79
20 80
53 81
19 82
9 83
52 84
68 85
77 86
30 87
29 88
70 89
14 90
45 91
31 92
35 93
8 94
11 95
12 96
91 97
22 98
78 99
27 37
64 60
16 60
82 58
81 64
19 61
51 41
59 5
93 32
77 1
52 22
77 35
3 53
17 42
16 25
64 21
10 85
22 55
25 7
45 43
74 86
99 83
2 93
67 1
43 24
36 35
53 21
20 27
29 59
91 67
16 30
5 69
33 2
96 30
66 78
35 16
20 95
29 45
41 87
63 13
70 34
45 40
56 89
90 39
81 60
10 35
7 14
59 80
83 87
80 46
62 34
87 46
11 67
31 94
91 34
58 10
66 55
1 39
82 78
63 59
94 47
54 93
23 91
97 67
7 20
92 34
30 70
54 97
32 12
2 8
1 37
38 6
73 56
81 21
6 66
71 80
36 61
60 91
84 92
45 18
68 16
53 61
42 24
18 94
29 72
69 86
77 82
44 72
22 41
20 77
2 47
38 23
27 97
77 27
53 84
47 12
20 31
5 49
34 95
99 12
59 50
13 26
63 16
95 33
73 26
4 65
42 36
39 84
48 30
2 14
84 28
31 37
46 85
9 12
70 48
59 40
70 29
30 35
37 29
33 17
97 73
30 99
78 12
41 25
6 45
51 86
28 44
4 87
28 49
55 19
1 8
65 72
98 68
69 34
47 86
80 21
15 87
55 81
1 7
9 93
62 23
11 3
92 26
41 96
64 15
59 71
76 48
45 56
75 73
67 57
49 33
16 23
16 18
32 5
65 87
62 79
47 88
3 50
18 99
12 34
94 92
38 45
31 62
85 41
98 40
34 23
34 79
73 64
37 85
23 35
73 58
69 64
77 38
26 8
61 17
97 18
90 2
72 15
58 85
32 43
24 54
80 87
69 28
80 9
9 73
47 41
54 45
26 33
99 39
38 10
55 68
87 99
7 36
72 88
92 71
94 48
53 80
63 23
97 55
66 98
29 48
33 58
57 55
51 85
36 52
62 36
70 61
54 73
64 10
14 29
8 61
77 71
37 83
3 51
50 4
56 14
14 65
32 37
98 90
19 98
21 78
74 31
99 59
93 95
61 38
7 11
85 69
15 37
61 75
65 73
66 49
39 10
75 25
43 34
58 51
67 6
35 42
76 44
31 21
62 83
8 21
57 28
55 70
99 9
47 63
40 25
22 51
89 65
8 72
12 8
65 94
16 56
80 85
80 24
53 25
6 42
51 36
41 83
96 1
15 33
25 79
73 53
13 19
47 33
49 50
72 17
55 20
3 62
68 71
42 7
34 82
1 76
28 88
67 98
21 65
54 37
33 42
72 76
53 65
24 46
74 27
41 81
24 40
79 31
6 59
25 85
43 51
89 67
72 49
35 59
19 53
84 29
82 21
67 45
76 52
96 91
98 57
65 45
42 22
92 42
81 48
67 34
41 63
11 84
86 84
74 53
14 8
25 24
49 71
4 75
2 79
32 10
37 24
46 12
79 83
59 98
67 78
30 46
47 89
66 63
79 40
42 34
14 77
95 85
98 58
3 31
25 26
76 11
41 10
55 99
84 36
38 89
47 68
55 73
13 31
74 98
96 77
26 57
10 89
72 68
32 92
87 13
34 57
2 66
96 40
33 59
70 41
97 79
9 46
65 81
17 25
25 90
80 16
30 67
54 84
41 66
89 91
57 3
52 97
98 88
69 48
26 1
66 32
28 59
73 81
31 18
61 47
58 60
72 93
41 78
44 70
25 37
75 3
28 9
68 24
73 68
5 70
83 64
50 65
94 40
37 20
27 43
35 75
46 55
66 43
23 98
83 44
59 1
66 69
60 43
99 45
3 71
59 66
90 67
35 85
69 56
29 62
23 52
67 69
32 22
34 30
11 65
38 48
69 91
92 49
12 76
63 38
24 89
60 73
52 44
32 85
57 77
20 45
95 68
82 25
82 13
54 75
49 53
3 34
43 15
5 25
45 58
2 55
31 50
39 33
47 13
35 48
50 9
1 89
80 48
73 16
15 55
9 75
1 69
79 4
96 95
27 25
30 45
6 55
78 61
46 69
50 64
41 46
8 39
50 21
72 66
10 99
29 66
15 47
18 96
61 52
35 60
80 31
78 29
30 14
5 46
5 81
90 94
79 77
21 52
37 12
44 87
20 86
80 39
29 53
12 26
31 33
57 40
25 66
2 45
6 95
31 75
20 2
29 32
88 46
96 52
21 63
66 56
61 23
6 8
40 52
81 16
36 97
17 23
67 8
5 79
52 57
51 13
79 43
9 27
47 3
29 64
15 32
33 81
45 9
6 39
41 64
25 67
5 7
28 54
79 41
18 41
58 16
93 80
74 20
11 98
51 12
66 12
11 12
8 63
93 55
27 32
10 36
60 82
18 46
60 22
62 2
27 91
89 88
22 34
3 97
25 57
73 27
6 14
61 85
82 64
4 40
81 63
18 68
29 73
91 39
53 32
72 31
58 8
9 65
75 90
86 22
84 78
84 34
25 97
2 18
88 37
79 80
28 70
36 59
26 41
40 68
56 88
35 41
30 5
5 15
46 66
40 5
27 89
68 96
55 9
2 52
16 45
43 56
54 46
86 67
62 22
99 57
48 15
64 57
41 9
31 57
72 91
71 16
69 82
12 22
42 49
26 91
88 36
29 43
98 21
5 17
84 26
55 96
90 65
54 95
89 40
66 11
3 27
10 43
75 37
20 16
85 55
27 39
19 64
17 15
75 18
24 83
67 20
61 96
12 55
27 96
3 5
46 81
24 15
83 73
42 95
1 45
80 64
83 48
64 27
70 10
53 95
77 85
4 73
65 32
32 49
40 91
9 68
36 21
41 24
68 91
38 90
55 69
96 5
96 43
11 23
88 18
30 38
86 62
14 74
76 15
22 36
88 65
26 9
5 55
2 39
42 72
88 1
84 81
89 54
32 64
47 99
81 26
39 21
93 22
17 7
19 14
61 77
1 94
85 5
41 86
64 96
22 35
63 32
89 94
69 58
31 47
51 17
86 49
13 41
77 63
26 50
35 53
94 6
6 80
13 96
41 59
6 40
91 93
83 4
76 88
4 86
38 96
54 91
99 76
10 96
3 8
71 40
27 15
80 50
90 83
93 24
61 10
75 33
81 93
33 71
41 75
91 88
79 27
46 70
15 77
44 9
66 4
54 58
17 86
36 74
36 18
72 95
46 77
18 5
20 43
94 53
69 13
52 48
77 31
12 90
33 92
62 48
51 53
58 68
75 97
19 93
85 75
47 4
36 77
1 50
86 15
75 39
54 81
40 99
71 67
9 77
96 24
64 59
27 14
50 42
19 51
32 77
94 34
89 14
7 6
64 94
49 9
22 31
92 63
44 14
96 57
73 39
85 53
98 75
50 58
75 81
42 40
50 51
67 58
18 11
46 29
56 78
84 48
75 6
61 27
23 8
9 98
65 42
57 10
2 30
27 42
82 23
59 39
27 85
22 79
13 67
91 17
30 24
92 50
18 6
86 57
81 88
96 70
65 67
36 11
2 25
74 4
89 57
77 93
93 57
68 25
92 47
36 94
2 73
10 33
54 88
15 14
56 1
38 55
65 22
46 42
39 67
52 46
40 83
36 29
77 74
57 65
33 1
86 31
96 62
76 61
86 2
20 18
2 61
22 68
27 55
59 21
78 11
8 96
6 41
92 14
99 89
98 36
38 74
53 97
84 30
77 89
63 6
61 44
24 63
73 89
69 87
21 93
39 37
33 86
87 48
7 54
98 6
88 3
10 88
26 77
11 26
97 37
18 61
86 34
7 28
99 48
18 74
61 39
57 85
55 8
2 80
86 8
65 19
59 82
2 44
73 69
22 28
51 5
18 87
88 51
15 40
11 73
21 89
60 57
96 87
77 23
81 30
42 41
65 12
30 17
91 3
51 65
80 84
55 17
14 46
76 81
84 40
69 32
1 71
23 32
44 12
88 55
20 84
40 12
4 78
60 98
59 70
15 60
94 38
86 92
25 22
16 40
34 61
82 15
62 10
76 74
86 97
9 66
96 75
84 9
28 34
51 15
46 94
96 7
59 48
74 7
78 2
82 27
3 76
81 68
45 69
85 93
63 20
78 16
29 21
89 95
8 32
93 73
55 54
49 46
52 7
6 47
50 27
23 54
83 88
1 17
34 52
92 38
34 38
46 53
57 2
85 91
92 59
6 9
59 22
92 97
24 23
38 72
1 80
24 82
52 73
92 52
44 80
25 29
18 79
40 81
95 94
49 69
51 44
10 71
32 88
18 50
33 73
97 45
9 37
38 44
54 31
53 56
23 3
78 58
71 93
14 54
47 23
47 65
43 64
18 69
48 96
12 23
9 14
25 81
2 99
62 85
88 80
65 80
74 28
25 71
54 9
77 75
34 81
63 67
88 48
37 46
92 60
26 65
64 68
96 73
81 57
15 35
49 93
99 84
69 52
1 25
59 85
60 28
43 88
29 20
5 98
32 70
43 39
88 85
31 68
16 62
26 4
46 3
51 74
28 94
40 36
12 21
34 90
30 52
91 73
63 17
93 7
50 87
55 65
12 92
66 28
98 61
68 11
49 68
11 10
71 60
2 11
10 24
64 67
50 68
60 17
97 9
20 96
94 23
61 63
55 25
56 41
4 95
5 20
88 61
68 29
63 69
73 30
22 43
6 52
38 29
53 72
58 90
14 20
64 31
29 95
94 17
3 56
62 20
40 19
28 62
31 25
28 81
41 34
41 17
36 89
69 41
23 71
10 12
76 71
5 10
70 80
38 9
29 58
39 87
12 2
1 27
48 86
62 56
16 82
40 44
26 3
6 64
1 54
15 81
42 64
94 26
3 32
1 73
61 12
62 14
1 60
63 25
53 7
9 60
48 32
38 82
54 76
6 25
61 7
75 29
93 29
44 37
50 17
52 88
34 60
94 51
34 16
18 57
62 59
63 43
29 50
5 80
69 99
38 35
58 99
8 35
40 70
91 28
45 93
71 12
35 95
15 4
18 10
84 66
32 28
40 75
56 65
81 11
90 57
84 98
80 12
14 95
27 71
30 51
46 68
37 2
77 65
70 27
13 65
8 27
54 80
16 29
78 93
70 82
67 92
6 81
69 80
80 83
59 43
71 37
20 10
10 66
24 81
85 70
49 48
56 11
35 73
50 25
15 29
12 6
10 22
28 79
33 50
37 70
5 33
19 78
52 91
89 29
70 4
25 78
7 29
40 22
53 43
77 91
34 58
9 58
4 97
14 76
71 73
70 72
22 24
44 56
5 72
53 68
31 16
93 43
32 16
61 40
72 46
78 85
90 80
47 95
21 94
15 59
71 26
25 95
16 38
56 55
5 83
20 73
2 83
11 32
5 76
33 87
86 7
39 29
23 7
93 13
45 35
12 31
6 27
5 26
33 66
95 21
31 40
3 80
37 87
52 98
73 21
78 44
87 53
79 98
48 37
95 31
85 23
99 46
65 78
73 44
87 68
70 79
22 30
31 14
21 71
21 84
47 32
34 35
66 89
4 2
89 28
62 54
43 84
96 50
2 9
94 63
65 84
20 70
72 87
8 93
78 50
63 73
14 83
28 83
49 94
99 23
51 59
47 29
68 20
92 57
98 46
63 91
38 83
47 44
90 45
60 95
37 60
58 7
91 11
74 47
9 40
55 10
4 94
21 6
56 2
58 40
74 79
26 52
75 67
41 95
9 52
32 54
66 13
93 39
4 56
27 18
15 56
33 78
35 72
12 91
68 86
21 40
25 18
65 52
4 71
77 47
88 64
58 2
59 55
47 45
20 21
7 34
53 52
31 41
71 34
33 89
75 22
73 38
58 61
1 30
38 12
7 63
71 43
48 39
88 4
78 77
32 78
25 14
36 76
81 74
24 50
70 16
22 33
80 28
81 50
5 13
29 55
55 33
57 69
36 68
5 73
85 49
64 7
48 43
80 8
47 35
61 9
58 94
45 57
96 78
65 49
34 17
73 79
59 89
55 71
29 77
37 14
66 45
88 53
71 84
65 23
61 51
80 55
83 20
77 39
90 15
88 95
63 44
60 41
76 6
81 87
18 82
37 16
5 54
7 91
78 71
73 92
41 1
12 56
46 47
8 71
58 36
53 16
40 13
83 21
86 30
25 21
59 74
60 62
46 26
6 43
1 40
48 18
59 95
38 25
56 91
86 80
98 32
59 78
88 38
28 40
52 25
18 26
69 23
17 27
87 86
51 42
75 94
76 20
56 18
48 75
27 58
90 70
54 11
12 15
96 59
33 54
4 93
11 46
79 39
86 40
38 33
21 11
94 79
42 82
98 31
96 45
39 24
98 10
74 34
80 34
75 5
41 90
1 49
94 80
20 66
8 69
22 6
89 48
21 49
83 26
60 63
75 17
36 13
33 36
10 13
29 76
20 48
40 80
30 7
33 28
94 74
1 18
17 54
14 50
66 79
46 59
11 89
84 63
42 2
14 85
3 78
50 79
93 75
29 61
13 71
85 64
31 82
90 93
10 28
44 34
29 65
98 44
49 37
74 72
4 31
99 86
44 55
74 37
38 37
16 76
76 18
57 46
60 21
95 51
51 67
21 99
29 11
19 69
37 93
52 95
13 6
93 30
57 16
93 51
37 33
24 21
68 41
22 16
65 54
25 60
35 26
32 79
19 11
18 12
89 97
37 76
74 21
50 38
26 97
40 3
5 42
84 31
88 99
25 30
64 92
53 22
62 61
49 81
98 13
70 50
85 3
95 13
19 24
13 33
63 34
26 45
9 35
8 45
44 19
9 39
79 33
56 76
65 99
67 84
35 63
38 86
20 92
23 58
82 72
49 34
56 64
2 84
12 69
9 72
35 78
22 78
56 31
30 26
1 21
39 64
8 48
91 31
40 17
55 90
75 95
14 66
91 83
8 56
98 49
80 78
78 31
76 90
91 1
27 68
56 37
31 10
52 78
46 6
7 50
52 24
50 37
17 78
50 75
98 71
69 50
74 54
74 9
21 69
16 65
98 87
98 99
50 52
66 50
58 39
42 91
13 57
33 82
89 75
15 23
30 32
2 67
33 91
49 87
23 93
96 4
34 55
84 91
68 93
69 54
87 43
98 20
27 29
41 71
85 98
67 35
7 40
81 92
46 27
33 41
35 37
58 22
45 17
60 42
8 99
38 3
3 28
40 65
32 81
67 61
86 90
56 90
82 48
72 51
79 71
23 72
71 90
34 76
82 62
71 2
58 21
60 39
23 21
46 86
83 61
38 71
77 58
75 38
73 18
13 42
2 35
12 43
44 5
72 20
26 6
24 55
12 20
21 91
91 51
46 44
1 34
56 87
56 71
32 25
91 66
23 19
75 71
10 81
24 90
49 6
19 47
39 45
50 8
51 48
28 38
72 11
50 20
75 88
97 78
37 89
75 63
95 56
10 78
54 12
61 31
10 92
2 81
38 59
93 27
49 95
62 24
82 88
5 22
42 18
84 79
17 81
16 9
54 35
39 62
44 53
35 25
12 49
93 15
86 45
6 65
1 12
91 41
27 76
31 71
30 15
7 69
28 35
79 88
56 72
97 80
37 94
86 55
25 36
11 87
56 24
76 82
70 17
39 16
34 5
87 19
45 62
48 61
68 94
5 23
85 6
72 99
63 19
11 24
69 76
84 94
99 22
4 34
8 78
37 61
79 17
87 25
80 19
15 28
75 84
81 99
3 49
47 60
57 19
19 7
30 77
50 45
11 38
67 7
84 62
85 16
26 28
2 6
80 14
88 39
28 68
92 55
76 80
36 50
32 75
22 18
3 16
57 4
75 36
51 54
51 96
93 99
34 2
81 39
53 36
80 47
7 80
76 84
67 59
79 14
83 94
16 28
20 78
70 8
16 46
21 61
55 45
4 62
47 48
97 38
96 60
97 90
45 51
15 71
8 24
8 64
24 48
79 16
47 59
28 63
59 25
7 89
81 96
29 52
65 2
32 73
45 10
80 29
24 77
22 48
89 55
76 32
54 82
33 70
4 59
61 80
87 2
33 65
93 46
8 29
20 23
40 33
32 35
8 42
97 57
45 52
64 95
22 29
15 68
94 60
77 7
73 42
65 91
91 4
26 55
58 91
14 91
90 32
99 7
64 14
66 65
37 58
90 26
28 75
57 47
79 52
31 49
44 29
36 1
47 7
74 89
18 32
15 85
44 24
99 28
66 44
69 71
22 81
24 28
24 9
97 76
5 94
80 49
13 80
19 33
13 35
23 29
14 53
52 11
91 94
3 10
68 32
15 31
69 11
11 97
7 95
74 96
34 11
29 3
56 30
92 65
94 44
90 7
31 42
4 3
63 65
76 21
18 80
48 64
43 36
32 31
67 46
99 5
16 5
69 83
72 13
38 66
25 99
97 46
57 44
54 92
76 38
5 53
86 10
35 84
11 58
48 77
74 50
87 38
43 19
4 29
68 4
56 51
76 35
39 94
92 13
95 91
45 77
86 95
70 18
79 36
57 74
36 5
59 27
25 4
27 94
68 89
7 73
48 71
30 63
55 48
64 77
78 68
43 26
86 53
36 81
83 13
75 82
3 30
95 62
2 53
49 14
33 48
41 99
82 35
69 65
10 15
40 74
42 61
38 52
81 91
48 4
16 47
13 45
41 77
10 59
58 1
41 50
27 13
7 2
71 63
69 35
61 56
24 86
35 68
68 82
66 57
33 16
59 90
66 75
37 59
56 49
34 20
88 93
89 58
43 47
97 13
87 94
79 60
94 96
37 73
93 38
44 20
45 53
8 85
80 33
79 45
85 13
11 70
52 54
15 96
15 39
16 69
9 43
23 9
42 70
5 29
93 47
56 26
40 37
61 30
89 45
17 68
63 48
3 83
42 68
13 75
12 14
36 66
79 10
40 54
86 75
37 78
39 70
31 96
90 85
7 24
14 47
47 1
39 32
9 69
45 46
30 18
26 29
91 55
26 31
92 93
98 38
53 38
36 24
52 55
86 65
88 44
18 9
83 72
98 17
48 57
72 30
56 10
53 76
40 95
26 69
35 49
7 78
83 59
7 3
27 95
73 67
86 25
49 36
53 91
89 62
85 60
29 57
9 89
70 36
73 57
90 72
7 32
37 36
38 14
21 34
19 25
85 66
13 77
69 33
14 13
87 28
39 52
23 67
45 72
86 9
41 65
19 52
93 3
16 42
31 90
10 67
11 35
83 31
57 15
34 66
12 89
15 78
28 48
86 73
71 85
1 66
23 13
21 41
49 40
57 83
3 84
92 80
48 25
21 90
81 13
1 16
36 32
63 12
66 22
88 45
97 99
98 39
46 32
52 74
88 15
44 6
41 39
38 58
14 97
31 45
99 85
69 40
81 72
33 76
86 56
75 60
42 93
44 67
11 85
58 18
53 11
98 26
56 29
16 43
77 72
90 10
28 85
14 34
78 95
19 46
17 83
87 70
32 58
80 74
3 66
73 41
46 1
25 9
45 19
10 52
6 99
86 52
8 81
20 61
48 78
72 3
98 14
91 47
45 92
28 97
66 18
3 14
7 13
61 45
83 77
41 40
17 52
71 95
45 28
13 94
20 17
76 23
8 62
37 22
76 79
97 95
33 85
31 52
83 23
16 83
77 6
58 44
97 19
16 27
83 74
34 37
8 57
42 74
99 63
3 65
12 83
32 45
41 57
97 7
17 38
25 73
72 80
94 50
71 99
13 61
13 18
86 26
84 72
76 46
68 43
14 58
21 19
36 27
45 23
30 42
56 68
41 76
21 26
20 71
7 10
11 8
73 87
51 80
35 52
7 46
38 5
49 90
46 84
83 29
45 14
88 66
3 82
42 4
54 90
33 45
20 99
21 55
34 59
38 39
13 30
12 85
28 92
57 53
51 39
94 24
18 53
63 31
49 20
80 63
43 46
64 22
42 67
33 18
66 8
87 14
20 93
20 19
70 21
77 52
59 12
44 36
16 4
26 44
23 30
75 34
88 90
39 55
78 24
59 58
23 64
7 15
51 24
54 15
45 11
80 22
6 78
85 50
55 30
78 79
93 84
49 83
85 30
43 17
82 14
78 18
27 66
35 96
43 13
60 27
54 47
39 63
94 93
27 80
46 36
84 19
87 57
79 19
29 42
72 39
61 41
42 85
52 58
58 72
78 43
78 60
65 93
78 13
83 6
47 87
43 73
18 21
54 41
32 38
93 79
98 89
28 58
68 67
39 56
59 11
98 53
48 42
88 41
22 27
51 69
83 7
65 68
98 3
46 63
47 72
19 59
54 19
45 49
30 57
28 96
53 82
70 3
51 1
24 87
49 23
28 93
44 97
74 90
40 48
16 61
38 80
11 88
52 85
88 35
80 43
44 90
8 28
12 77
52 14
25 23
60 45
35 18
33 35
6 97
2 3
76 17
46 20
77 21
3 25
95 63
63 89
73 59
16 44
71 30
81 3
31 48
74 43
68 37
4 90
52 99
61 49
44 49
51 40
30 31
61 4
86 70
33 64
70 1
33 11
18 81
54 72
34 45
11 16
21 33
43 37
9 7
30 64
2 19
75 47
18 63
46 17
87 97
33 20
32 97
79 3
43 2
20 79
19 96
25 34
97 56
34 78
92 96
80 30
93 59
14 71
60 90
48 72
8 44
64 2
49 22
71 64
41 37
50 84
90 89
67 31
69 75
82 66
11 28
83 58
63 62
80 32
4 5
90 46
53 27
2 23
33 67
40 2
31 73
25 69
75 24
65 7
57 5
78 1
81 71
81 78
39 83
50 57
2 98
41 92
87 31
97 30
59 54
64 72
40 56
14 1
90 42
83 54
6 70
71 29
8 13
69 98
16 49
27 92
33 3
69 61
36 14
22 92
91 15
19 9
5 91
15 70
63 79
80 25
42 56
35 43
2 60
95 77
63 50
48 93
93 26
67 93
55 74
53 55
87 84
66 87
56 80
17 29
92 51
59 97
15 41
97 48
81 94
53 79
36 83
12 88
83 27
86 89
89 3
44 65
67 16
72 41
16 21
33 34
90 63
94 82
49 89
67 66
53 50
74 29
47 24
58 64
25 92
9 17
98 4
97 2
48 73
66 15
87 71
57 20
39 4
18 7
59 14
17 96
84 51
44 59
4 37
68 8
96 42
72 4
51 79
10 51
31 6
88 7
82 4
15 99
11 96
67 3
29 34
53 31
2 68
35 98
81 86
42 39
2 16
24 2
63 29
87 9
92 66
33 74
63 86
57 62
74 78
64 51
28 76
14 21
30 40
41 53
62 35
25 12
54 8
5 14
51 2
66 97
25 84
56 92
33 7
62 49
4 80
69 96
30 78
86 96
17 21
77 70
84 82
88 26
3 96
63 49
63 98
43 69
73 36
82 10
28 86
87 92
86 1
24 17
42 12
51 4
34 93
98 97
70 71
51 63
8 73
29 91
94 33
9 92
8 65
81 14
84 42
34 64
22 17
75 44
64 37
47 36
17 71
61 43
23 97
63 10
49 7
71 7
15 89
5 84
73 34
9 82
84 23
15 61
39 17
82 8
81 89
3 64
21 37
95 84
56 38
1 61
74 49
12 84
41 80
90 27
48 46
92 8
56 48
46 28
24 65
71 74
52 80
25 13
48 10
53 54
5 71
7 16
21 7
17 74
79 61
67 76
46 78
45 63
61 99
32 52
20 89
95 1
88 27
26 95
56 57
13 34
76 58
86 32
82 57
62 15
40 90
85 67
84 33
82 50
93 82
3 20
19 56
22 69
35 5
81 59
87 35
76 22
14 33
54 60
79 7
47 40
24 34
10 16
4 19
13 88
76 43
87 63
64 24
86 11
11 25
57 76
24 26
37 18
61 92
98 93
52 20
38 42
84 77
68 34
9 85
79 15
65 10
44 85
46 2
29 82
30 60
18 23
87 16
96 37
67 36
53 24
1 97
1 15
1 19
49 17
75 49
22 85
70 14
82 37
82 40
91 87
94 25
85 94
23 1
44 81
83 15
82 5
4 85
75 20
87 26
11 22
56 27
91 46
32 20
93 89
29 92
60 84
48 7
29 79
55 51
38 27
61 71
93 25
13 4
73 76
17 58
74 65
9 5
83 8
44 79
79 9
29 85
19 76
64 74
75 14
26 62
2 95
59 31
93 41
19 90
80 36
76 42
11 6
99 70
66 81
37 62
74 73
77 97
17 59
28 13
95 36
71 35
62 99
15 2
33 62
39 31
27 26
39 19
61 95
49 64
60 65
11 13
83 25
19 67
28 64
39 36
60 72
42 54
40 38
79 96
40 85
13 99
50 77
58 12
41 43
94 29
84 18
70 84
29 90
94 99
95 43
90 61
90 6
55 31
98 12
12 41
55 43
97 22
46 10
87 1
1 79
96 34
9 64
27 41
29 54
42 20
83 63
13 55
46 74
94 62
71 62
86 83
50 89
21 5
46 15
83 11
85 1
14 78
94 78
5 64
83 75
60 61
43 49
64 90
16 91
13 64
85 56
33 97
47 20
46 95
93 14
76 10
72 63
96 88
74 67
2 89
70 49
4 20
93 40
67 70
89 85
18 15
49 67
4 89
46 25
77 16
92 90
30 89
76 40
87 5
18 85
36 20
24 16
82 56
47 62
36 8
5 58
42 71
21 46
55 1
89 18
63 58
73 66
49 84
50 60
40 8
44 17
72 89
76 70
12 27
71 9
50 76
64 38
30 75
3 54
98 82
31 89
17 87
88 77
47 81
62 7
74 25
75 45
35 4
7 8
16 6
92 70
20 6
85 79
57 36
28 21
35 66
76 51
59 20
19 28
36 9
48 95
36 2
41 11
96 93
10 1
44 48
37 51
59 32
18 55
80 73
82 20
68 92
81 62
97 82
67 24
2 21
98 95
77 81
34 10
88 63
44 69
56 17
18 77
82 99
11 48
20 35
33 46
47 8
82 96
11 5
87 85
43 83
86 59
24 29
30 4
93 69
31 34
60 48
26 99
71 32
88 40
51 11
84 27
57 59
46 79
66 93
55 94
89 76
98 96
25 51
3 41
25 96
98 65
27 19
30 27
35 27
43 42
37 84
24 95
77 34
2 59
63 52
16 72
34 47
76 7
98 28
51 82
56 96
81 61
82 86
67 79
80 45
38 26
95 17
12 24
35 56
83 52
83 76
91 22
99 75
80 37
59 26
2 32
97 15
64 20
92 46
11 4
2 69
83 60
30 95
52 8
64 76
8 59
60 46
14 68
94 72
56 6
89 52
45 68
70 35
62 93
86 42
76 87
94 41
53 40
85 19
88 25
12 95
71 91
44 50
38 15
35 46
73 46
92 39
47 11
53 69
88 49
49 55
1 52
91 20
93 87
51 34
48 67
5 6
45 41
83 98
81 51
47 37
26 39
91 82
78 45
37 8
58 30
62 65
60 89
79 49
71 6
33 52
22 63
90 78
82 85
56 46
74 2
47 96
10 97
71 50
39 85
97 96
58 56
80 26
39 3
18 92
36 60
87 62
51 20
30 62
40 34
99 27
69 30
53 96
17 92
32 74
30 9
18 28
64 97
53 17
38 18
95 69
50 2
56 22
1 29
15 50
18 17
82 1
20 88
8 31
14 96
31 24
35 65
94 67
9 1
65 17
79 99
77 25
81 82
48 45
81 83
43 92
34 50
65 61
86 35
58 6
73 90
37 63
60 66
46 89
49 2
51 29
18 40
18 39
68 3
27 81
99 95
29 96
45 85
30 29
75 27
44 93
43 40
51 35
71 52
4 76
26 63
95 15
91 32
9 63
24 98
34 87
65 37
74 75
56 36
60 40
56 23
76 98
53 28
96 71
52 27
23 68
98 92
43 5
98 8
23 22
42 9
86 93
76 93
27 72
11 17
74 26
74 16
58 62
17 6
11 93
26 75
81 80
6 96
52 37
96 39
23 66
91 43
45 37
91 86
66 74
74 69
40 97
97 12
70 12
69 17
50 88
69 42
6 87
4 46
96 2
33 53
8 87
49 10
91 57
89 19
71 82
21 13
51 78
93 61
60 33
94 97
11 55
88 67
13 56
11 9
5 66
17 62
55 95
73 24
36 15
66 76
68 60
77 94
20 69
85 96
46 62
15 8
88 19
43 85
39 13
14 57
2 41
35 6
97 16
55 41
50 95
42 25
82 79
46 39
42 14
95 9
77 44
22 39
26 16
23 89
5 52
89 5
27 7
83 67
61 33
69 59
51 9
54 16
92 19
6 62
22 73
97 24
45 22
55 67
58 13
63 57
32 87
28 1
49 39
17 77
88 59
58 84
53 58
88 34
88 57
24 58
9 81
84 74
22 15
24 13
50 32
7 75
84 16
90 51
86 19
64 75
10 17
43 25
28 4
74 13
35 94
93 1
89 61
72 59
94 20
99 24
84 85
55 61
99 3
73 6
69 92
3 15
26 14
76 75
28 73
22 94
13 37
62 53
3 63
55 82
30 36
18 86
90 35
75 51
40 73
85 65
6 4
5 62
31 11
19 83
94 42
36 65
2 63
6 82
60 69
11 44
92 82
11 40
26 79
60 44
40 72
26 19
32 40
77 99
44 7
91 13
44 45
50 19
59 7
98 47
12 73
50 16
94 71
91 37
92 44
31 93
83 96
17 90
87 78
31 85
12 75
88 16
85 86
68 52
99 36
9 96
57 72
41 30
3 61
15 67
26 61
35 31
43 38
9 53
79 56
75 92
31 9
22 38
82 36
24 69
15 34
57 51
58 20
48 19
20 25
59 84
78 70
54 26
34 98
47 18
12 35
27 33
74 92
16 99
8 51
70 52
74 82
91 24
71 97
72 62
47 56
45 71
40 50
61 87
79 68
74 5
95 87
80 77
32 34
28 77
91 76
23 53
85 36
45 21
74 22
60 29
36 31
9 22
47 21
86 54
79 91
44 23
24 49
56 32
51 83
84 7
61 32
6 69
61 82
58 43
19 15
26 58
38 54
3 12
24 61
61 35
10 6
57 79
65 59
38 62
97 93
16 51
28 78
51 14
23 88
3 77
91 99
88 9
48 66
13 79
5 37
71 39
26 49
76 31
48 34
87 79
46 83
57 22
82 28
81 23
43 82
24 6
81 67
92 15
45 98
86 14
53 83
57 35
26 48
82 22
73 51
55 62
82 26
93 52
8 91
93 64
34 89
20 53
38 21
55 83
56 25
86 72
50 56
63 82
18 19
43 94
91 80
38 20
52 43
24 88
45 81
60 49
62 98
86 61
17 13
54 20
36 26
19 3
71 19
60 32
52 56
61 68
98 73
94 2
50 12
95 81
74 41
55 76
52 66
51 60
33 24
4 14
83 85
63 1
6 28
30 6
29 19
30 28
96 99
92 78
79 58
16 15
57 17
8 95
66 95
4 55
26 20
35 58
55 87
87 10
75 57
35 92
91 36
14 72
62 78
84 44
85 24
19 35
39 40
1 62
84 61
65 31
48 14
10 74
72 1
90 11
73 15
56 60
6 54
32 62
54 99
10 69
65 34
6 51
92 30
73 70
67 87
8 88
15 42
12 13
5 47
20 30
8 77
50 13
91 49
27 2
67 17
54 78
48 36
83 30
95 44
78 47
1 6
63 36
43 11
81 43
8 18
65 27
21 22
37 28
45 73
85 72
54 87
54 71
77 56
15 26
3 43
98 48
84 32
66 96
90 62
88 21
27 47
38 49
42 89
55 37
5 65
88 42
74 15
17 80
73 99
83 70
38 4
88 62
18 91
24 71
30 8
51 89
12 62
96 21
23 31
14 41
57 33
26 64
87 7
41 82
10 77
41 38
53 42
19 49
69 36
53 66
24 18
82 80
24 84
38 36
48 17
30 37
19 32
92 83
70 93
84 41
32 72
43 67
6 32
39 66
90 33
55 58
81 19
66 19
74 70
59 16
11 92
39 57
57 9
46 58
19 74
82 45
14 67
23 95
3 95
21 10
73 23
20 11
26 34
43 97
87 59
82 47
13 90
74 6
60 59
73 14
92 2
57 23
69 38
86 94
54 21
2 82
54 10
35 39
92 6
58 96
81 7
60 76
73 88
23 14
55 47
85 38
74 12
77 67
21 72
53 70
42 80
69 4
95 58
69 62
74 97
62 25
51 87
54 18
23 4
12 57
46 13
11 50
47 26
97 81
92 91
48 85
91 70
50 90
8 22
74 88
40 23
22 61
23 37
70 88
21 86
25 15
49 59
75 16
20 39
37 19
64 65
70 47
1 38
4 45
52 60
83 34
50 39
55 77
5 88
99 42
14 16
6 34
55 16
97 29
72 36
95 22
70 97
44 82
71 18
51 52
15 52
74 44
19 62
59 30
48 23
58 25
57 24
92 4
72 10
3 21
32 44
63 11
39 44
49 97
53 37
64 78
53 48
53 12
20 40
43 7
16 8
5 8
72 92
55 84
37 90
66 47
27 87
40 63
32 67
16 64
99 74
39 47
12 68
49 82
74 93
94 11
37 81
36 96
64 66
28 90
28 5
69 27
65 83
60 4
53 90
66 40
39 89
69 90
65 1
72 22
33 4
47 42
13 38
1 90
22 96
76 85
70 62
20 85
65 20
44 96
62 41
97 65
40 10
79 35
74 35
77 2
87 77
47 85
8 25
64 11
84 64
98 86
25 44
73 19
11 60
72 96
52 81
24 74
66 17
54 66
20 9
88 58
10 4
10 42
44 15
64 62
89 41
12 79
9 47
94 12
48 12
33 32
8 74
12 33
54 57
1 92
92 40
70 95
72 12
39 95
1 24
69 15
81 35
94 45
62 11
66 58
99 92
16 66
11 99
69 29
72 7
80 95
15 21
75 43
16 90
71 22
60 86
72 19
53 13
30 94
90 36
29 12
36 93
89 64
71 44
90 91
23 75
20 41
60 7
90 47
96 90
69 31
31 88
63 27
33 99
13 44
8 10
23 41
74 87
66 31
29 99
99 49
35 40
7 39
19 36
2 17
11 14
28 43
94 57
80 96
4 21
95 65
27 57
94 16
30 49
28 55
36 12
10 83
70 54
60 20
2 76
44 21
37 7
39 25
31 44
79 47
18 44
37 26
42 83
19 42
71 53
78 98
34 54
99 66
95 92
54 85
13 20
98 81
37 72
70 9
26 7
26 17
22 3
57 6
81 1
4 17
42 55
32 26
52 3
92 58
4 36
85 7
62 76
91 98
11 30
94 10
60 87
14 61
53 47
46 23
82 90
22 19
82 52
18 51
74 11
70 63
20 22
9 94
17 84
38 78
66 71
48 50
75 59
77 73
71 58
76 63
4 54
68 48
10 37
20 15
9 13
16 86
50 30
7 41
69 88
52 87
60 99
31 17
87 45
6 29
64 91
70 58
62 74
9 91
52 59
89 6
3 37
7 68
66 7
43 4
43 99
66 30
97 58
33 77
18 83
19 10
68 39
6 48
10 30
62 21
84 8
49 52
70 65
77 62
22 44
18 67
44 99
1 31
63 64
63 5
89 35
60 8
91 50
99 38
90 95
79 30
18 14
90 68
91 35
97 47
74 58
96 32
66 61
78 83
43 90
65 15
47 67
73 95
94 73
8 33
71 11
43 31
89 92
56 84
26 89
77 19
33 23
81 29
50 23
26 42
89 44
71 88
67 41
79 8
84 68
86 12
22 70
56 83
21 43
15 80
53 92
79 59
67 37
10 75
78 69
27 11
36 45
17 64
60 77
42 63
74 30
46 8
50 72
17 99
53 30
69 14
69 37
28 56
50 28
90 5
21 97
62 66
77 98
6 68
20 97
51 31
38 24
43 65
3 59
44 4
82 11
22 84
31 97
33 88
79 24
51 21
29 2
93 60
53 59
23 79
35 99
6 60
68 5
97 69
83 32
86 66
54 50
9 78
28 42
90 23
80 58
90 30
26 53
83 1
26 60
17 16
11 15
74 61
80 98
90 8
58 75
16 95
10 27
73 62
78 88
46 40
83 47
41 58
19 94
15 63
96 49
1 68
13 59
58 48
77 53
67 80
32 1
32 9
18 93
2 91
50 98
81 20
86 37
56 7
88 60
88 97
84 83
66 68
48 3
30 76
98 1
49 8
14 63
2 31
10 80
19 8
92 3
67 26
78 76
68 59
85 73
63 55
37 92
75 72
26 96
22 46
77 4
98 72
60 55
27 5
80 66
46 82
58 49
39 74
25 70
95 32
30 68
41 97
62 68
67 12
88 92
26 78
67 99
98 43
86 36
49 54
15 49
99 14
44 68
85 34
97 72
50 99
48 9
95 57
94 7
45 24
5 61
36 28
63 54
28 27
56 21
91 30
29 87
9 29
51 98
97 68
72 2
85 74
24 60
36 64
21 48
37 95
88 2
40 87
68 21
84 45
61 46
4 27
72 71
71 28
53 89
65 58
78 39
95 19
60 5
75 91
94 70
48 74
33 43
17 35
63 78
74 91
24 32
20 87
3 42
69 68
13 84
60 3
97 63
64 46
1 5
88 22
67 5
23 96
75 21
10 84
61 72
87 90
66 70
29 67
40 62
54 39
21 35
11 49
6 79
4 24
72 43
19 99
49 18
33 6
6 36
65 79
14 88
72 69
72 25
5 95
48 41
38 8
36 34
32 94
48 79
62 67
90 81
75 65
56 81
9 3
75 79
35 7
86 50
52 72
40 27
33 96
89 16
86 23
45 3
81 70
15 84
83 89
65 38
20 90
64 40
67 54
30 88
55 64
51 70
72 34
42 98
89 8
85 2
70 56
94 14
41 5
79 55
83 33
92 79
14 24
65 39
46 75
85 21
13 62
76 92
38 57
98 94
42 57
57 37
3 18
76 39
73 72
58 81
39 5
98 15
48 90
4 52
51 99
74 60
68 70
43 77
63 33
16 48
60 31
39 97
25 45
29 86
19 68
19 5
90 79
90 18
47 73
83 35
60 13
42 66
6 23
98 55
43 70
89 78
71 83
47 84
67 56
41 98
68 33
51 7
51 71
27 21
50 5
23 74
34 97
30 98
47 30
76 68
87 88
57 49
58 86
56 5
1 74
6 88
39 28
46 34
30 82
96 89
58 31
12 87
67 96
91 10
57 80
99 53
76 49
13 68
72 79
52 47
92 21
42 11
16 96
44 35
63 68
7 82
18 64
7 98
82 67
11 39
14 35
63 96
78 73
85 97
65 96
71 36
89 84
86 88
75 80
91 62
17 19
53 39
17 88
53 6
9 15
54 61
62 18
33 29
66 21
71 47
58 3
97 8
84 4
41 29
52 67
4 81
34 99
4 41
86 79
97 84
77 51
37 79
32 51
9 67
3 90
64 12
59 18
54 98
27 86
22 4
12 39
28 52
53 75
28 23
98 56
55 72
79 89
1 75
75 15
73 50
96 76
52 90
77 49
43 14
18 72
37 66
12 81
17 97
56 20
90 22
90 9
72 24
84 88
79 42
13 52
47 22
36 87
81 85
48 91
50 35
67 95
9 62
80 11
53 93
89 69
33 44
6 84
56 99
47 38
90 99
44 64
44 30
39 34
5 93
95 10
42 45
70 64
7 92
62 42
43 23
8 34
60 97
95 76
46 71
5 77
86 13
28 2
16 19
60 38
60 19
24 70
4 32
17 8
91 78
87 42
18 34
60 67
49 25
54 77
50 61
67 22
69 70
23 60
40 14
98 70
48 92
40 55
1 22
89 82
55 14
77 11
98 16
8 53
24 76
54 68
50 10
53 1
62 80
75 42
92 16
32 82
19 91
6 50
95 82
46 31
91 6
93 83
24 35
31 27
13 48
2 26
55 23
96 84
92 62
43 50
3 74
84 73
23 70
31 29
38 95
5 48
65 30
42 59
98 18
31 70
95 79
43 30
68 75
57 58
27 62
40 67
70 45
32 99
97 5
79 81
22 83
94 3
25 64
13 76
66 83
53 67
70 38
87 58
9 8
43 57
15 94
49 41
91 59
11 61
86 44
8 75
44 41
99 1
93 6
80 99
38 68
45 74
71 86
56 94
61 28
98 25
53 64
47 25
3 44
18 65
90 84
95 83
55 32
29 28
38 19
49 27
49 73
34 19
15 45
38 91
26 23
80 68
73 3
47 64
21 42
63 53
73 61
17 37
27 23
97 42
62 52
69 79
43 44
17 28
99 68
60 14
78 53
42 1
94 69
75 55
40 78
76 65
3 87
33 98
69 47
20 28
74 68
26 85
77 76
89 87
66 77
41 28
69 3
45 76
70 75
23 39
23 92
59 94
65 71
99 31
75 19
42 58
31 19
92 85
23 51
57 7
54 36
60 53
61 91
10 47
54 56
82 12
11 37
61 59
52 41
78 75
12 93
54 43
78 23
98 29
10 29
31 38
87 64
35 80
22 2
89 43
41 32
51 46
17 14
93 17
67 72
96 46
26 72
18 29
96 54
13 1
64 61
23 59
95 18
33 9
37 77
82 39
26 68
92 5
43 86
57 61
77 92
50 62
56 63
83 68
53 4
55 78
65 28
74 95
54 13
17 82
19 58
21 32
87 82
72 28
14 32
47 51
94 52
64 99
28 12
82 83
79 11
14 22
35 1
86 6
91 25
10 73
21 57
24 5
13 15
62 44
24 92
52 75
18 60
45 95
54 22
55 7
10 60
7 45
77 90
86 5
2 70
41 16
21 79
51 38
6 72
75 2
89 13
10 93
22 26
3 24
27 48
59 24
28 47
45 27
66 90
67 28
55 36
27 44
5 78
12 52
62 43
77 22
28 31
81 31
11 57
93 50
57 84
75 87
64 4
73 13
30 19
70 26
67 4
8 43
77 69
13 49
76 86
81 38
94 54
92 36
70 60
23 36
68 57
24 66
19 70
64 98
31 5
86 64
89 17
38 7
50 83
91 44
55 35
77 68
19 41
64 35
48 2
68 51
13 32
76 47
50 46
25 76
1 64
42 44
44 54
17 36
79 64
23 80
38 67
65 48
27 54
65 82
89 80
28 51
66 26
22 89
42 52
93 58
47 49
33 25
9 10
93 56
15 53
7 12
59 76
30 21
44 10
78 86
28 14
73 82
33 51
99 37
56 59
94 61
75 56
67 21
2 54
38 84
39 30
83 45
10 53
27 98
52 16
56 33
17 3
50 97
42 32
23 87
3 13
23 42
97 35
84 14
57 78
63 93
46 65
57 70
3 86
50 22
67 27
5 12
25 54
77 42
62 97
87 22
97 83
94 66
97 51
12 45
1 20
29 49
1 84
26 40
81 42
1 43
40 77
21 87
51 49
28 95
13 16
85 63
4 58
9 76
42 78
37 98
78 49
72 78
71 89
36 3
19 6
29 35
1 57
36 41
89 32
27 34
81 69
61 6
74 56
99 4
9 59
39 86
93 33
30 54
17 85
76 94
9 56
50 55
54 64
97 61
15 58
88 68
11 75
78 27
76 8
80 60
64 52
79 38
88 94
25 89
22 13
70 7
84 69
16 93
26 51
