99 4851
1 2
1 3
1 4
1 5
2 6
2 7
1 8
6 9
6 10
8 11
8 12
2 13
3 14
12 15
11 16
1 17
14 18
4 19
2 20
12 21
10 22
2 23
11 24
7 25
21 26
16 27
10 28
18 29
27 30
10 31
9 32
8 33
31 34
3 35
10 36
14 37
1 38
28 39
8 40
31 41
25 42
22 43
37 44
8 45
35 46
4 47
17 48
8 49
7 50
43 51
43 52
16 53
37 54
47 55
35 56
29 57
15 58
4 59
18 60
33 61
59 62
33 63
12 64
28 65
42 66
42 67
46 68
21 69
41 70
8 71
46 72
44 73
2 74
42 75
50 76
25 77
50 78
3 79
14 80
70 81
2 82
20 83
47 84
12 85
80 86
45 87
5 88
77 89
49 90
18 91
19 92
27 93
38 94
37 95
54 96
83 97
71 98
3 99
28 36
56 40
91 59
48 12
90 25
49 45
80 46
33 80
43 6
99 2
39 93
94 67
18 96
7 36
52 55
9 61
93 13
32 15
60 57
34 38
19 10
4 31
56 49
60 35
97 95
25 63
95 36
34 6
52 93
54 45
85 77
32 8
74 84
97 92
66 65
11 13
51 47
40 23
18 51
26 38
34 5
82 62
59 43
91 88
3 8
99 21
11 7
94 76
2 43
32 80
57 10
86 85
10 77
40 19
27 5
29 67
33 17
80 73
67 11
33 14
9 76
83 90
18 5
50 86
88 44
62 39
82 44
35 18
30 56
11 47
17 98
30 26
72 42
60 84
34 21
75 62
57 64
99 33
67 78
12 67
27 25
62 46
30 36
97 27
23 14
82 43
66 87
56 12
47 17
5 10
65 61
75 6
25 73
71 17
62 9
61 36
56 81
27 94
82 37
81 71
80 20
61 71
73 38
49 63
40 63
65 93
13 5
12 11
34 83
66 60
90 39
4 44
58 81
98 40
10 14
63 53
84 3
21 7
54 99
66 27
19 2
60 10
1 14
30 49
48 83
55 32
95 83
83 39
91 32
4 53
29 7
31 40
44 27
94 61
76 39
4 68
77 30
60 89
3 92
93 4
18 1
23 41
14 36
2 64
98 4
4 90
15 36
74 62
65 36
24 19
44 65
65 67
42 94
20 6
22 5
55 51
58 14
81 41
47 63
49 38
86 2
23 39
14 93
76 40
27 81
7 81
85 75
41 82
41 52
12 60
6 30
68 91
95 85
25 33
34 26
56 27
35 99
39 43
95 6
90 59
73 40
14 41
10 48
81 43
52 32
16 38
75 65
41 73
50 23
13 86
23 93
14 9
38 48
74 28
74 75
66 12
94 46
62 17
34 25
76 55
10 66
9 23
35 37
51 48
82 22
29 45
9 58
61 95
27 6
3 34
97 51
90 91
79 92
37 41
14 43
48 65
20 22
36 3
63 6
75 21
78 4
39 11
99 83
75 66
78 53
14 77
1 12
24 2
76 24
12 7
25 89
53 81
1 46
41 53
85 50
2 56
89 48
48 97
39 67
81 57
82 92
37 50
13 63
59 66
58 73
12 49
18 81
38 63
85 47
79 17
29 79
23 20
63 42
18 22
96 92
97 71
51 16
57 43
79 5
19 17
92 90
90 70
26 90
12 61
7 85
53 17
60 80
26 27
57 41
88 55
58 60
59 85
94 16
11 15
56 62
98 52
70 17
16 93
23 13
97 11
56 11
8 21
83 79
62 64
32 17
23 25
1 65
84 10
99 16
93 10
8 22
37 1
89 32
85 92
51 19
79 48
51 89
97 66
61 60
13 18
34 85
96 74
77 75
41 27
31 79
97 89
84 1
26 48
41 68
36 55
9 28
16 46
82 68
18 27
27 19
48 11
39 65
1 61
57 34
93 67
80 66
87 94
27 83
87 60
86 94
1 95
19 23
16 18
4 17
49 74
2 37
73 5
18 38
31 53
80 1
13 58
62 80
49 19
27 87
73 54
16 73
11 75
80 18
69 78
78 15
98 61
24 50
33 40
27 17
53 29
15 69
44 33
15 89
80 74
41 36
63 29
25 59
23 42
48 16
98 63
21 41
88 2
99 7
84 87
60 43
28 96
16 47
51 94
26 35
67 79
98 46
20 90
11 45
78 44
36 79
27 11
69 98
36 96
61 32
88 7
26 73
31 87
77 58
76 20
6 31
75 34
57 9
38 78
13 95
34 17
33 85
25 18
74 19
20 81
28 88
52 73
15 59
27 71
2 9
47 98
33 35
64 5
45 72
98 18
71 75
61 59
78 23
5 85
95 81
12 33
58 82
78 21
14 6
60 83
37 3
5 36
72 49
77 2
35 12
90 19
1 96
72 90
86 68
99 92
4 94
73 46
78 14
15 18
25 40
86 91
45 39
38 54
14 90
20 87
41 46
25 79
85 64
92 55
45 28
93 85
62 76
69 59
28 91
21 85
65 92
93 48
84 31
53 80
21 42
19 33
14 55
99 91
26 55
44 5
75 90
91 14
64 90
4 18
77 50
94 28
71 42
58 83
63 3
2 21
35 39
46 52
14 21
25 80
26 54
43 29
2 84
79 2
7 92
9 66
6 70
69 93
44 67
65 6
67 22
78 42
3 62
52 99
72 85
67 37
37 9
67 74
54 53
17 96
53 2
34 9
84 95
10 40
61 92
99 77
39 27
62 61
32 96
94 69
67 5
50 98
29 37
86 14
92 93
40 29
57 23
25 20
38 35
97 4
93 34
48 42
40 18
97 53
66 71
36 74
42 28
96 21
97 52
42 1
3 55
26 95
14 40
71 18
83 93
46 69
6 29
19 57
94 6
19 67
21 53
86 57
84 78
30 31
19 53
32 19
86 82
15 38
69 1
12 26
69 16
21 65
29 86
18 79
59 9
60 74
12 98
31 93
63 97
32 29
62 24
24 98
23 16
18 19
80 5
83 40
6 53
62 69
2 96
98 13
9 86
78 56
5 4
52 69
30 75
92 84
54 98
33 31
94 8
31 48
81 90
19 70
15 83
19 45
99 53
44 62
45 36
29 9
20 94
97 46
44 66
30 86
69 61
94 99
23 61
25 11
64 26
72 65
93 12
21 45
1 74
4 58
26 60
89 59
92 51
98 37
60 17
24 66
61 57
40 36
74 54
4 35
62 91
14 74
67 80
43 41
18 20
93 57
63 85
31 8
53 26
99 79
68 38
33 36
98 7
31 57
23 43
77 8
29 80
75 54
24 55
74 40
74 47
93 66
19 62
30 18
54 64
35 34
47 7
22 29
83 91
24 86
20 26
10 33
70 33
7 64
47 76
60 48
69 22
16 56
90 5
22 25
61 67
28 2
15 56
76 38
40 48
93 43
18 23
41 66
81 35
57 45
42 4
84 18
85 16
10 24
48 96
22 31
89 6
5 92
30 29
3 73
22 91
3 57
98 62
82 52
82 95
77 47
4 29
25 1
76 93
21 55
12 37
29 19
62 40
58 53
87 19
22 24
21 30
13 73
43 21
20 41
55 69
30 87
82 53
63 84
3 5
14 69
70 42
25 16
12 41
93 95
92 63
20 27
46 51
11 50
25 36
43 83
63 27
46 58
49 13
34 95
87 49
57 65
91 79
92 66
64 83
69 36
48 15
12 32
16 45
85 32
76 17
8 43
86 32
49 54
95 47
49 60
94 44
28 82
53 37
8 95
36 24
7 24
99 5
13 64
67 27
28 23
82 96
85 19
90 40
5 8
31 91
67 68
72 23
54 85
48 49
59 44
53 46
62 77
22 56
48 14
47 93
43 55
10 41
39 86
2 66
47 57
25 85
38 62
55 22
33 69
76 42
28 16
68 21
28 97
67 4
92 6
52 60
72 83
66 52
15 82
18 45
57 96
51 58
94 71
71 43
68 87
17 49
39 70
57 37
97 20
29 97
6 79
71 84
71 85
83 92
30 8
21 48
30 40
69 90
59 20
42 9
32 99
53 55
8 9
75 82
61 70
24 71
87 82
30 88
9 44
32 30
93 35
88 93
36 84
57 4
76 2
43 13
79 14
14 31
88 8
98 56
14 88
94 50
65 13
28 61
36 23
34 84
24 56
22 61
35 7
71 83
99 19
13 21
45 25
42 36
52 50
57 77
9 35
52 23
95 29
44 57
61 86
10 39
85 40
48 59
84 54
48 54
91 13
19 94
24 41
27 40
44 7
66 54
53 11
86 62
3 91
95 79
96 22
34 69
12 55
13 30
92 73
20 57
23 88
46 99
83 8
22 48
13 92
41 67
12 99
74 63
16 5
50 29
51 12
11 32
98 64
48 90
91 77
9 25
16 21
39 87
58 79
58 32
97 17
54 63
74 39
65 47
63 78
86 6
86 88
61 90
92 75
37 52
81 65
71 25
25 21
20 42
78 39
99 27
72 53
1 19
12 59
40 65
57 88
70 40
28 27
39 60
49 75
16 83
26 7
98 27
75 38
34 96
30 44
67 86
71 55
44 8
51 88
51 36
49 77
41 3
34 53
48 87
36 12
32 88
1 98
54 97
77 80
94 22
58 22
57 68
41 1
32 65
29 15
73 71
12 89
87 98
89 87
8 61
49 6
77 19
15 90
42 47
41 15
98 19
56 89
87 77
14 87
25 44
13 26
89 78
33 43
43 64
61 14
36 8
13 50
66 78
72 7
63 41
7 93
94 58
23 29
24 34
69 97
17 52
18 21
28 17
91 6
83 7
54 81
40 86
15 46
16 52
25 13
89 28
74 95
19 12
49 70
38 88
7 51
91 34
81 94
48 34
3 66
10 47
12 47
54 29
13 78
99 90
20 75
20 16
30 53
3 71
99 74
16 70
86 69
20 9
47 9
54 58
52 75
62 65
63 75
31 92
25 84
33 59
89 41
92 62
78 54
31 44
20 33
14 39
11 2
97 39
16 14
10 65
54 50
67 3
43 28
50 79
33 2
66 61
78 43
4 80
41 91
73 11
58 3
69 28
42 55
80 45
80 59
15 39
78 83
31 24
29 82
37 71
55 59
8 90
51 66
78 80
88 47
31 98
8 65
14 66
86 3
52 18
10 3
9 77
29 1
48 75
38 3
22 60
98 45
44 71
87 57
18 82
90 50
24 90
3 78
27 43
40 46
2 34
49 69
81 89
6 28
11 76
90 88
56 17
66 74
57 30
37 32
30 38
51 42
23 71
28 95
47 68
60 96
8 24
31 15
47 25
25 32
13 57
26 18
62 79
61 51
83 24
53 65
55 61
28 86
94 68
29 70
76 80
56 21
84 97
32 87
42 65
32 6
39 82
1 45
59 30
93 58
20 70
78 51
63 14
63 5
5 51
25 38
32 66
88 78
30 95
64 52
6 15
4 88
32 69
90 3
86 38
80 9
44 76
73 60
76 35
7 62
85 68
91 80
17 40
62 5
53 62
87 65
79 19
55 74
8 81
95 21
31 39
75 56
2 91
76 69
58 11
36 75
26 41
49 80
23 92
22 66
85 51
58 62
98 42
21 11
81 6
42 93
10 8
30 25
71 10
43 90
95 14
59 13
57 12
58 1
26 81
49 88
46 28
87 69
89 43
66 48
25 95
78 52
22 95
40 12
17 26
8 48
19 75
46 54
20 72
18 41
43 63
96 9
81 1
94 84
24 68
86 10
68 35
27 64
32 16
44 64
2 31
75 10
53 18
82 73
69 92
88 1
71 28
35 85
78 5
30 22
42 31
86 49
21 17
94 98
72 88
3 44
62 33
51 30
48 72
98 90
24 12
29 31
78 9
87 70
7 6
84 46
26 68
26 94
31 85
79 86
33 53
33 65
17 13
71 60
5 28
66 29
58 87
14 17
81 73
67 31
17 66
26 22
53 1
78 94
13 20
5 42
74 29
19 65
61 63
45 10
61 83
3 52
94 63
46 30
82 45
61 46
79 52
24 29
65 34
53 7
96 94
58 48
96 29
95 18
79 45
60 78
37 15
25 67
24 96
82 32
36 92
87 24
84 91
74 15
30 99
13 15
71 92
87 52
93 19
73 77
11 95
12 14
83 45
72 58
92 4
71 2
4 2
86 89
37 22
41 11
91 30
23 15
85 79
44 61
57 49
91 7
51 39
32 78
6 45
87 26
58 56
33 81
97 61
60 70
46 31
84 27
53 68
98 92
5 33
10 59
14 47
2 14
16 57
11 81
68 90
70 63
64 71
90 22
47 40
70 4
25 39
11 77
26 57
66 88
41 34
29 17
49 47
23 66
68 37
12 44
3 69
23 4
97 43
43 34
4 85
79 69
82 40
95 89
46 70
84 49
54 19
77 44
88 77
76 36
59 26
67 47
62 35
71 47
81 76
33 93
53 42
17 11
80 10
84 88
53 57
9 11
58 5
39 2
33 46
10 42
49 92
42 50
53 8
84 52
44 63
43 61
75 23
49 5
66 19
37 21
58 31
21 63
95 23
29 13
53 9
33 47
16 9
18 61
17 86
88 43
83 4
51 20
31 5
95 94
44 52
57 97
80 87
14 13
75 50
16 95
51 96
57 56
36 53
77 97
64 24
5 40
60 94
7 22
76 63
32 36
83 54
92 29
47 38
48 82
78 86
33 58
36 20
57 58
50 18
57 71
43 76
29 91
78 92
96 27
17 42
58 10
55 75
50 80
71 4
51 4
8 57
48 71
86 26
24 5
48 76
49 26
76 18
2 36
16 1
7 49
52 11
70 5
48 44
53 14
62 37
64 1
75 73
84 82
17 95
27 85
52 28
36 37
59 52
5 23
91 74
27 50
79 66
86 31
20 54
53 48
70 45
35 77
70 97
81 12
37 46
1 51
31 72
78 28
22 64
25 72
73 29
1 24
47 59
39 20
73 24
45 34
27 45
63 87
5 21
57 92
54 9
12 42
64 56
61 82
81 88
33 29
21 29
72 14
77 83
85 99
22 2
88 94
96 26
71 72
42 26
71 91
59 17
54 7
13 87
35 45
11 20
97 82
55 89
99 72
15 75
29 11
76 3
91 50
11 88
35 2
4 13
42 89
61 27
55 91
50 14
96 69
34 56
20 7
52 77
84 28
59 37
70 48
4 8
43 37
33 4
82 17
43 44
8 60
4 26
75 3
67 69
8 18
24 75
51 35
33 89
88 9
70 78
3 9
10 54
92 68
27 60
58 42
66 40
75 61
1 57
46 77
73 62
6 83
97 24
32 23
96 62
82 89
49 50
57 54
82 80
16 30
53 44
82 26
16 92
31 51
84 51
38 77
29 51
56 4
14 38
57 80
88 10
91 26
52 86
28 24
73 96
86 18
27 42
46 56
50 55
39 75
82 34
61 72
88 80
87 3
92 88
73 53
13 37
37 83
89 68
70 18
26 66
22 38
20 68
2 69
18 48
90 97
81 34
38 84
12 82
30 47
12 38
1 68
87 59
97 93
6 67
12 22
68 7
98 60
92 80
72 84
63 83
44 58
81 60
19 42
57 82
80 31
82 7
5 12
95 40
14 76
39 3
82 59
79 26
93 74
82 90
99 4
16 61
86 5
53 89
51 34
27 7
99 66
73 48
46 67
87 92
32 51
51 93
29 8
95 49
85 2
38 43
73 10
8 64
48 39
58 24
6 66
7 39
99 38
62 95
73 55
3 2
73 69
76 49
46 6
21 23
50 88
80 72
64 96
34 61
26 43
18 69
42 95
10 53
78 75
10 62
70 72
70 67
70 71
43 3
81 38
88 70
76 16
76 65
98 16
90 45
90 57
72 94
96 7
32 3
84 37
19 25
29 69
1 72
5 6
9 71
79 60
54 13
67 38
59 96
28 19
78 49
9 30
92 64
91 38
30 7
59 19
21 92
92 11
45 50
36 1
24 4
98 25
45 71
49 1
95 73
81 99
45 53
59 5
40 89
71 33
83 1
36 82
50 19
46 87
6 40
50 3
35 14
28 41
80 94
2 52
97 2
48 62
66 25
37 24
71 36
31 18
96 37
63 57
18 97
58 52
54 34
70 50
69 24
61 52
75 60
47 72
68 88
18 87
35 59
57 5
44 29
27 8
71 39
72 44
34 74
50 1
90 67
93 87
16 90
24 17
64 10
19 22
98 8
18 43
55 37
83 10
16 4
47 99
21 84
94 59
19 69
69 81
76 72
44 96
84 62
85 69
37 93
87 41
17 36
13 75
13 79
72 67
95 77
7 4
50 35
62 81
16 15
51 81
27 72
64 20
15 87
54 59
2 42
84 4
27 24
12 84
94 70
55 64
58 35
52 14
28 26
32 60
23 59
94 65
79 53
68 58
98 48
56 77
76 77
7 59
98 96
54 35
61 84
55 45
14 8
54 61
80 70
71 51
23 26
1 85
69 57
87 36
3 65
82 1
65 80
27 92
16 87
77 5
12 16
19 97
73 94
43 35
13 56
67 64
60 63
2 32
53 50
1 27
45 85
25 99
56 39
3 59
87 97
11 4
92 72
27 51
37 64
47 18
56 88
89 61
21 36
78 76
90 76
25 10
38 95
45 12
41 38
36 60
25 48
44 92
34 16
66 30
80 83
2 83
50 93
61 96
42 11
19 63
16 39
44 55
68 77
61 2
81 92
67 13
1 7
69 74
10 79
2 50
37 74
37 94
63 35
9 48
17 90
79 94
38 51
89 71
7 74
74 98
27 91
42 96
35 29
34 33
32 97
85 73
33 87
27 80
40 88
63 20
32 98
23 45
43 16
11 69
83 86
90 9
68 27
13 35
36 97
5 66
1 97
29 3
64 28
53 51
56 84
78 16
99 93
23 37
53 15
62 88
72 2
89 1
79 61
22 88
73 70
96 89
22 46
80 85
73 57
24 63
14 99
77 6
50 32
91 69
40 34
49 32
65 29
61 17
25 43
45 31
54 68
99 70
62 31
41 6
66 63
91 9
37 81
92 28
44 97
43 48
69 72
71 58
60 54
46 12
75 58
12 75
65 54
70 75
96 84
45 20
93 20
55 33
23 97
58 18
97 79
87 4
42 91
5 45
78 59
21 9
77 4
22 74
59 1
55 13
75 47
55 18
89 80
52 85
33 3
66 57
62 6
59 68
34 52
4 12
24 20
87 72
43 80
46 89
38 6
19 34
90 42
10 34
1 6
51 67
81 47
8 26
47 43
69 71
70 28
13 8
22 49
99 9
96 91
79 81
75 35
14 96
98 11
43 79
2 47
21 71
49 39
93 2
43 95
4 3
89 5
99 57
96 20
2 57
29 72
28 35
23 86
36 29
76 54
53 3
46 45
82 74
53 38
49 25
4 48
37 86
9 33
64 88
78 95
36 34
25 65
16 2
71 34
48 99
27 38
33 6
47 13
95 80
87 38
27 3
22 33
47 45
55 99
91 15
35 72
65 35
99 41
91 63
62 50
67 73
32 81
40 93
66 69
38 74
14 84
43 11
75 94
19 61
54 70
7 42
36 47
56 96
1 55
43 31
63 28
9 15
51 62
25 83
89 8
28 72
99 40
70 89
20 99
26 63
36 68
82 13
77 51
33 21
86 22
26 29
50 17
98 99
18 59
70 62
18 37
27 22
86 12
41 42
30 14
36 66
76 59
62 36
20 55
2 78
87 8
51 57
95 15
92 86
83 84
70 13
62 8
74 20
7 89
71 40
53 20
8 67
61 91
3 89
3 83
74 90
85 28
41 69
95 19
80 44
76 92
33 42
7 79
15 4
42 6
55 7
70 25
79 77
31 96
29 2
24 60
11 38
42 97
41 90
66 39
36 80
9 46
39 12
96 58
39 72
58 99
52 21
94 31
77 45
56 54
41 62
13 85
11 55
80 16
37 27
13 28
11 90
80 48
26 92
78 90
97 47
33 67
35 48
20 19
54 32
67 88
7 18
67 50
16 26
60 90
72 36
44 21
16 29
85 15
37 73
15 71
97 9
10 17
74 50
34 77
73 49
98 3
28 66
11 44
46 10
36 39
21 79
35 40
28 40
30 76
11 22
23 47
59 53
57 6
78 62
70 51
43 98
16 77
84 58
53 60
97 96
58 36
40 84
74 97
26 67
33 39
9 38
26 70
42 99
33 83
47 87
52 5
4 6
63 86
10 69
13 42
22 71
55 58
84 90
80 12
53 22
98 29
37 63
41 93
70 10
27 31
73 18
76 74
39 64
86 90
31 1
93 11
33 51
34 11
46 7
9 85
80 23
17 73
56 44
54 87
83 57
85 11
85 70
31 7
89 54
87 55
91 81
57 35
24 92
17 54
79 20
61 45
76 99
64 47
37 7
88 54
80 54
29 76
19 83
13 69
13 76
48 56
89 79
85 76
33 91
45 32
94 35
32 67
72 98
54 51
80 24
81 14
14 42
89 20
10 23
4 43
22 23
28 76
92 30
76 91
96 49
95 20
90 63
85 94
63 99
66 15
81 22
87 74
80 98
85 3
77 27
74 11
50 57
6 58
47 46
73 30
59 8
74 57
35 44
5 48
79 75
57 94
41 25
82 66
61 49
46 65
61 38
20 85
42 82
82 83
57 21
49 94
80 81
91 35
67 77
73 4
72 78
95 31
58 12
17 94
30 62
8 37
25 31
38 45
78 85
52 71
50 48
70 55
52 6
10 18
60 29
36 27
99 31
64 80
66 70
29 52
72 5
76 71
57 33
39 58
65 31
23 46
73 45
38 5
64 75
28 20
91 60
99 95
92 14
71 49
96 41
86 41
29 75
5 97
65 83
28 51
35 96
42 44
34 30
30 2
34 67
49 97
80 19
61 99
31 23
41 30
20 31
74 48
85 49
38 21
77 26
47 91
64 78
23 73
42 74
98 14
87 81
6 50
95 54
95 2
34 98
12 73
39 61
20 61
55 30
68 65
49 51
31 9
92 58
35 71
16 31
25 12
16 17
69 27
14 85
5 71
31 63
75 45
86 1
98 58
79 57
94 15
37 56
89 52
80 7
7 57
34 1
92 43
36 48
13 7
51 44
79 33
52 49
74 59
44 16
67 71
77 92
50 84
54 14
12 23
18 67
33 86
21 39
71 16
52 63
73 36
67 52
14 28
38 23
45 14
79 96
31 83
41 59
17 15
20 78
93 68
32 63
52 40
1 20
97 45
56 25
49 20
1 91
95 56
58 74
15 19
64 72
43 9
15 61
46 3
55 9
82 46
35 8
32 56
9 75
73 64
57 76
25 4
33 73
66 13
12 2
17 2
46 21
7 16
23 84
71 7
12 53
41 64
60 34
8 63
69 53
98 76
54 52
8 42
62 34
96 8
47 6
96 52
10 13
52 22
51 11
99 50
6 82
24 44
92 15
79 54
39 37
15 99
5 65
24 46
86 45
60 33
29 83
46 4
33 78
41 7
40 64
83 96
39 29
2 26
39 54
72 34
49 64
81 36
46 75
74 26
30 85
72 26
67 95
74 56
56 66
35 67
53 77
61 88
42 87
44 39
13 81
38 33
6 11
69 82
11 71
58 65
77 13
11 46
24 49
74 16
81 29
34 39
81 93
86 44
19 5
95 60
49 15
65 27
97 98
83 36
62 2
2 40
34 80
59 57
74 43
59 99
21 15
41 85
82 76
23 55
8 75
97 50
93 89
23 17
16 66
11 61
22 99
21 72
7 48
49 65
96 43
53 32
5 30
35 90
94 52
94 92
37 11
77 64
33 76
28 33
68 55
39 41
65 63
22 35
30 82
83 55
64 93
30 69
17 84
5 32
60 69
68 13
55 2
9 50
16 19
44 93
68 84
10 91
76 87
63 80
89 69
98 91
54 91
92 35
66 91
54 82
6 39
77 20
64 15
74 44
6 13
65 86
90 85
23 74
90 96
57 75
84 73
76 10
60 47
40 69
95 39
86 51
95 32
32 68
69 31
52 88
39 22
56 26
64 4
10 56
9 4
26 89
62 23
42 40
22 65
82 19
61 26
27 9
18 44
93 24
18 6
28 57
52 74
92 52
37 72
31 37
78 45
78 99
93 53
87 11
77 12
49 14
50 82
24 35
77 37
54 69
72 86
40 16
44 46
87 37
89 31
79 38
1 48
94 47
32 27
47 50
77 31
96 16
36 59
70 86
77 48
40 4
98 5
77 86
52 70
94 77
19 72
56 65
67 10
17 89
82 63
77 21
56 67
14 59
74 41
53 5
63 88
84 85
28 90
74 4
23 3
76 21
60 16
22 80
74 53
38 70
22 41
46 48
45 89
30 64
24 82
58 86
63 16
17 20
85 10
42 32
4 14
73 31
54 36
11 82
97 8
67 87
95 87
13 51
56 14
39 52
26 83
72 60
68 99
73 56
21 10
55 54
52 9
47 39
99 73
77 96
62 47
70 56
6 99
78 91
65 37
58 17
20 88
93 96
6 93
95 4
34 29
44 23
98 9
12 17
76 58
27 70
2 65
63 46
98 95
86 48
3 42
44 81
47 79
89 38
71 80
9 10
79 90
49 81
38 31
15 5
82 55
42 30
73 6
72 82
85 67
83 30
95 88
61 76
73 72
98 73
28 15
50 34
33 95
45 99
55 79
89 22
60 19
88 59
10 92
51 17
43 20
73 42
92 9
90 6
78 58
30 11
87 6
75 69
63 39
51 82
69 48
71 95
39 96
48 85
58 29
34 32
10 20
83 52
11 91
16 72
9 60
90 34
62 49
70 12
80 52
54 30
47 73
10 43
31 68
34 55
49 53
41 78
83 85
20 29
38 57
75 87
19 86
13 44
46 90
57 15
28 21
22 34
7 8
55 10
64 36
65 74
85 96
87 62
89 64
48 24
91 49
76 26
10 61
75 26
17 35
51 10
15 50
59 97
84 9
44 50
60 65
51 15
91 58
90 18
99 84
47 83
24 51
40 1
92 47
84 35
61 50
89 90
95 76
49 35
65 90
20 92
22 62
68 97
21 24
92 70
40 11
5 17
4 10
32 94
78 7
6 44
64 32
88 33
13 60
51 69
12 31
42 60
49 31
64 9
29 77
62 4
79 44
46 17
44 1
79 30
25 92
15 1
2 75
35 6
70 24
36 89
37 30
72 13
62 43
1 67
93 55
93 45
23 79
9 24
55 80
51 6
8 46
24 15
88 97
38 93
6 64
34 58
89 76
76 70
26 24
49 99
99 97
6 36
68 98
31 74
45 52
17 7
42 38
15 25
9 18
71 56
22 15
84 55
73 88
82 47
5 91
50 30
55 77
87 78
30 65
71 77
49 42
71 19
97 85
92 95
87 40
26 51
41 29
75 86
3 68
3 30
78 11
26 84
80 69
22 50
55 67
1 63
61 30
28 81
38 7
74 5
94 55
49 18
53 76
41 45
41 94
34 89
34 37
99 65
75 5
85 55
96 3
74 46
10 35
47 27
73 65
29 68
59 21
84 42
15 77
98 84
6 8
49 9
65 14
35 15
8 50
57 89
92 33
12 92
78 55
24 43
99 8
94 13
60 14
93 29
25 86
36 46
19 31
6 22
69 65
82 21
65 11
85 56
99 87
74 21
67 60
65 95
15 8
85 43
82 56
62 16
75 91
46 14
33 11
87 5
51 87
20 56
26 69
41 77
96 23
68 43
26 80
37 38
55 60
33 74
76 12
78 79
90 30
18 28
5 47
29 47
8 70
6 21
43 12
20 84
42 46
32 38
91 19
41 9
82 98
56 43
31 17
56 47
40 38
98 85
79 28
35 79
23 49
84 29
96 86
87 56
5 35
54 86
97 26
29 10
42 16
12 88
45 84
53 61
64 76
97 62
35 19
24 61
92 50
45 69
73 93
94 24
95 59
14 26
74 51
18 89
99 39
47 21
7 94
77 74
77 59
79 98
39 89
22 92
55 98
58 20
71 54
16 54
67 53
44 10
34 14
52 33
73 50
45 64
78 65
70 31
30 35
62 52
52 8
6 61
75 43
83 23
57 67
60 62
81 64
86 8
2 90
81 75
48 88
90 71
97 67
29 48
38 92
21 35
63 10
76 88
3 47
75 59
49 3
55 66
30 78
65 77
88 71
77 84
63 95
75 7
41 97
28 54
72 55
40 54
91 21
31 35
15 88
35 80
76 19
40 24
60 2
69 99
46 39
25 60
39 17
31 11
91 45
39 40
78 48
62 42
11 62
68 56
65 50
72 9
61 93
81 61
70 14
46 43
24 91
57 40
20 3
16 64
38 52
75 14
95 48
68 9
59 79
47 35
92 53
65 70
90 51
26 47
88 87
23 48
36 26
81 59
63 73
37 25
82 31
90 29
3 22
60 82
90 33
95 70
84 53
26 31
11 26
43 42
61 5
29 55
99 1
22 85
65 71
66 18
98 33
38 17
86 55
22 75
31 90
97 31
96 81
97 15
11 89
75 37
38 97
68 30
53 27
34 27
63 55
99 11
41 84
8 91
54 90
12 72
56 52
51 64
37 51
62 21
60 64
11 83
84 67
53 85
27 13
39 77
29 56
97 56
89 72
90 38
9 22
95 91
84 76
9 82
80 38
79 56
33 68
4 82
51 73
45 4
56 93
36 88
13 32
20 69
67 7
94 90
32 44
32 83
16 86
24 25
17 87
78 36
84 59
53 47
37 97
57 36
83 38
29 89
35 16
32 20
56 23
44 38
28 32
47 78
56 8
77 81
21 64
19 13
97 72
33 27
71 99
81 39
1 32
26 46
41 44
87 29
6 3
75 33
90 73
13 97
96 12
51 99
86 53
14 15
33 82
58 19
50 10
63 72
28 50
2 51
95 58
66 37
74 61
35 88
99 89
78 40
13 88
54 94
54 11
44 68
77 42
35 11
63 89
15 54
16 55
25 53
67 91
59 31
98 10
56 80
28 99
47 89
28 3
39 1
22 98
58 37
45 44
13 45
88 41
88 58
93 78
8 92
65 18
39 94
46 13
63 30
74 89
54 93
10 26
82 81
21 31
74 25
78 82
24 78
58 25
16 65
66 8
49 93
18 68
32 70
58 66
9 70
34 64
79 39
17 92
46 66
76 7
19 48
51 75
91 72
64 50
66 98
86 66
87 53
18 46
84 13
22 36
78 34
94 83
8 20
37 26
43 40
76 4
78 8
17 67
68 49
27 14
36 90
63 17
41 54
45 2
58 67
19 38
75 95
54 72
83 70
10 95
50 89
40 58
62 18
66 89
3 60
55 15
4 66
70 15
39 4
26 52
65 12
7 43
83 67
69 7
96 80
89 24
66 67
33 30
66 77
84 89
81 78
85 91
6 16
75 84
21 58
37 28
94 9
81 4
6 88
82 25
63 22
1 54
3 11
64 53
89 16
15 81
43 32
69 83
77 43
93 75
9 51
39 30
56 53
28 1
78 37
6 25
68 28
48 13
25 97
59 60
65 41
91 40
89 44
15 34
90 95
82 71
63 58
24 77
12 20
38 39
47 8
75 80
93 62
21 54
76 22
35 82
43 1
38 36
88 26
4 91
19 30
98 21
85 44
81 24
62 83
78 19
76 46
44 2
10 74
79 12
90 23
60 99
4 22
88 19
49 21
76 67
19 55
70 96
3 25
86 35
96 45
25 88
7 60
79 68
51 83
94 62
15 10
74 72
79 32
86 73
81 19
71 87
88 37
64 59
59 49
63 59
78 26
47 37
15 72
68 40
77 90
95 41
89 83
32 33
22 21
31 47
95 12
37 33
6 56
23 34
45 60
85 24
18 17
64 19
63 67
83 22
77 70
25 87
51 50
90 52
9 81
61 73
47 61
7 52
59 83
4 41
88 45
38 2
41 83
85 17
41 79
94 91
73 34
26 58
21 50
95 72
77 28
13 41
55 5
45 95
96 88
76 79
81 31
36 86
79 37
95 5
2 15
16 37
62 71
19 73
18 78
60 86
24 74
48 61
6 19
51 52
45 63
59 38
38 85
83 74
55 38
75 76
40 96
40 81
4 34
81 50
45 37
94 34
41 80
37 89
72 79
64 87
52 30
21 88
23 51
21 87
35 23
19 89
59 29
34 20
18 83
64 38
14 29
85 8
87 10
68 15
47 58
80 3
93 79
2 81
93 18
90 87
20 67
14 19
87 44
46 78
20 73
58 30
95 52
54 33
12 10
94 14
79 63
31 55
70 21
10 78
17 68
64 23
94 1
98 88
1 56
42 22
72 59
95 3
88 46
32 18
91 17
87 83
17 25
38 96
54 44
33 48
36 43
80 93
8 39
55 6
33 72
56 72
54 27
25 75
29 28
44 60
57 11
1 22
73 91
28 25
25 94
30 72
46 91
80 47
55 28
49 43
66 1
46 81
81 84
6 60
98 39
99 10
97 14
16 75
85 29
2 67
57 46
52 13
73 59
55 46
40 15
32 14
48 30
29 94
25 46
1 11
26 44
62 25
93 22
8 55
46 5
40 60
9 39
19 44
91 93
23 53
11 23
9 95
61 56
98 51
84 16
1 70
17 93
64 42
37 70
15 79
93 28
33 66
57 98
38 56
73 66
88 60
96 55
82 5
60 68
89 13
59 98
71 32
42 69
16 41
56 7
59 28
73 68
9 93
72 24
59 92
60 46
53 39
84 6
41 48
81 55
45 26
30 80
64 3
91 82
75 18
59 93
76 6
37 20
77 40
61 37
34 68
40 49
43 54
11 79
97 12
84 69
38 66
76 56
51 95
90 62
59 45
87 7
96 46
13 33
73 43
3 74
72 17
4 75
66 83
30 23
43 66
1 30
35 52
25 50
19 9
45 58
54 18
98 75
67 23
86 56
65 59
90 93
38 58
60 15
50 68
67 82
12 54
52 27
70 44
90 12
4 30
14 51
92 32
12 28
5 93
87 73
16 3
57 84
45 15
31 56
63 9
60 5
58 49
16 49
5 9
36 94
65 38
33 45
15 33
68 45
8 80
80 51
83 76
53 71
15 63
2 92
15 67
90 32
33 50
89 94
70 69
35 64
10 11
65 85
76 73
1 26
38 50
59 58
54 25
34 49
31 66
23 91
11 94
20 82
44 20
92 54
27 79
4 96
50 71
63 18
39 19
91 20
34 66
66 47
62 57
42 37
51 41
61 77
92 56
10 89
75 88
84 5
24 32
62 85
63 69
60 28
83 28
8 54
28 31
72 50
32 35
29 64
21 67
73 79
17 45
77 69
31 54
71 31
65 97
92 1
62 26
69 17
41 75
99 43
53 13
12 94
69 43
49 66
23 33
23 76
39 59
67 43
62 12
21 94
57 48
40 92
5 76
33 96
16 13
21 4
88 74
75 68
86 59
95 44
8 38
12 78
99 29
30 81
18 39
42 81
82 10
46 85
91 89
18 34
88 39
35 41
85 18
30 94
12 52
65 43
22 84
62 68
26 9
46 64
65 45
2 63
9 89
12 83
41 76
10 68
65 7
28 49
3 51
78 71
92 89
87 91
4 50
72 57
8 16
79 88
17 57
44 17
69 8
84 70
19 68
14 22
7 90
2 80
81 16
70 93
48 52
4 61
97 6
11 96
68 74
70 58
88 18
91 97
18 3
32 73
22 73
7 95
17 75
65 26
97 80
70 91
68 23
19 26
1 35
2 98
6 98
49 98
16 24
53 88
61 40
68 71
23 87
99 36
35 66
96 50
99 80
28 4
27 95
38 20
81 68
87 86
32 62
29 38
9 69
67 62
90 80
56 90
60 23
94 53
78 6
58 85
11 86
64 18
13 39
11 66
93 3
51 72
38 24
98 93
65 91
69 50
97 78
45 94
1 87
79 4
90 13
13 36
51 21
27 75
97 60
41 50
45 22
39 73
97 34
65 64
44 36
44 99
85 87
59 34
24 52
96 47
47 19
13 3
88 42
91 56
67 49
81 86
95 64
7 10
43 30
5 39
74 45
83 21
55 4
43 50
8 73
15 44
68 16
4 36
56 69
66 53
60 38
88 17
91 53
9 1
34 88
72 43
83 14
41 61
64 33
76 37
37 80
97 55
89 4
28 48
10 16
53 90
47 1
76 51
37 99
34 92
84 44
98 26
76 66
3 21
10 2
99 75
26 93
86 4
6 59
30 17
50 58
17 64
81 63
91 51
64 94
53 98
24 23
17 6
64 31
29 25
16 82
10 94
46 38
7 97
7 15
94 18
70 36
77 93
91 57
52 91
42 86
41 2
78 96
84 8
87 28
7 9
73 78
87 61
8 74
32 74
27 78
24 57
81 45
79 34
7 70
58 64
52 57
29 42
65 17
44 34
40 9
49 83
51 8
62 54
30 60
95 96
82 3
39 57
56 9
85 61
36 49
99 82
6 26
18 24
21 80
82 64
63 62
68 5
92 42
95 53
55 40
86 99
40 7
86 20
28 56
1 73
97 10
78 77
94 23
76 68
48 20
87 9
66 84
23 65
7 73
93 36
41 5
52 53
35 78
88 82
74 94
14 73
59 16
60 92
51 63
57 95
56 63
64 74
77 36
13 40
32 47
17 83
70 2
28 22
33 41
52 72
86 97
78 98
3 24
86 46
66 21
48 84
54 3
74 18
27 58
26 3
98 89
35 55
6 68
21 97
97 40
94 82
44 40
65 79
39 42
86 64
48 6
22 59
45 9
85 66
48 67
20 98
41 8
97 30
64 61
67 92
44 22
72 18
41 40
67 99
40 3
76 60
77 3
72 22
82 14
80 40
59 50
57 14
32 75
82 8
34 8
13 38
42 61
12 68
29 27
91 36
74 17
81 23
73 83
55 39
86 93
5 94
2 5
27 73
8 25
13 31
82 27
51 40
15 47
37 49
10 37
27 62
65 55
50 63
37 17
58 43
28 34
84 80
40 75
85 81
82 85
23 1
70 23
79 80
40 50
2 27
66 96
25 2
84 11
9 36
87 79
37 48
55 41
68 25
35 53
17 78
41 19
28 73
25 69
71 59
20 71
46 29
5 56
79 49
42 35
82 65
69 5
28 44
64 66
26 99
6 80
20 66
46 95
13 62
13 24
23 82
61 78
21 40
77 63
50 20
68 11
43 19
23 7
6 24
80 39
34 46
84 93
80 15
66 50
98 70
75 67
89 23
99 24
77 98
60 1
79 24
47 90
31 36
93 21
20 46
49 82
84 65
79 74
96 75
84 79
1 13
19 96
84 64
66 90
24 33
24 47
66 62
37 5
73 2
52 68
70 30
14 7
4 49
63 64
85 89
69 58
83 68
83 50
36 50
69 88
34 76
1 78
53 83
17 3
68 51
25 81
7 45
62 15
57 25
64 14
3 56
60 77
85 6
31 3
36 19
25 5
38 4
48 94
93 30
69 47
30 84
87 35
43 86
7 3
16 79
45 30
18 77
47 44
81 83
88 31
9 79
8 93
77 22
11 72
35 89
1 21
23 85
41 71
4 54
74 9
31 52
74 12
47 54
34 7
50 60
88 3
60 41
69 64
63 68
5 20
67 40
91 44
32 31
60 51
92 45
36 63
19 11
72 3
65 4
24 53
27 10
68 42
27 86
69 37
5 50
32 77
61 58
73 35
55 95
35 98
57 78
52 25
15 30
48 92
2 8
5 7
25 35
86 98
17 80
96 63
95 66
51 59
72 93
15 96
48 91
84 86
43 87
4 63
72 77
84 43
75 53
58 97
17 77
96 71
27 23
17 22
85 57
33 94
12 18
81 67
99 34
71 86
65 96
56 18
54 23
27 88
57 18
82 79
41 32
52 42
30 71
93 15
25 93
65 52
16 50
96 13
99 62
47 48
73 15
59 40
11 14
26 32
73 74
22 32
10 72
68 2
97 81
67 96
82 93
85 74
24 54
49 89
17 55
37 4
62 72
80 58
74 86
70 53
50 46
2 89
76 32
29 71
56 50
63 12
39 26
41 49
68 95
48 63
93 1
42 54
30 96
62 29
55 25
79 51
7 28
47 20
32 57
68 22
84 19
94 43
63 93
54 2
7 77
31 75
14 67
83 88
60 21
9 67
84 15
9 17
50 26
28 67
15 20
26 40
46 93
15 26
36 85
67 30
20 60
33 1
31 61
74 27
87 2
70 57
98 67
35 61
77 23
32 39
98 38
76 86
90 21
59 24
23 69
20 40
54 67
77 33
17 81
3 81
23 8
52 1
27 46
8 58
41 56
88 24
68 39
60 85
86 95
50 39
83 44
32 72
57 22
86 21
52 15
35 74
98 41
49 2
78 31
59 42
59 56
68 70
27 4
55 90
83 42
18 42
96 99
92 41
15 42
12 71
58 28
64 97
75 83
76 52
36 52
17 99
35 36
68 72
66 7
49 55
75 1
7 86
36 11
38 82
79 64
1 79
27 48
22 13
89 73
74 70
1 62
79 71
82 77
39 85
33 97
2 46
3 19
59 32
30 10
22 97
37 40
70 43
21 32
9 83
72 75
28 30
88 89
36 18
58 89
35 27
25 51
71 6
64 48
76 1
84 39
84 33
31 50
93 94
30 89
24 65
49 33
57 42
94 40
56 83
79 22
11 70
84 24
48 3
63 11
35 20
59 67
44 49
47 52
45 56
10 52
59 70
24 67
2 59
56 51
15 98
72 81
69 4
21 81
65 89
30 98
71 74
27 59
74 78
31 60
24 45
45 51
26 5
72 8
58 7
34 70
29 12
54 77
4 32
47 22
20 14
58 16
22 16
22 40
64 11
40 79
71 93
61 3
88 65
13 99
23 63
68 64
91 37
56 33
75 44
38 72
12 34
58 23
34 87
3 97
65 15
14 5
5 29
11 18
30 74
80 13
13 74
38 69
91 12
14 44
20 4
82 70
85 37
49 29
23 6
24 14
42 79
65 51
30 20
1 77
40 72
26 25
7 19
7 84
29 88
47 86
83 35
12 30
39 24
22 70
88 16
43 15
10 96
3 15
13 12
12 69
96 68
5 54
70 47
66 94
97 35
42 56
34 86
73 97
62 45
43 17
92 46
43 5
81 66
12 9
41 47
9 13
21 20
1 10
72 96
31 76
37 6
81 98
53 40
95 24
32 48
52 81
38 28
99 88
53 28
61 80
69 6
40 32
38 71
48 55
36 98
46 49
56 36
70 35
43 53
25 14
50 12
23 98
14 68
91 39
68 66
12 6
26 33
13 61
79 46
78 25
92 91
36 67
91 64
61 68
93 32
25 64
18 92
42 24
43 45
6 74
80 42
95 69
49 10
45 76
45 66
21 27
50 87
96 76
65 9
3 45
14 62
59 46
27 49
96 5
8 19
10 32
6 72
89 75
99 56
32 46
83 46
55 62
37 92
71 13
80 68
60 11
29 78
21 61
42 45
7 33
66 72
79 70
36 16
60 93
8 17
68 48
1 71
41 72
50 95
21 73
8 68
88 85
83 13
14 89
69 39
55 56
76 27
16 33
97 75
69 68
98 28
95 35
16 67
63 71
80 11
90 58
4 52
43 91
78 68
58 2
47 34
60 56
33 18
18 99
5 11
16 91
3 70
94 56
74 92
16 97
4 72
76 8
84 32
18 2
89 21
83 5
42 85
15 76
57 55
44 90
71 14
61 25
83 98
27 57
48 45
99 23
19 21
70 64
87 22
44 69
28 47
28 62
39 92
5 81
97 76
27 90
74 81
27 89
37 90
3 94
58 41
62 20
20 65
13 34
37 60
3 12
35 69
19 52
62 89
27 55
28 8
28 80
52 20
91 25
30 24
98 44
90 1
65 98
8 79
75 28
22 51
19 46
29 61
73 9
53 96
96 25
28 11
7 32
59 11
22 54
89 67
71 46
10 81
42 34
87 96
54 6
60 4
63 7
64 99
6 96
10 38
97 94
17 41
56 19
22 78
48 2
87 12
85 26
71 26
67 45
86 15
45 40
94 2
7 61
11 49
37 19
12 27
90 10
48 81
25 76
15 27
34 63
