4000 4888
1 2
1 3
3 4
3 5
5 6
5 7
5 8
6 9
7 10
9 11
10 12
11 13
13 14
13 15
15 16
16 17
17 18
17 19
19 20
20 21
20 22
21 23
21 24
23 25
24 26
25 27
27 28
27 29
28 30
29 31
29 32
32 33
33 34
32 35
35 36
35 37
36 38
38 39
39 40
39 41
40 42
41 43
43 44
43 45
43 46
44 47
47 48
48 49
48 50
50 51
49 52
51 53
51 54
54 55
54 56
55 57
55 58
57 59
59 60
60 61
60 62
61 63
63 64
63 65
65 66
66 67
66 68
66 69
67 70
68 71
69 72
72 73
72 74
73 75
73 76
74 77
77 78
76 79
79 80
79 81
79 82
81 83
81 84
84 85
84 86
85 87
87 88
88 89
89 90
88 91
91 92
92 93
93 94
92 95
95 96
95 97
95 98
97 99
99 100
100 101
99 102
102 103
101 104
103 105
103 106
106 107
107 108
106 109
109 110
108 111
111 112
112 113
111 114
112 115
114 116
115 117
117 118
118 119
119 120
118 121
121 122
121 123
121 124
124 125
123 126
126 127
127 128
128 129
129 130
129 131
130 132
132 133
131 134
134 135
134 136
135 137
135 138
136 139
139 140
140 141
139 142
142 143
141 144
144 145
144 146
146 147
145 148
148 149
149 150
148 151
150 152
150 153
152 154
152 155
154 156
154 157
156 158
157 159
157 160
159 161
160 162
162 163
161 164
162 165
164 166
165 167
165 168
167 169
169 170
170 171
170 172
170 173
173 174
172 175
173 176
176 177
176 178
176 179
179 180
180 181
181 182
182 183
183 184
182 185
184 186
185 187
186 188
187 189
187 190
188 191
191 192
192 193
191 194
194 195
194 196
194 197
197 198
198 199
198 200
200 201
200 202
201 203
203 204
202 205
205 206
205 207
206 208
206 209
208 210
208 211
210 212
212 213
213 214
214 215
214 216
215 217
215 218
216 219
217 220
218 221
221 222
222 223
223 224
222 225
225 226
224 227
226 228
227 229
228 230
229 231
230 232
230 233
231 234
232 235
234 236
236 237
237 238
237 239
239 240
240 241
241 242
241 243
241 244
243 245
243 246
245 247
247 248
248 249
249 250
248 251
251 252
250 253
251 254
254 255
253 256
254 257
257 258
257 259
258 260
259 261
261 262
261 263
263 264
263 265
263 266
266 267
266 268
268 269
267 270
268 271
269 272
271 273
271 274
274 275
275 276
274 277
277 278
277 279
279 280
279 281
280 282
282 283
281 284
284 285
285 286
284 287
287 288
286 289
287 290
288 291
289 292
290 293
292 294
294 295
294 296
296 297
296 298
298 299
298 300
300 301
301 302
300 303
301 304
304 305
305 306
306 307
307 308
306 309
307 310
308 311
310 312
310 313
313 314
313 315
315 316
316 317
316 318
316 319
318 320
318 321
321 322
321 323
323 324
323 325
323 326
326 327
327 328
328 329
327 330
330 331
331 332
330 333
332 334
332 335
334 336
335 337
335 338
336 339
337 340
338 341
341 342
342 343
343 344
344 345
343 346
344 347
346 348
347 349
348 350
349 351
349 352
351 353
353 354
353 355
355 356
356 357
355 358
358 359
357 360
360 361
359 362
362 363
361 364
362 365
365 366
365 367
366 368
366 369
367 370
368 371
371 372
370 373
372 374
373 375
375 376
374 377
376 378
377 379
378 380
379 381
381 382
381 383
381 384
382 385
385 386
384 387
385 388
388 389
388 390
388 391
389 392
390 393
391 394
393 395
393 396
395 397
395 398
397 399
399 400
398 401
400 402
402 403
403 404
403 405
404 406
404 407
407 408
408 409
409 410
410 411
410 412
410 413
411 414
413 415
413 416
414 417
417 418
417 419
418 420
419 421
421 422
422 423
422 424
423 425
425 426
424 427
427 428
428 429
427 430
430 431
429 432
432 433
432 434
434 435
433 436
435 437
437 438
438 439
437 440
439 441
440 442
440 443
441 444
442 445
443 446
446 447
445 448
448 449
448 450
449 451
449 452
450 453
451 454
454 455
455 456
454 457
457 458
458 459
457 460
459 461
461 462
461 463
461 464
464 465
463 466
466 467
465 468
467 469
468 470
470 471
470 472
472 473
471 474
473 475
473 476
474 477
477 478
476 479
479 480
480 481
480 482
482 483
483 484
484 485
485 486
486 487
485 488
488 489
489 490
490 491
491 492
492 493
492 494
493 495
494 496
494 497
497 498
496 499
499 500
498 501
501 502
502 503
501 504
504 505
503 506
505 507
506 508
506 509
507 510
509 511
511 512
512 513
511 514
512 515
513 516
515 517
516 518
518 519
517 520
519 521
521 522
522 523
523 524
524 525
523 526
526 527
527 528
528 529
528 530
529 531
531 532
532 533
531 534
534 535
535 536
534 537
535 538
537 539
537 540
540 541
539 542
542 543
543 544
544 545
543 546
545 547
546 548
546 549
547 550
549 551
549 552
550 553
553 554
552 555
555 556
555 557
556 558
557 559
558 560
559 561
559 562
561 563
563 564
562 565
563 566
566 567
566 568
566 569
568 570
568 571
571 572
572 573
572 574
572 575
575 576
575 577
576 578
577 579
578 580
580 581
581 582
582 583
581 584
582 585
584 586
584 587
587 588
587 589
588 590
589 591
589 592
590 593
591 594
592 595
595 596
596 597
597 598
596 599
597 600
600 601
601 602
600 603
602 604
603 605
603 606
605 607
607 608
606 609
609 610
610 611
610 612
611 613
613 614
612 615
614 616
615 617
617 618
617 619
619 620
619 621
621 622
622 623
621 624
622 625
625 626
624 627
627 628
627 629
627 630
629 631
629 632
630 633
631 634
632 635
634 636
635 637
635 638
638 639
639 640
639 641
641 642
642 643
642 644
643 645
644 646
645 647
647 648
648 649
648 650
650 651
651 652
651 653
651 654
652 655
653 656
654 657
657 658
657 659
658 660
658 661
660 662
660 663
663 664
664 665
664 666
666 667
665 668
667 669
668 670
669 671
669 672
672 673
672 674
673 675
673 676
674 677
675 678
676 679
677 680
680 681
680 682
680 683
682 684
683 685
685 686
684 687
687 688
688 689
689 690
689 691
689 692
690 693
693 694
692 695
695 696
696 697
696 698
698 699
698 700
699 701
700 702
701 703
701 704
702 705
703 706
705 707
706 708
708 709
707 710
709 711
710 712
710 713
713 714
713 715
714 716
714 717
716 718
717 719
718 720
719 721
719 722
722 723
722 724
722 725
724 726
725 727
727 728
726 729
727 730
728 731
730 732
730 733
732 734
733 735
734 736
734 737
737 738
736 739
739 740
740 741
739 742
742 743
742 744
743 745
745 746
744 747
746 748
748 749
747 750
749 751
749 752
751 753
752 754
754 755
753 756
756 757
757 758
756 759
759 760
760 761
760 762
760 763
761 764
763 765
763 766
766 767
766 768
766 769
769 770
769 771
771 772
772 773
771 774
774 775
774 776
774 777
777 778
778 779
778 780
778 781
781 782
781 783
783 784
783 785
784 786
784 787
786 788
788 789
789 790
790 791
789 792
792 793
791 794
794 795
794 796
796 797
797 798
796 799
799 800
800 801
800 802
800 803
802 804
802 805
805 806
804 807
805 808
807 809
809 810
809 811
809 812
810 813
812 814
813 815
814 816
815 817
816 818
817 819
819 820
819 821
819 822
822 823
822 824
823 825
824 826
824 827
827 828
828 829
827 830
830 831
830 832
830 833
833 834
834 835
834 836
835 837
835 838
837 839
839 840
839 841
840 842
840 843
843 844
844 845
843 846
844 847
845 848
847 849
848 850
849 851
849 852
852 853
853 854
854 855
855 856
856 857
857 858
856 859
859 860
860 861
860 862
861 863
863 864
864 865
863 866
865 867
867 868
867 869
869 870
870 871
870 872
870 873
872 874
874 875
874 876
874 877
875 878
876 879
878 880
879 881
881 882
882 883
882 884
882 885
884 886
885 887
886 888
887 889
889 890
889 891
889 892
890 893
893 894
894 895
893 896
896 897
897 898
897 899
898 900
900 901
900 902
901 903
902 904
904 905
904 906
905 907
905 908
908 909
908 910
910 911
911 912
912 913
911 914
913 915
915 916
916 917
915 918
918 919
918 920
920 921
920 922
922 923
922 924
923 925
925 926
924 927
925 928
928 929
928 930
929 931
930 932
931 933
931 934
933 935
933 936
936 937
935 938
936 939
938 940
939 941
940 942
941 943
941 944
942 945
944 946
945 947
945 948
947 949
949 950
949 951
949 952
952 953
951 954
954 955
953 956
956 957
957 958
957 959
958 960
958 961
960 962
961 963
963 964
963 965
963 966
965 967
966 968
967 969
969 970
970 971
970 972
972 973
971 974
973 975
975 976
974 977
976 978
976 979
977 980
979 981
980 982
982 983
983 984
984 985
985 986
985 987
986 988
986 989
987 990
990 991
989 992
991 993
991 994
992 995
995 996
996 997
996 998
997 999
997 1000
1000 1001
1001 1002
1000 1003
1001 1004
1002 1005
1004 1006
1005 1007
1005 1008
1008 1009
1008 1010
1009 1011
1009 1012
1010 1013
1011 1014
1014 1015
1014 1016
1015 1017
1017 1018
1016 1019
1017 1020
1019 1021
1021 1022
1022 1023
1021 1024
1022 1025
1024 1026
1024 1027
1026 1028
1028 1029
1029 1030
1029 1031
1030 1032
1030 1033
1031 1034
1034 1035
1033 1036
1034 1037
1035 1038
1038 1039
1037 1040
1040 1041
1041 1042
1040 1043
1042 1044
1043 1045
1045 1046
1045 1047
1045 1048
1047 1049
1048 1050
1050 1051
1051 1052
1051 1053
1051 1054
1052 1055
1053 1056
1056 1057
1057 1058
1057 1059
1058 1060
1058 1061
1060 1062
1062 1063
1063 1064
1062 1065
1065 1066
1064 1067
1066 1068
1068 1069
1069 1070
1070 1071
1070 1072
1070 1073
1071 1074
1072 1075
1074 1076
1074 1077
1077 1078
1078 1079
1078 1080
1080 1081
1080 1082
1082 1083
1082 1084
1082 1085
1085 1086
1086 1087
1086 1088
1086 1089
1087 1090
1088 1091
1091 1092
1092 1093
1093 1094
1093 1095
1095 1096
1095 1097
1096 1098
1098 1099
1098 1100
1100 1101
1099 1102
1102 1103
1102 1104
1102 1105
1103 1106
1105 1107
1105 1108
1107 1109
1107 1110
1110 1111
1111 1112
1111 1113
1111 1114
1112 1115
1114 1116
1116 1117
1116 1118
1117 1119
1119 1120
1120 1121
1120 1122
1121 1123
1122 1124
1123 1125
1124 1126
1125 1127
1127 1128
1128 1129
1128 1130
1129 1131
1131 1132
1130 1133
1131 1134
1132 1135
1135 1136
1136 1137
1135 1138
1137 1139
1137 1140
1139 1141
1139 1142
1142 1143
1143 1144
1144 1145
1143 1146
1145 1147
1145 1148
1147 1149
1148 1150
1149 1151
1150 1152
1151 1153
1151 1154
1154 1155
1153 1156
1155 1157
1157 1158
1158 1159
1157 1160
1160 1161
1161 1162
1162 1163
1161 1164
1164 1165
1163 1166
1165 1167
1166 1168
1168 1169
1167 1170
1168 1171
1170 1172
1170 1173
1171 1174
1173 1175
1175 1176
1174 1177
1177 1178
1176 1179
1177 1180
1178 1181
1181 1182
1180 1183
1181 1184
1182 1185
1183 1186
1185 1187
1187 1188
1186 1189
1189 1190
1189 1191
1190 1192
1190 1193
1191 1194
1194 1195
1194 1196
1195 1197
1196 1198
1196 1199
1197 1200
1198 1201
1199 1202
1201 1203
1203 1204
1203 1205
1204 1206
1205 1207
1207 1208
1208 1209
1208 1210
1210 1211
1209 1212
1210 1213
1213 1214
1214 1215
1213 1216
1214 1217
1217 1218
1218 1219
1217 1220
1220 1221
1220 1222
1220 1223
1222 1224
1224 1225
1224 1226
1226 1227
1227 1228
1228 1229
1227 1230
1228 1231
1230 1232
1231 1233
1231 1234
1232 1235
1234 1236
1235 1237
1237 1238
1236 1239
1238 1240
1239 1241
1240 1242
1240 1243
1243 1244
1242 1245
1244 1246
1245 1247
1245 1248
1248 1249
1248 1250
1250 1251
1249 1252
1250 1253
1252 1254
1252 1255
1255 1256
1255 1257
1256 1258
1256 1259
1258 1260
1260 1261
1259 1262
1261 1263
1261 1264
1264 1265
1264 1266
1266 1267
1265 1268
1266 1269
1269 1270
1268 1271
1271 1272
1271 1273
1271 1274
1274 1275
1275 1276
1274 1277
1277 1278
1277 1279
1278 1280
1278 1281
1279 1282
1282 1283
1283 1284
1282 1285
1285 1286
1284 1287
1285 1288
1286 1289
1287 1290
1289 1291
1291 1292
1292 1293
1293 1294
1294 1295
1295 1296
1296 1297
1295 1298
1296 1299
1298 1300
1298 1301
1300 1302
1300 1303
1301 1304
1304 1305
1305 1306
1304 1307
1305 1308
1308 1309
1307 1310
1309 1311
1310 1312
1312 1313
1313 1314
1314 1315
1315 1316
1314 1317
1315 1318
1316 1319
1317 1320
1320 1321
1319 1322
1322 1323
1322 1324
1324 1325
1324 1326
1325 1327
1325 1328
1326 1329
1328 1330
1329 1331
1331 1332
1331 1333
1333 1334
1332 1335
1333 1336
1334 1337
1336 1338
1338 1339
1337 1340
1339 1341
1341 1342
1341 1343
1341 1344
1342 1345
1345 1346
1345 1347
1345 1348
1348 1349
1347 1350
1350 1351
1351 1352
1351 1353
1351 1354
1353 1355
1355 1356
1355 1357
1357 1358
1357 1359
1359 1360
1358 1361
1360 1362
1362 1363
1362 1364
1362 1365
1363 1366
1364 1367
1365 1368
1368 1369
1368 1370
1368 1371
1369 1372
1372 1373
1372 1374
1374 1375
1375 1376
1376 1377
1376 1378
1377 1379
1378 1380
1378 1381
1380 1382
1381 1383
1382 1384
1384 1385
1384 1386
1384 1387
1385 1388
1386 1389
1389 1390
1390 1391
1391 1392
1391 1393
1392 1394
1392 1395
1393 1396
1395 1397
1396 1398
1397 1399
1397 1400
1399 1401
1400 1402
1402 1403
1402 1404
1403 1405
1403 1406
1404 1407
1406 1408
1408 1409
1408 1410
1409 1411
1410 1412
1412 1413
1412 1414
1413 1415
1415 1416
1416 1417
1415 1418
1418 1419
1418 1420
1418 1421
1420 1422
1422 1423
1422 1424
1423 1425
1425 1426
1426 1427
1425 1428
1428 1429
1429 1430
1428 1431
1430 1432
1431 1433
1431 1434
1433 1435
1434 1436
1436 1437
1437 1438
1436 1439
1438 1440
1440 1441
1441 1442
1440 1443
1443 1444
1442 1445
1444 1446
1446 1447
1446 1448
1446 1449
1447 1450
1450 1451
1449 1452
1450 1453
1451 1454
1452 1455
1453 1456
1456 1457
1457 1458
1458 1459
1459 1460
1460 1461
1461 1462
1460 1463
1462 1464
1464 1465
1463 1466
1465 1467
1466 1468
1467 1469
1468 1470
1470 1471
1471 1472
1470 1473
1473 1474
1472 1475
1474 1476
1474 1477
1475 1478
1476 1479
1478 1480
1478 1481
1480 1482
1481 1483
1482 1484
1482 1485
1485 1486
1484 1487
1485 1488
1488 1489
1488 1490
1489 1491
1491 1492
1491 1493
1493 1494
1492 1495
1494 1496
1494 1497
1496 1498
1496 1499
1498 1500
1498 1501
1500 1502
1502 1503
1503 1504
1503 1505
1505 1506
1504 1507
1505 1508
1507 1509
1507 1510
1510 1511
1509 1512
1510 1513
1512 1514
1514 1515
1513 1516
1515 1517
1516 1518
1516 1519
1517 1520
1519 1521
1519 1522
1520 1523
1523 1524
1522 1525
1524 1526
1525 1527
1527 1528
1526 1529
1529 1530
1529 1531
1529 1532
1531 1533
1533 1534
1533 1535
1534 1536
1536 1537
1537 1538
1537 1539
1539 1540
1540 1541
1539 1542
1542 1543
1543 1544
1542 1545
1543 1546
1544 1547
1545 1548
1546 1549
1547 1550
1550 1551
1550 1552
1550 1553
1551 1554
1553 1555
1553 1556
1554 1557
1555 1558
1557 1559
1557 1560
1558 1561
1560 1562
1561 1563
1562 1564
1562 1565
1563 1566
1564 1567
1567 1568
1567 1569
1569 1570
1568 1571
1571 1572
1571 1573
1573 1574
1573 1575
1573 1576
1574 1577
1577 1578
1577 1579
1578 1580
1580 1581
1580 1582
1582 1583
1581 1584
1583 1585
1585 1586
1585 1587
1587 1588
1588 1589
1587 1590
1589 1591
1589 1592
1590 1593
1592 1594
1592 1595
1595 1596
1595 1597
1595 1598
1596 1599
1597 1600
1600 1601
1601 1602
1602 1603
1603 1604
1603 1605
1603 1606
1606 1607
1606 1608
1607 1609
1608 1610
1608 1611
1610 1612
1612 1613
1612 1614
1612 1615
1614 1616
1615 1617
1617 1618
1617 1619
1617 1620
1620 1621
1621 1622
1620 1623
1622 1624
1622 1625
1624 1626
1626 1627
1625 1628
1626 1629
1627 1630
1629 1631
1629 1632
1632 1633
1633 1634
1633 1635
1633 1636
1636 1637
1637 1638
1636 1639
1637 1640
1640 1641
1640 1642
1640 1643
1642 1644
1644 1645
1643 1646
1644 1647
1645 1648
1648 1649
1648 1650
1650 1651
1649 1652
1652 1653
1653 1654
1652 1655
1655 1656
1655 1657
1655 1658
1656 1659
1659 1660
1660 1661
1659 1662
1662 1663
1661 1664
1662 1665
1664 1666
1666 1667
1666 1668
1666 1669
1669 1670
1670 1671
1671 1672
1671 1673
1673 1674
1672 1675
1675 1676
1676 1677
1676 1678
1676 1679
1678 1680
1679 1681
1680 1682
1682 1683
1681 1684
1682 1685
1684 1686
1684 1687
1686 1688
1688 1689
1689 1690
1688 1691
1690 1692
1692 1693
1692 1694
1692 1695
1694 1696
1696 1697
1695 1698
1696 1699
1697 1700
1700 1701
1700 1702
1702 1703
1702 1704
1704 1705
1703 1706
1705 1707
1706 1708
1706 1709
1708 1710
1708 1711
1709 1712
1710 1713
1712 1714
1714 1715
1714 1716
1716 1717
1715 1718
1718 1719
1719 1720
1719 1721
1720 1722
1722 1723
1723 1724
1724 1725
1723 1726
1724 1727
1725 1728
1726 1729
1729 1730
1728 1731
1730 1732
1730 1733
1731 1734
1733 1735
1735 1736
1734 1737
1737 1738
1736 1739
1738 1740
1738 1741
1741 1742
1741 1743
1742 1744
1743 1745
1743 1746
1746 1747
1745 1748
1746 1749
1748 1750
1749 1751
1751 1752
1752 1753
1753 1754
1753 1755
1753 1756
1756 1757
1756 1758
1758 1759
1758 1760
1759 1761
1759 1762
1761 1763
1761 1764
1762 1765
1765 1766
1764 1767
1766 1768
1767 1769
1768 1770
1768 1771
1770 1772
1772 1773
1771 1774
1774 1775
1773 1776
1774 1777
1776 1778
1776 1779
1779 1780
1780 1781
1781 1782
1782 1783
1782 1784
1783 1785
1783 1786
1784 1787
1786 1788
1786 1789
1788 1790
1788 1791
1791 1792
1792 1793
1791 1794
1794 1795
1794 1796
1794 1797
1797 1798
1798 1799
1799 1800
1799 1801
1799 1802
1802 1803
1802 1804
1803 1805
1803 1806
1804 1807
1807 1808
1808 1809
1807 1810
1809 1811
1810 1812
1810 1813
1813 1814
1812 1815
1813 1816
1816 1817
1816 1818
1816 1819
1818 1820
1818 1821
1819 1822
1821 1823
1823 1824
1824 1825
1823 1826
1826 1827
1825 1828
1827 1829
1828 1830
1830 1831
1831 1832
1830 1833
1832 1834
1833 1835
1834 1836
1836 1837
1837 1838
1837 1839
1839 1840
1839 1841
1840 1842
1842 1843
1841 1844
1842 1845
1843 1846
1846 1847
1847 1848
1847 1849
1849 1850
1848 1851
1851 1852
1850 1853
1853 1854
1854 1855
1853 1856
1854 1857
1857 1858
1857 1859
1858 1860
1859 1861
1861 1862
1862 1863
1863 1864
1862 1865
1865 1866
1866 1867
1867 1868
1867 1869
1867 1870
1870 1871
1871 1872
1872 1873
1872 1874
1874 1875
1875 1876
1876 1877
1876 1878
1878 1879
1879 1880
1878 1881
1880 1882
1880 1883
1883 1884
1883 1885
1883 1886
1885 1887
1887 1888
1887 1889
1889 1890
1890 1891
1891 1892
1891 1893
1893 1894
1894 1895
1893 1896
1895 1897
1895 1898
1898 1899
1897 1900
1900 1901
1900 1902
1901 1903
1903 1904
1903 1905
1905 1906
1905 1907
1905 1908
1907 1909
1907 1910
1908 1911
1910 1912
1911 1913
1912 1914
1912 1915
1914 1916
1914 1917
1917 1918
1917 1919
1918 1920
1918 1921
1920 1922
1922 1923
1922 1924
1924 1925
1925 1926
1925 1927
1925 1928
1926 1929
1927 1930
1930 1931
1929 1932
1931 1933
1932 1934
1932 1935
1935 1936
1935 1937
1936 1938
1936 1939
1938 1940
1939 1941
1941 1942
1942 1943
1943 1944
1943 1945
1943 1946
1945 1947
1946 1948
1948 1949
1947 1950
1949 1951
1950 1952
1951 1953
1953 1954
1953 1955
1955 1956
1955 1957
1955 1958
1958 1959
1958 1960
1960 1961
1961 1962
1960 1963
1962 1964
1962 1965
1964 1966
1965 1967
1966 1968
1967 1969
1968 1970
1970 1971
1969 1972
1970 1973
1971 1974
1973 1975
1974 1976
1974 1977
1977 1978
1976 1979
1979 1980
1978 1981
1979 1982
1980 1983
1983 1984
1982 1985
1984 1986
1986 1987
1986 1988
1987 1989
1989 1990
1988 1991
1990 1992
1992 1993
1991 1994
1993 1995
1994 1996
1995 1997
1997 1998
1997 1999
1999 2000
1998 2001
2000 2002
2000 2003
2003 2004
2003 2005
2003 2006
2006 2007
2006 2008
2006 2009
2007 2010
2010 2011
2010 2012
2012 2013
2013 2014
2014 2015
2015 2016
2014 2017
2016 2018
2018 2019
2019 2020
2020 2021
2021 2022
2020 2023
2021 2024
2023 2025
2023 2026
2026 2027
2026 2028
2027 2029
2028 2030
2030 2031
2031 2032
2030 2033
2031 2034
2034 2035
2035 2036
2035 2037
2037 2038
2038 2039
2038 2040
2039 2041
2041 2042
2040 2043
2041 2044
2043 2045
2044 2046
2045 2047
2047 2048
2046 2049
2048 2050
2049 2051
2051 2052
2052 2053
2052 2054
2052 2055
2053 2056
2054 2057
2055 2058
2056 2059
2058 2060
2059 2061
2059 2062
2061 2063
2061 2064
2064 2065
2063 2066
2064 2067
2067 2068
2067 2069
2067 2070
2070 2071
2071 2072
2070 2073
2071 2074
2074 2075
2075 2076
2076 2077
2076 2078
2077 2079
2077 2080
2080 2081
2081 2082
2082 2083
2081 2084
2082 2085
2085 2086
2084 2087
2085 2088
2088 2089
2088 2090
2090 2091
2091 2092
2091 2093
2092 2094
2092 2095
2095 2096
2094 2097
2096 2098
2097 2099
2099 2100
2099 2101
2100 2102
2101 2103
2103 2104
2102 2105
2103 2106
2106 2107
2105 2108
2108 2109
2108 2110
2108 2111
2110 2112
2110 2113
2113 2114
2114 2115
2113 2116
2116 2117
2116 2118
2117 2119
2119 2120
2119 2121
2121 2122
2120 2123
2121 2124
2122 2125
2123 2126
2125 2127
2125 2128
2126 2129
2127 2130
2128 2131
2129 2132
2132 2133
2133 2134
2134 2135
2134 2136
2135 2137
2136 2138
2137 2139
2137 2140
2138 2141
2141 2142
2142 2143
2141 2144
2143 2145
2145 2146
2145 2147
2147 2148
2148 2149
2148 2150
2148 2151
2151 2152
2151 2153
2153 2154
2152 2155
2155 2156
2156 2157
2155 2158
2156 2159
2159 2160
2160 2161
2159 2162
2160 2163
2162 2164
2162 2165
2163 2166
2165 2167
2165 2168
2166 2169
2167 2170
2170 2171
2169 2172
2171 2173
2171 2174
2174 2175
2174 2176
2176 2177
2177 2178
2176 2179
2179 2180
2178 2181
2180 2182
2182 2183
2182 2184
2184 2185
2183 2186
2186 2187
2187 2188
2188 2189
2187 2190
2190 2191
2189 2192
2190 2193
2191 2194
2194 2195
2195 2196
2194 2197
2196 2198
2196 2199
2198 2200
2198 2201
2200 2202
2200 2203
2203 2204
2203 2205
2205 2206
2204 2207
2207 2208
2207 2209
2207 2210
2210 2211
2209 2212
2212 2213
2212 2214
2214 2215
2213 2216
2215 2217
2216 2218
2217 2219
2219 2220
2220 2221
2219 2222
2221 2223
2222 2224
2224 2225
2224 2226
2226 2227
2226 2228
2226 2229
2229 2230
2228 2231
2229 2232
2231 2233
2233 2234
2232 2235
2234 2236
2236 2237
2237 2238
2238 2239
2237 2240
2238 2241
2241 2242
2240 2243
2241 2244
2243 2245
2245 2246
2245 2247
2247 2248
2248 2249
2248 2250
2250 2251
2249 2252
2252 2253
2253 2254
2254 2255
2255 2256
2254 2257
2256 2258
2256 2259
2258 2260
2259 2261
2261 2262
2262 2263
2261 2264
2264 2265
2265 2266
2266 2267
2266 2268
2267 2269
2268 2270
2268 2271
2269 2272
2270 2273
2272 2274
2272 2275
2274 2276
2275 2277
2276 2278
2276 2279
2277 2280
2279 2281
2279 2282
2281 2283
2282 2284
2283 2285
2284 2286
2285 2287
2285 2288
2288 2289
2288 2290
2288 2291
2291 2292
2292 2293
2291 2294
2292 2295
2294 2296
2295 2297
2297 2298
2296 2299
2299 2300
2299 2301
2300 2302
2302 2303
2301 2304
2304 2305
2304 2306
2306 2307
2306 2308
2307 2309
2309 2310
2310 2311
2309 2312
2311 2313
2312 2314
2314 2315
2315 2316
2316 2317
2317 2318
2317 2319
2317 2320
2318 2321
2321 2322
2321 2323
2321 2324
2324 2325
2323 2326
2325 2327
2326 2328
2328 2329
2327 2330
2330 2331
2330 2332
2331 2333
2333 2334
2333 2335
2335 2336
2335 2337
2336 2338
2338 2339
2339 2340
2340 2341
2341 2342
2341 2343
2342 2344
2343 2345
2343 2346
2346 2347
2347 2348
2346 2349
2348 2350
2348 2351
2350 2352
2352 2353
2353 2354
2354 2355
2353 2356
2355 2357
2356 2358
2357 2359
2358 2360
2358 2361
2359 2362
2361 2363
2362 2364
2364 2365
2365 2366
2364 2367
2366 2368
2368 2369
2369 2370
2369 2371
2370 2372
2370 2373
2373 2374
2372 2375
2373 2376
2376 2377
2375 2378
2376 2379
2379 2380
2380 2381
2381 2382
2381 2383
2383 2384
2382 2385
2385 2386
2384 2387
2387 2388
2388 2389
2387 2390
2389 2391
2389 2392
2392 2393
2393 2394
2394 2395
2394 2396
2394 2397
2395 2398
2397 2399
2399 2400
2398 2401
2399 2402
2401 2403
2401 2404
2404 2405
2405 2406
2404 2407
2405 2408
2406 2409
2407 2410
2408 2411
2411 2412
2412 2413
2413 2414
2414 2415
2415 2416
2416 2417
2415 2418
2416 2419
2418 2420
2420 2421
2421 2422
2422 2423
2422 2424
2423 2425
2424 2426
2424 2427
2426 2428
2426 2429
2427 2430
2428 2431
2429 2432
2430 2433
2433 2434
2434 2435
2434 2436
2435 2437
2437 2438
2438 2439
2437 2440
2440 2441
2439 2442
2441 2443
2441 2444
2442 2445
2443 2446
2444 2447
2445 2448
2447 2449
2448 2450
2450 2451
2451 2452
2451 2453
2453 2454
2454 2455
2453 2456
2454 2457
2457 2458
2457 2459
2457 2460
2458 2461
2460 2462
2460 2463
2462 2464
2462 2465
2464 2466
2464 2467
2466 2468
2466 2469
2467 2470
2470 2471
2469 2472
2472 2473
2471 2474
2472 2475
2473 2476
2476 2477
2477 2478
2477 2479
2478 2480
2478 2481
2479 2482
2482 2483
2481 2484
2483 2485
2484 2486
2484 2487
2485 2488
2488 2489
2488 2490
2490 2491
2491 2492
2492 2493
2491 2494
2493 2495
2495 2496
2495 2497
2495 2498
2497 2499
2498 2500
2499 2501
2499 2502
2500 2503
2501 2504
2503 2505
2504 2506
2506 2507
2507 2508
2507 2509
2508 2510
2510 2511
2511 2512
2512 2513
2512 2514
2512 2515
2515 2516
2514 2517
2515 2518
2518 2519
2517 2520
2519 2521
2519 2522
2522 2523
2521 2524
2524 2525
2523 2526
2526 2527
2525 2528
2527 2529
2528 2530
2528 2531
2530 2532
2530 2533
2532 2534
2533 2535
2535 2536
2535 2537
2536 2538
2538 2539
2539 2540
2538 2541
2540 2542
2542 2543
2542 2544
2542 2545
2545 2546
2546 2547
2547 2548
2547 2549
2549 2550
2550 2551
2550 2552
2551 2553
2552 2554
2552 2555
2553 2556
2556 2557
2556 2558
2558 2559
2557 2560
2560 2561
2559 2562
2562 2563
2561 2564
2562 2565
2564 2566
2565 2567
2566 2568
2567 2569
2567 2570
2570 2571
2571 2572
2572 2573
2572 2574
2572 2575
2575 2576
2575 2577
2576 2578
2578 2579
2578 2580
2578 2581
2580 2582
2580 2583
2583 2584
2584 2585
2585 2586
2584 2587
2586 2588
2588 2589
2587 2590
2590 2591
2591 2592
2591 2593
2591 2594
2593 2595
2594 2596
2595 2597
2596 2598
2597 2599
2598 2600
2598 2601
2601 2602
2601 2603
2601 2604
2603 2605
2603 2606
2605 2607
2606 2608
2608 2609
2607 2610
2609 2611
2611 2612
2610 2613
2612 2614
2613 2615
2614 2616
2614 2617
2616 2618
2617 2619
2619 2620
2618 2621
2619 2622
2620 2623
2622 2624
2623 2625
2623 2626
2626 2627
2626 2628
2626 2629
2628 2630
2630 2631
2629 2632
2632 2633
2631 2634
2634 2635
2634 2636
2636 2637
2637 2638
2636 2639
2637 2640
2640 2641
2641 2642
2642 2643
2642 2644
2644 2645
2645 2646
2646 2647
2647 2648
2646 2649
2647 2650
2648 2651
2651 2652
2650 2653
2651 2654
2652 2655
2655 2656
2656 2657
2656 2658
2657 2659
2657 2660
2658 2661
2659 2662
2662 2663
2662 2664
2664 2665
2665 2666
2664 2667
2666 2668
2668 2669
2668 2670
2670 2671
2671 2672
2671 2673
2672 2674
2672 2675
2675 2676
2674 2677
2676 2678
2678 2679
2677 2680
2679 2681
2681 2682
2682 2683
2683 2684
2684 2685
2685 2686
2686 2687
2686 2688
2686 2689
2688 2690
2690 2691
2690 2692
2690 2693
2692 2694
2692 2695
2695 2696
2694 2697
2696 2698
2697 2699
2697 2700
2699 2701
2701 2702
2700 2703
2703 2704
2703 2705
2703 2706
2705 2707
2706 2708
2708 2709
2707 2710
2708 2711
2710 2712
2711 2713
2712 2714
2714 2715
2715 2716
2714 2717
2717 2718
2717 2719
2717 2720
2720 2721
2721 2722
2722 2723
2721 2724
2723 2725
2724 2726
2724 2727
2726 2728
2727 2729
2728 2730
2729 2731
2729 2732
2730 2733
2733 2734
2733 2735
2733 2736
2735 2737
2737 2738
2736 2739
2739 2740
2739 2741
2739 2742
2740 2743
2742 2744
2742 2745
2743 2746
2745 2747
2747 2748
2747 2749
2747 2750
2750 2751
2750 2752
2750 2753
2752 2754
2754 2755
2755 2756
2754 2757
2755 2758
2758 2759
2758 2760
2758 2761
2761 2762
2762 2763
2762 2764
2762 2765
2763 2766
2764 2767
2766 2768
2767 2769
2769 2770
2770 2771
2770 2772
2772 2773
2771 2774
2774 2775
2773 2776
2774 2777
2776 2778
2776 2779
2779 2780
2780 2781
2780 2782
2782 2783
2781 2784
2783 2785
2784 2786
2786 2787
2786 2788
2786 2789
2788 2790
2788 2791
2789 2792
2791 2793
2791 2794
2794 2795
2795 2796
2796 2797
2796 2798
2798 2799
2797 2800
2799 2801
2800 2802
2801 2803
2801 2804
2802 2805
2805 2806
2805 2807
2807 2808
2808 2809
2807 2810
2809 2811
2811 2812
2812 2813
2813 2814
2813 2815
2815 2816
2815 2817
2816 2818
2816 2819
2817 2820
2820 2821
2819 2822
2821 2823
2822 2824
2822 2825
2823 2826
2824 2827
2827 2828
2828 2829
2829 2830
2829 2831
2831 2832
2830 2833
2833 2834
2832 2835
2833 2836
2835 2837
2835 2838
2838 2839
2839 2840
2838 2841
2840 2842
2840 2843
2842 2844
2844 2845
2844 2846
2845 2847
2845 2848
2847 2849
2849 2850
2849 2851
2851 2852
2851 2853
2851 2854
2852 2855
2853 2856
2856 2857
2855 2858
2858 2859
2859 2860
2860 2861
2861 2862
2860 2863
2863 2864
2862 2865
2863 2866
2866 2867
2866 2868
2866 2869
2867 2870
2869 2871
2871 2872
2870 2873
2871 2874
2874 2875
2874 2876
2876 2877
2877 2878
2877 2879
2878 2880
2879 2881
2879 2882
2880 2883
2883 2884
2882 2885
2883 2886
2885 2887
2885 2888
2886 2889
2889 2890
2890 2891
2891 2892
2891 2893
2893 2894
2893 2895
2893 2896
2896 2897
2895 2898
2898 2899
2897 2900
2898 2901
2899 2902
2902 2903
2902 2904
2904 2905
2904 2906
2905 2907
2907 2908
2906 2909
2907 2910
2910 2911
2910 2912
2910 2913
2913 2914
2914 2915
2915 2916
2916 2917
2916 2918
2917 2919
2918 2920
2918 2921
2919 2922
2921 2923
2921 2924
2923 2925
2923 2926
2926 2927
2927 2928
2927 2929
2928 2930
2930 2931
2930 2932
2932 2933
2933 2934
2933 2935
2934 2936
2936 2937
2937 2938
2937 2939
2937 2940
2938 2941
2941 2942
2941 2943
2942 2944
2942 2945
2945 2946
2945 2947
2947 2948
2946 2949
2947 2950
2949 2951
2949 2952
2951 2953
2952 2954
2952 2955
2953 2956
2955 2957
2956 2958
2957 2959
2957 2960
2958 2961
2959 2962
2961 2963
2962 2964
2963 2965
2964 2966
2965 2967
2965 2968
2968 2969
2967 2970
2968 2971
2969 2972
2971 2973
2971 2974
2973 2975
2973 2976
2975 2977
2977 2978
2976 2979
2979 2980
2979 2981
2980 2982
2981 2983
2982 2984
2983 2985
2985 2986
2985 2987
2986 2988
2987 2989
2989 2990
2988 2991
2989 2992
2990 2993
2992 2994
2994 2995
2994 2996
2996 2997
2997 2998
2996 2999
2999 3000
3000 3001
3000 3002
3002 3003
3003 3004
3002 3005
3003 3006
3005 3007
3007 3008
3007 3009
3007 3010
3008 3011
3009 3012
3010 3013
3012 3014
3014 3015
3013 3016
3016 3017
3017 3018
3016 3019
3017 3020
3020 3021
3020 3022
3020 3023
3023 3024
3022 3025
3025 3026
3026 3027
3025 3028
3028 3029
3027 3030
3028 3031
3029 3032
3032 3033
3033 3034
3032 3035
3033 3036
3036 3037
3036 3038
3037 3039
3038 3040
3039 3041
3039 3042
3042 3043
3041 3044
3042 3045
3044 3046
3046 3047
3045 3048
3047 3049
3048 3050
3050 3051
3051 3052
3052 3053
3051 3054
3052 3055
3055 3056
3055 3057
3057 3058
3056 3059
3058 3060
3060 3061
3060 3062
3060 3063
3061 3064
3062 3065
3063 3066
3064 3067
3067 3068
3067 3069
3069 3070
3068 3071
3069 3072
3070 3073
3072 3074
3072 3075
3074 3076
3075 3077
3077 3078
3077 3079
3077 3080
3079 3081
3079 3082
3080 3083
3083 3084
3084 3085
3083 3086
3085 3087
3086 3088
3088 3089
3087 3090
3088 3091
3091 3092
3090 3093
3092 3094
3093 3095
3094 3096
3094 3097
3096 3098
3097 3099
3099 3100
3099 3101
3099 3102
3100 3103
3101 3104
3103 3105
3103 3106
3104 3107
3106 3108
3107 3109
3107 3110
3109 3111
3111 3112
3110 3113
3112 3114
3112 3115
3115 3116
3115 3117
3115 3118
3116 3119
3117 3120
3118 3121
3119 3122
3122 3123
3123 3124
3123 3125
3125 3126
3126 3127
3127 3128
3128 3129
3128 3130
3129 3131
3129 3132
3131 3133
3132 3134
3134 3135
3133 3136
3136 3137
3137 3138
3136 3139
3139 3140
3138 3141
3139 3142
3142 3143
3143 3144
3142 3145
3143 3146
3144 3147
3146 3148
3148 3149
3148 3150
3148 3151
3151 3152
3151 3153
3152 3154
3154 3155
3154 3156
3156 3157
3156 3158
3157 3159
3158 3160
3160 3161
3161 3162
3160 3163
3163 3164
3164 3165
3164 3166
3165 3167
3165 3168
3166 3169
3167 3170
3169 3171
3169 3172
3170 3173
3173 3174
3174 3175
3175 3176
3174 3177
3176 3178
3178 3179
3179 3180
3180 3181
3181 3182
3180 3183
3183 3184
3184 3185
3184 3186
3185 3187
3187 3188
3188 3189
3188 3190
3189 3191
3189 3192
3190 3193
3191 3194
3194 3195
3195 3196
3196 3197
3195 3198
3198 3199
3197 3200
3200 3201
3201 3202
3200 3203
3203 3204
3204 3205
3204 3206
3206 3207
3206 3208
3208 3209
3207 3210
3208 3211
3211 3212
3210 3213
3211 3214
3214 3215
3215 3216
3215 3217
3217 3218
3217 3219
3218 3220
3219 3221
3221 3222
3221 3223
3221 3224
3223 3225
3224 3226
3225 3227
3225 3228
3227 3229
3229 3230
3230 3231
3230 3232
3230 3233
3233 3234
3233 3235
3233 3236
3236 3237
3236 3238
3237 3239
3239 3240
3239 3241
3240 3242
3240 3243
3241 3244
3244 3245
3244 3246
3245 3247
3247 3248
3248 3249
3248 3250
3248 3251
3250 3252
3252 3253
3251 3254
3252 3255
3255 3256
3255 3257
3256 3258
3258 3259
3258 3260
3258 3261
3260 3262
3260 3263
3263 3264
3264 3265
3263 3266
3266 3267
3267 3268
3268 3269
3269 3270
3270 3271
3271 3272
3270 3273
3272 3274
3273 3275
3274 3276
3276 3277
3276 3278
3278 3279
3279 3280
3280 3281
3280 3282
3282 3283
3283 3284
3283 3285
3283 3286
3284 3287
3287 3288
3287 3289
3287 3290
3290 3291
3289 3292
3290 3293
3293 3294
3292 3295
3294 3296
3295 3297
3295 3298
3297 3299
3298 3300
3298 3301
3300 3302
3300 3303
3302 3304
3302 3305
3304 3306
3305 3307
3306 3308
3307 3309
3309 3310
3309 3311
3311 3312
3312 3313
3313 3314
3312 3315
3313 3316
3315 3317
3317 3318
3317 3319
3319 3320
3319 3321
3320 3322
3321 3323
3321 3324
3323 3325
3325 3326
3324 3327
3327 3328
3327 3329
3329 3330
3328 3331
3331 3332
3330 3333
3332 3334
3334 3335
3333 3336
3334 3337
3336 3338
3338 3339
3338 3340
3339 3341
3341 3342
3341 3343
3342 3344
3342 3345
3343 3346
3345 3347
3347 3348
3348 3349
3347 3350
3348 3351
3350 3352
3351 3353
3351 3354
3354 3355
3354 3356
3354 3357
3356 3358
3358 3359
3359 3360
3360 3361
3360 3362
3362 3363
3363 3364
3364 3365
3365 3366
3365 3367
3367 3368
3368 3369
3369 3370
3369 3371
3369 3372
3371 3373
3372 3374
3374 3375
3374 3376
3375 3377
3377 3378
3378 3379
3378 3380
3378 3381
3381 3382
3381 3383
3383 3384
3383 3385
3384 3386
3384 3387
3385 3388
3386 3389
3389 3390
3390 3391
3389 3392
3390 3393
3393 3394
3393 3395
3395 3396
3395 3397
3396 3398
3397 3399
3397 3400
3400 3401
3401 3402
3402 3403
3402 3404
3404 3405
3405 3406
3406 3407
3406 3408
3407 3409
3407 3410
3408 3411
3410 3412
3411 3413
3411 3414
3412 3415
3414 3416
3414 3417
3417 3418
3416 3419
3417 3420
3418 3421
3420 3422
3421 3423
3421 3424
3423 3425
3424 3426
3424 3427
3426 3428
3426 3429
3427 3430
3429 3431
3430 3432
3432 3433
3431 3434
3433 3435
3435 3436
3435 3437
3435 3438
3438 3439
3437 3440
3439 3441
3441 3442
3442 3443
3443 3444
3444 3445
3445 3446
3446 3447
3446 3448
3446 3449
3449 3450
3450 3451
3451 3452
3450 3453
3453 3454
3454 3455
3455 3456
3454 3457
3457 3458
3457 3459
3458 3460
3460 3461
3460 3462
3460 3463
3461 3464
3464 3465
3465 3466
3466 3467
3465 3468
3468 3469
3468 3470
3468 3471
3469 3472
3472 3473
3473 3474
3472 3475
3473 3476
3475 3477
3477 3478
3478 3479
3479 3480
3480 3481
3479 3482
3480 3483
3482 3484
3483 3485
3485 3486
3484 3487
3487 3488
3487 3489
3487 3490
3489 3491
3491 3492
3490 3493
3491 3494
3493 3495
3495 3496
3494 3497
3497 3498
3497 3499
3498 3500
3498 3501
3499 3502
3502 3503
3501 3504
3504 3505
3505 3506
3504 3507
3506 3508
3506 3509
3508 3510
3510 3511
3510 3512
3510 3513
3513 3514
3513 3515
3513 3516
3514 3517
3517 3518
3517 3519
3518 3520
3518 3521
3521 3522
3520 3523
3523 3524
3524 3525
3524 3526
3525 3527
3527 3528
3527 3529
3529 3530
3528 3531
3531 3532
3530 3533
3533 3534
3534 3535
3535 3536
3534 3537
3536 3538
3536 3539
3539 3540
3539 3541
3541 3542
3542 3543
3543 3544
3543 3545
3545 3546
3546 3547
3546 3548
3547 3549
3549 3550
3549 3551
3550 3552
3551 3553
3552 3554
3554 3555
3553 3556
3556 3557
3555 3558
3557 3559
3559 3560
3560 3561
3559 3562
3561 3563
3562 3564
3563 3565
3565 3566
3564 3567
3566 3568
3566 3569
3567 3570
3570 3571
3569 3572
3572 3573
3571 3574
3572 3575
3573 3576
3576 3577
3576 3578
3576 3579
3578 3580
3579 3581
3581 3582
3581 3583
3582 3584
3582 3585
3583 3586
3585 3587
3587 3588
3588 3589
3588 3590
3590 3591
3589 3592
3591 3593
3592 3594
3592 3595
3595 3596
3594 3597
3595 3598
3598 3599
3598 3600
3600 3601
3600 3602
3601 3603
3603 3604
3603 3605
3605 3606
3604 3607
3607 3608
3607 3609
3607 3610
3608 3611
3609 3612
3611 3613
3611 3614
3614 3615
3613 3616
3615 3617
3615 3618
3616 3619
3617 3620
3619 3621
3621 3622
3621 3623
3622 3624
3622 3625
3625 3626
3624 3627
3625 3628
3627 3629
3628 3630
3628 3631
3630 3632
3632 3633
3633 3634
3632 3635
3633 3636
3634 3637
3637 3638
3636 3639
3637 3640
3640 3641
3639 3642
3642 3643
3643 3644
3644 3645
3643 3646
3644 3647
3646 3648
3646 3649
3649 3650
3649 3651
3650 3652
3650 3653
3652 3654
3654 3655
3653 3656
3655 3657
3655 3658
3657 3659
3657 3660
3658 3661
3661 3662
3661 3663
3661 3664
3663 3665
3665 3666
3665 3667
3665 3668
3668 3669
3667 3670
3668 3671
3669 3672
3672 3673
3673 3674
3673 3675
3674 3676
3674 3677
3676 3678
3677 3679
3679 3680
3678 3681
3680 3682
3681 3683
3681 3684
3683 3685
3683 3686
3684 3687
3687 3688
3687 3689
3687 3690
3689 3691
3690 3692
3690 3693
3693 3694
3692 3695
3693 3696
3696 3697
3696 3698
3698 3699
3699 3700
3699 3701
3701 3702
3702 3703
3701 3704
3704 3705
3705 3706
3705 3707
3706 3708
3707 3709
3709 3710
3710 3711
3711 3712
3712 3713
3711 3714
3714 3715
3713 3716
3715 3717
3717 3718
3716 3719
3719 3720
3720 3721
3720 3722
3720 3723
3721 3724
3724 3725
3725 3726
3726 3727
3726 3728
3728 3729
3727 3730
3728 3731
3730 3732
3730 3733
3733 3734
3734 3735
3733 3736
3735 3737
3735 3738
3736 3739
3737 3740
3739 3741
3739 3742
3740 3743
3743 3744
3742 3745
3745 3746
3744 3747
3746 3748
3746 3749
3748 3750
3748 3751
3749 3752
3751 3753
3753 3754
3753 3755
3753 3756
3755 3757
3755 3758
3756 3759
3759 3760
3760 3761
3760 3762
3761 3763
3761 3764
3763 3765
3764 3766
3766 3767
3767 3768
3768 3769
3768 3770
3770 3771
3770 3772
3771 3773
3773 3774
3773 3775
3773 3776
3774 3777
3775 3778
3778 3779
3777 3780
3779 3781
3780 3782
3782 3783
3782 3784
3784 3785
3785 3786
3784 3787
3786 3788
3786 3789
3789 3790
3790 3791
3790 3792
3792 3793
3792 3794
3792 3795
3794 3796
3795 3797
3797 3798
3796 3799
3797 3800
3798 3801
3799 3802
3800 3803
3801 3804
3803 3805
3804 3806
3805 3807
3805 3808
3808 3809
3808 3810
3808 3811
3811 3812
3812 3813
3813 3814
3813 3815
3814 3816
3814 3817
3816 3818
3817 3819
3819 3820
3819 3821
3819 3822
3821 3823
3822 3824
3822 3825
3825 3826
3825 3827
3826 3828
3827 3829
3828 3830
3830 3831
3831 3832
3830 3833
3832 3834
3832 3835
3834 3836
3835 3837
3836 3838
3836 3839
3838 3840
3840 3841
3839 3842
3841 3843
3842 3844
3843 3845
3844 3846
3844 3847
3846 3848
3846 3849
3848 3850
3849 3851
3850 3852
3850 3853
3851 3854
3853 3855
3855 3856
3855 3857
3856 3858
3857 3859
3859 3860
3858 3861
3860 3862
3862 3863
3862 3864
3864 3865
3863 3866
3864 3867
3865 3868
3867 3869
3867 3870
3870 3871
3869 3872
3872 3873
3872 3874
3873 3875
3873 3876
3876 3877
3877 3878
3878 3879
3879 3880
3879 3881
3881 3882
3882 3883
3881 3884
3882 3885
3884 3886
3886 3887
3887 3888
3886 3889
3888 3890
3888 3891
3889 3892
3891 3893
3891 3894
3892 3895
3894 3896
3895 3897
3897 3898
3896 3899
3899 3900
3898 3901
3901 3902
3900 3903
3902 3904
3902 3905
3905 3906
3906 3907
3906 3908
3906 3909
3907 3910
3909 3911
3910 3912
3912 3913
3913 3914
3914 3915
3915 3916
3916 3917
3917 3918
3916 3919
3917 3920
3919 3921
3919 3922
3921 3923
3923 3924
3924 3925
3925 3926
3924 3927
3926 3928
3928 3929
3928 3930
3928 3931
3929 3932
3932 3933
3931 3934
3932 3935
3934 3936
3936 3937
3937 3938
3936 3939
3937 3940
3939 3941
3941 3942
3942 3943
3941 3944
3944 3945
3944 3946
3946 3947
3947 3948
3948 3949
3947 3950
3948 3951
3950 3952
3951 3953
3951 3954
3954 3955
3955 3956
3955 3957
3955 3958
3956 3959
3958 3960
3958 3961
3960 3962
3960 3963
3961 3964
3964 3965
3964 3966
3965 3967
3965 3968
3967 3969
3968 3970
3969 3971
3969 3972
3971 3973
3972 3974
3972 3975
3975 3976
3976 3977
3977 3978
3978 3979
3978 3980
3978 3981
3981 3982
3981 3983
3981 3984
3983 3985
3983 3986
3985 3987
3987 3988
3988 3989
3989 3990
3990 3991
3991 3992
3990 3993
3992 3994
3992 3995
3994 3996
3996 3997
3997 3998
3996 3999
3998 4000
2919 3199
3554 2327
1379 2841
3565 239
1036 3348
2064 3747
2418 3892
3544 107
1657 2472
3535 2659
1959 3216
2827 2332
91 1740
3416 186
798 3620
3156 1062
3398 3239
351 660
545 1936
3751 3914
773 346
3893 303
1580 678
1538 1804
2150 1966
1358 267
935 895
3748 2162
3866 2631
3959 1595
253 3693
749 2463
1421 990
536 1923
3611 2463
1418 1354
3744 2438
3970 3272
40 2125
378 1460
3103 2132
962 624
1930 1195
2506 3864
3910 2356
1183 3750
912 3135
1271 291
858 947
1533 76
1605 1
1440 2157
3170 3764
998 2094
2071 915
3975 558
1402 1079
1950 3658
3985 1453
1299 2082
1780 1753
341 2742
2733 3794
1660 3355
212 2885
69 3385
592 81
1173 3330
3587 3182
1600 3489
713 19
27 3816
2016 955
831 1515
1625 2583
577 1831
2249 2995
556 655
927 955
3084 714
114 2684
1918 1605
2155 2291
3718 2977
829 3643
1823 1886
172 88
3400 3947
571 3470
2657 3135
309 1793
99 3324
1954 1548
3240 3168
2916 1455
505 2598
2724 2683
1011 3052
499 3278
1932 2742
257 346
711 1224
2940 3510
182 1243
1922 2733
3905 160
2225 513
1124 872
2974 994
503 2879
2702 382
3738 1036
2511 2417
1668 3829
2772 1135
332 3565
1404 1034
974 17
3610 3123
2331 3030
101 2934
3647 2634
1841 887
167 2144
868 3452
688 3034
3017 68
3276 2785
3370 3437
2262 3634
1277 2645
2672 2231
1267 2071
2975 3681
2771 455
3600 3811
405 2023
1400 709
2872 2483
3916 2856
1160 369
1243 1875
20 264
120 2007
3907 1324
3389 60
1033 1050
1277 456
3252 3410
2335 3245
3289 3821
66 377
733 814
391 2308
2300 2571
1769 1238
3123 2266
2395 653
747 1969
91 1067
2677 3477
2047 2568
499 28
1330 216
1422 2484
667 1080
3674 524
2523 2576
1218 1281
2207 3838
3420 3693
3379 117
1963 2699
3682 1039
1559 2910
1991 381
2809 2937
2014 3383
1978 3902
1414 2957
3699 2150
2646 2037
1439 2057
973 3101
1100 961
3815 2789
2516 1437
1481 1548
377 118
3287 1478
272 3208
1271 297
460 15
1379 2007
331 3727
3904 961
1106 474
1745 3857
1178 847
3213 2299
1948 3477
1572 2194
992 1499
2909 3932
480 245
2586 793
2796 1037
3491 1077
1842 342
3213 1208
1763 2899
2206 2687
3455 138
1113 1763
3574 2974
460 3220
1268 3033
2264 2116
2280 297
1285 3293
3474 760
609 2859
1281 631
3858 2913
1722 3605
2520 713
3622 1460
721 3008
1013 2632
3559 88
3562 1719
1565 3143
3894 2752
1825 569
3748 3815
2138 303
3565 1920
1085 2589
918 600
2866 284
3510 918
3970 2929
491 3138
970 166
1113 154
1806 354
1275 82
926 2827
1110 2947
747 1759
3033 2859
680 3117
911 3340
3988 907
1118 3083
749 1898
2333 2776
882 2736
1731 1101
41 3027
1115 171
1061 3135
2247 2753
1112 16
1043 2955
893 1480
2908 2293
2885 1297
1165 3268
836 2116
3241 3660
777 220
1382 1242
3562 1249
1108 1287
3781 2605
3629 2557
382 3651
3718 3027
1720 2769
1419 782
2997 703
2420 3301
2940 3864
3681 355
2961 3058
2898 3571
3170 1768
1003 3914
3414 1511
1343 2570
973 1601
1052 1833
3745 2781
3256 2671
2776 3879
1356 1191
214 3191
1142 3682
3899 2598
3105 537
213 2631
150 378
2825 1552
1878 3853
118 2238
49 2811
215 3458
303 464
2570 3981
2405 1780
3413 629
3864 402
3505 869
1131 309
434 2026
2440 2115
450 2253
412 190
3865 2884
2356 3987
1429 328
1024 86
2726 1620
2340 3408
2061 2706
1243 1864
336 603
3172 1003
2121 3873
1776 3789
1982 965
2491 1191
2779 1058
786 2041
258 1525
2606 802
3008 1041
2536 2438
3070 2124
685 1214
1635 155
852 489
2876 1593
2359 1707
2560 3413
3305 2765
2852 1083
2149 716
117 1647
1354 2400
118 2557
3791 669
174 3215
3836 1183
1150 2432
1502 1530
1797 1049
3676 3982
682 3784
954 1308
844 2180
3556 945
1089 1512
3395 2466
3080 1226
3352 1926
3627 2032
2503 1144
3465 2217
3187 1389
1318 2613
1378 697
498 3967
3152 3951
2202 766
695 3387
66 41
782 3073
1012 995
1994 214
790 781
3136 3397
1442 1078
274 114
2628 2596
664 2926
3598 3910
644 2316
1555 3666
1477 3566
1428 3831
1255 2796
2165 1447
1894 1056
1646 2185
2269 102
3739 1788
2017 3127
1711 1367
3605 3269
2581 567
3013 1757
1395 964
2866 2262
1956 1637
1138 3399
3624 1879
379 833
405 247
2250 1158
863 2370
1834 906
897 2817
1076 3487
447 2819
2818 160
2992 661
2693 611
891 844
1498 1787
2884 52
2344 1798
3995 2884
1884 2728
904 3602
1682 2277
2540 2206
343 1738
1764 1141
940 1276
3186 916
1516 3964
611 987
2705 700
1358 710
3820 721
3836 918
2449 2165
2577 3740
3131 1658
3411 1824
501 1709
3008 1826
2027 308
2365 1713
3300 50
1593 1416
1106 2886
347 2854
1613 3257
3042 3316
2597 1204
1620 891
2865 2177
3341 1246
1367 2847
1000 3527
925 2386
3598 1345
2613 1615
2091 57
1267 956
730 941
2572 2119
880 1132
3162 1277
1738 3617
1821 541
2995 1675
2955 497
172 2555
3990 1113
3740 1309
395 1324
2587 622
2365 3016
1246 1124
975 263
1131 2527
3455 3487
136 1467
3461 2002
1407 1611
994 879
1414 2996
351 3595
233 624
3328 2443
259 323
3260 2188
1469 3518
3930 2996
1176 2163
1208 3575
1002 1057
2929 2616
685 1628
2845 2026
1678 1983
500 3346
3683 1858
1323 1179
3275 1785
738 169
3594 996
3576 3963
3777 3783
3300 3209
3431 1401
562 1580
851 3512
3634 2134
2016 3258
2538 3336
1228 2494
1311 3210
3947 564
3465 3605
3259 3576
1493 197
3987 256
2851 1940
2799 1767
512 3198
1830 2831
2943 2105
76 2737
1270 2544
3218 965
3772 1530
1322 2907
2938 1727
3391 403
2551 430
3596 2818
626 1619
3452 2132
38 754
40 2657
1573 1806
3194 1501
3277 1437
1036 2427
2103 1462
2041 3450
1970 3436
998 3558
3763 628
2721 3975
1586 3772
2970 675
1231 3850
866 3312
911 845
3054 1548
128 2829
3081 2461
3115 1070
1769 3955
3300 853
2246 887
208 487
2320 3331
3286 602
3139 1089
261 1289
1206 1345
1529 3927
3398 3970
3698 2035
3082 3012
3070 3653
2387 1721
2789 1154
2123 1114
2926 3809
2573 1223
3604 3350
2758 713
2342 2935
3481 700
2548 1125
3488 3560
1112 3656
1362 1646
323 3346
2496 3738
1504 1305
1897 3231
2796 1635
1768 1161
1902 2873
1259 3926
1205 1254
881 1342
492 1779
2000 3751
551 1571
1948 1756
3081 1199
2347 2151
2132 3000
3618 1902
1883 1169
892 454
452 2220
350 3807
2304 566
1360 1388
1796 1467
2090 2771
1254 488
2928 2878
2964 3265
1968 2363
2488 208
129 1084
2024 2050
657 2127
2675 3511
940 319
2716 1128
3033 672
1412 3569
3401 3803
168 2346
2545 1055
3910 422
697 855
2340 3497
2890 1851
2818 1096
3101 2226
2697 2969
2747 765
3710 375
1434 25
2019 3758
2821 1610
3963 3116
2372 1582
1056 1527
992 770
981 3420
2521 742
1953 3893
1499 1642
3260 3689
3488 1984
3275 3374
1746 1477
2539 2501
1733 1042
3123 529
1692 2823
780 2049
2748 3306
815 55
1680 1524
2818 560
356 3355
2081 735
3924 2195
2473 612
2534 3758
3920 481
2299 3820
3962 2215
132 1935
2164 1584
1729 57
477 2690
3731 806
1668 2535
3374 1742
1585 1635
2683 2242
1833 3728
3854 2489
3456 1144
668 661
3656 3322
3946 1121
518 789
1589 2732
2501 3528
2846 1341
2421 2089
3520 2179
1893 2501
2225 2268
3203 2712
615 2068
2815 2885
1310 459
2417 3820
3567 367
724 3724
1332 1072
2383 2837
1041 211
2825 861
1311 1889
9 3585
2451 1286
2804 1652
1907 1322
1346 1268
1215 1995
2727 862
29 3135
2553 1823
2627 299
1484 714
3177 828
2837 394
520 3935
317 3208
3134 318
2224 1662
1043 2101
827 3863
1752 3982
536 2263
1100 92
3755 2474
1698 2883
1537 3800
3160 3603
808 1263
1557 3995
127 3546
3781 1339
599 700
2715 57
3951 1532
2679 3399
2404 1914
2367 1871
497 1498
3455 619
3806 3579
3149 1511
1033 3661
2366 2499
3881 2075
542 2799
312 3895
1214 2708
1831 2414
135 2089
1991 2083
3494 1133
1598 177
2100 942
3307 2067
2063 1854
2229 3791
1256 2556
3880 2124
1626 3506
2181 1597
2055 3067
3612 2588
63 28
470 2150
1083 2317
2322 503
1466 187
2169 1109
3275 549
2307 1378
2827 883
1881 109
2032 860
2072 2549
2259 1804
1640 2114
2407 2904
953 2908
2027 3157
782 3728
3573 758
3069 62
1345 3032
1816 960
1278 3117
1954 141
367 607
3387 2259
2963 1132
2735 2082
768 2939
131 1058
3885 3437
3107 2100
2200 1148
1999 2121
2886 1321
2225 2851
1377 1668
2949 3906
1801 3941
2277 165
1749 671
662 1956
109 324
3203 2119
2843 3882
3784 135
1164 652
641 3142
3 3675
3875 310
3123 154
2274 1346
1010 226
1045 110
2969 2559
3700 2207
3581 2600
2266 3687
278 880
3168 2193
2939 1697
745 3026
3757 280
1448 2945
689 2128
3540 800
388 2224
2987 150
2454 2370
1427 1779
3878 222
528 199
2980 3666
3281 3238
3984 655
1281 1673
3555 3825
896 2865
1258 3596
180 2694
2942 895
1966 3461
2387 12
2004 1560
3544 3504
1488 3738
1942 1549
3979 1239
676 1930
2764 2382
3931 6
2068 2958
3079 1609
3432 1190
2467 181
3874 1970
2413 3251
1869 2658
3660 1987
3422 2964
3943 3551
3054 976
1411 80
2505 3957
2774 722
1098 1933
3506 1161
2194 3822
1545 272
1602 3212
1002 2900
3236 1357
2025 2014
1655 3775
3044 2252
936 2660
1825 1145
325 274
2417 3811
3625 3609
484 424
275 518
3533 2538
3101 2359
