400 664
1 2
2 3
1 4
3 5
3 6
6 7
5 8
6 9
7 10
8 11
10 12
10 13
12 14
13 15
13 16
14 17
17 18
18 19
18 20
18 21
20 22
20 23
22 24
22 25
24 26
25 27
25 28
26 29
27 30
28 31
30 32
31 33
33 34
34 35
35 36
34 37
37 38
36 39
37 40
38 41
39 42
41 43
41 44
43 45
44 46
46 47
46 48
48 49
48 50
48 51
49 52
50 53
51 54
53 55
55 56
54 57
56 58
57 59
57 60
59 61
60 62
62 63
62 64
62 65
65 66
66 67
67 68
66 69
67 70
68 71
69 72
71 73
71 74
73 75
74 76
76 77
77 78
78 79
77 80
79 81
81 82
82 83
81 84
83 85
84 86
84 87
85 88
88 89
87 90
89 91
89 92
91 93
93 94
93 95
94 96
95 97
97 98
97 99
98 100
99 101
101 102
100 103
102 104
102 105
103 106
105 107
107 108
107 109
109 110
108 111
109 112
112 113
113 114
113 115
114 116
114 117
115 118
118 119
117 120
118 121
121 122
121 123
123 124
122 125
125 126
125 127
126 128
128 129
129 130
129 131
129 132
130 133
132 134
133 135
135 136
136 137
135 138
136 139
138 140
138 141
141 142
140 143
142 144
144 145
143 146
146 147
147 148
146 149
149 150
149 151
149 152
152 153
153 154
152 155
154 156
155 157
155 158
157 159
159 160
160 161
160 162
162 163
161 164
163 165
165 166
164 167
166 168
166 169
169 170
170 171
171 172
171 173
171 174
173 175
175 176
174 177
177 178
176 179
179 180
179 181
180 182
180 183
181 184
184 185
184 186
184 187
186 188
188 189
188 190
189 191
190 192
191 193
193 194
194 195
195 196
194 197
195 198
198 199
198 200
198 201
201 202
202 203
202 204
202 205
205 206
204 207
207 208
206 209
208 210
208 211
209 212
211 213
211 214
212 215
213 216
216 217
216 218
218 219
218 220
220 221
221 222
221 223
221 224
224 225
223 226
226 227
226 228
227 229
227 230
228 231
229 232
232 233
232 234
234 235
235 236
234 237
235 238
237 239
239 240
239 241
239 242
240 243
243 244
242 245
244 246
244 247
246 248
246 249
247 250
250 251
250 252
250 253
251 254
252 255
254 256
255 257
256 258
257 259
257 260
260 261
261 262
261 263
261 264
264 265
264 266
266 267
265 268
266 269
269 270
268 271
270 272
271 273
273 274
273 275
275 276
274 277
275 278
278 279
279 280
278 281
281 282
281 283
282 284
283 285
283 286
286 287
286 288
286 289
287 290
290 291
290 292
292 293
293 294
293 295
295 296
295 297
296 298
297 299
297 300
299 301
301 302
301 303
302 304
304 305
305 306
305 307
306 308
306 309
309 310
309 311
310 312
310 313
311 314
312 315
313 316
314 317
317 318
318 319
319 320
318 321
321 322
320 323
321 324
323 325
325 326
325 327
326 328
328 329
329 330
328 331
330 332
330 333
331 334
334 335
334 336
335 337
336 338
337 339
337 340
339 341
339 342
342 343
342 344
344 345
343 346
345 347
346 348
347 349
347 350
348 351
350 352
350 353
351 354
354 355
354 356
354 357
355 358
356 359
359 360
358 361
361 362
360 363
363 364
362 365
363 366
364 367
367 368
368 369
369 370
370 371
370 372
370 373
373 374
373 375
373 376
376 377
375 378
376 379
379 380
380 381
379 382
381 383
383 384
382 385
385 386
385 387
385 388
388 389
389 390
389 391
390 392
390 393
393 394
393 395
394 396
395 397
397 398
396 399
397 400
10 66
93 345
225 61
342 364
274 309
86 264
395 160
293 162
365 168
106 42
307 59
71 277
28 355
131 233
35 275
84 348
219 304
381 285
296 12
245 22
391 322
3 373
183 13
191 8
77 381
202 390
6 286
81 53
269 332
157 75
371 63
105 259
157 282
355 105
46 360
63 20
355 187
18 140
325 84
370 290
282 392
167 116
292 357
239 378
357 280
319 66
312 285
324 150
33 396
116 350
157 181
95 170
295 14
134 119
395 174
71 359
232 74
319 357
23 194
355 317
339 357
152 168
267 138
112 206
251 211
117 351
112 28
299 365
354 57
54 26
36 355
104 26
183 120
163 353
191 9
240 378
210 13
66 256
11 196
303 333
188 110
379 267
387 21
199 379
395 200
7 112
251 45
10 18
240 9
306 107
52 335
253 157
80 31
259 341
191 5
163 252
340 247
225 135
83 154
165 14
94 90
373 371
7 106
362 146
182 350
81 318
344 118
49 117
397 248
145 152
102 353
104 273
159 131
96 249
177 109
313 394
144 323
302 69
333 326
155 83
103 127
12 363
22 3
146 26
150 4
229 374
291 304
94 32
184 387
139 395
78 365
138 394
357 382
315 364
400 164
2 27
87 17
276 13
155 201
367 313
390 112
226 236
248 139
130 81
335 109
361 102
130 265
274 192
353 62
152 306
288 92
156 295
27 174
248 214
4 206
95 134
203 311
232 339
53 61
372 214
383 359
370 206
39 399
85 271
9 72
397 146
138 125
55 57
356 308
72 231
143 151
312 333
250 30
134 277
2 71
97 285
300 126
331 80
25 44
287 49
33 386
333 238
214 204
291 36
371 118
80 97
73 365
227 213
325 192
365 300
302 110
26 171
262 354
56 86
125 162
182 265
65 117
134 73
354 187
164 360
289 38
192 102
23 224
358 291
173 132
203 340
222 68
303 380
306 121
19 394
52 277
151 9
44 351
238 140
342 132
89 98
224 166
45 36
384 130
209 52
398 370
118 301
286 4
337 361
62 230
109 166
136 337
31 364
170 1
73 175
54 212
209 213
110 214
223 150
246 156
28 265
55 64
33 303
309 21
114 339
316 281
17 311
73 300
373 64
332 166
91 49
266 315
194 173
19 126
250 352
1 159
123 357
234 206
102 93
262 253
76 156
192 263
299 253
348 349
128 1
180 142
375 73
324 395
242 160
262 330
