4000 4909
1 2
1 3
3 4
3 5
5 6
6 7
5 8
7 9
8 10
8 11
9 12
12 13
13 14
14 15
14 16
15 17
17 18
16 19
17 20
19 21
19 22
22 23
23 24
23 25
24 26
26 27
27 28
26 29
29 30
30 31
30 32
30 33
33 34
34 35
35 36
36 37
35 38
38 39
38 40
39 41
41 42
42 43
43 44
42 45
44 46
45 47
45 48
46 49
48 50
49 51
50 52
52 53
51 54
52 55
53 56
56 57
56 58
57 59
57 60
59 61
59 62
62 63
63 64
62 65
65 66
65 67
67 68
67 69
67 70
70 71
69 72
72 73
73 74
73 75
75 76
76 77
75 78
78 79
77 80
79 81
81 82
80 83
82 84
82 85
85 86
86 87
86 88
87 89
89 90
88 91
89 92
91 93
91 94
92 95
95 96
94 97
96 98
97 99
99 100
99 101
101 102
102 103
101 104
103 105
105 106
105 107
106 108
107 109
107 110
110 111
109 112
112 113
113 114
114 115
113 116
116 117
115 118
118 119
118 120
119 121
120 122
121 123
123 124
124 125
125 126
124 127
125 128
127 129
129 130
130 131
131 132
131 133
131 134
132 135
133 136
136 137
136 138
137 139
139 140
138 141
139 142
140 143
141 144
143 145
145 146
146 147
145 148
147 149
149 150
150 151
151 152
150 153
152 154
154 155
155 156
154 157
156 158
157 159
159 160
160 161
159 162
161 163
161 164
164 165
164 166
165 167
167 168
168 169
169 170
169 171
169 172
172 173
172 174
172 175
173 176
175 177
176 178
176 179
177 180
180 181
179 182
181 183
181 184
182 185
185 186
185 187
187 188
187 189
187 190
188 191
189 192
192 193
193 194
192 195
193 196
196 197
196 198
198 199
198 200
199 201
200 202
201 203
203 204
203 205
204 206
204 207
205 208
206 209
208 210
209 211
210 212
211 213
213 214
213 215
214 216
214 217
217 218
218 219
217 220
218 221
219 222
221 223
221 224
223 225
224 226
224 227
227 228
227 229
229 230
228 231
231 232
230 233
231 234
233 235
235 236
234 237
236 238
238 239
239 240
238 241
239 242
241 243
241 244
242 245
243 246
245 247
245 248
248 249
249 250
250 251
249 252
251 253
251 254
252 255
254 256
256 257
257 258
258 259
259 260
260 261
260 262
261 263
261 264
264 265
265 266
265 267
267 268
266 269
267 270
269 271
271 272
271 273
271 274
274 275
273 276
276 277
276 278
277 279
277 280
279 281
281 282
280 283
281 284
284 285
285 286
284 287
286 288
287 289
288 290
290 291
291 292
290 293
291 294
294 295
293 296
294 297
297 298
298 299
297 300
300 301
299 302
302 303
303 304
304 305
303 306
305 307
305 308
306 309
308 310
308 311
310 312
312 313
312 314
313 315
315 316
314 317
316 318
316 319
319 320
318 321
320 322
320 323
322 324
323 325
323 326
325 327
325 328
326 329
329 330
328 331
331 332
330 333
331 334
332 335
335 336
336 337
335 338
336 339
337 340
338 341
339 342
342 343
341 344
343 345
343 346
345 347
347 348
348 349
347 350
348 351
349 352
351 353
353 354
354 355
354 356
355 357
357 358
356 359
359 360
359 361
361 362
360 363
363 364
363 365
363 366
366 367
365 368
367 369
368 370
368 371
371 372
371 373
373 374
374 375
373 376
375 377
375 378
378 379
377 380
378 381
380 382
381 383
383 384
382 385
384 386
384 387
387 388
388 389
388 390
390 391
389 392
391 393
393 394
394 395
394 396
396 397
395 398
396 399
397 400
399 401
401 402
400 403
403 404
403 405
403 406
404 407
407 408
407 409
407 410
408 411
410 412
410 413
413 414
412 415
414 416
414 417
417 418
418 419
418 420
420 421
421 422
422 423
423 424
422 425
423 426
424 427
425 428
427 429
427 430
429 431
431 432
430 433
432 434
432 435
433 436
435 437
437 438
437 439
439 440
438 441
439 442
442 443
441 444
442 445
444 446
445 447
445 448
446 449
449 450
449 451
449 452
451 453
453 454
452 455
453 456
454 457
455 458
457 459
459 460
459 461
460 462
460 463
461 464
464 465
463 466
464 467
466 468
467 469
468 470
468 471
469 472
471 473
473 474
472 475
474 476
476 477
475 478
477 479
477 480
480 481
479 482
481 483
481 484
484 485
485 486
485 487
486 488
486 489
487 490
489 491
490 492
490 493
493 494
492 495
494 496
496 497
497 498
497 499
497 500
499 501
501 502
500 503
501 504
504 505
505 506
505 507
506 508
506 509
509 510
510 511
509 512
511 513
511 514
514 515
513 516
514 517
517 518
516 519
519 520
519 521
520 522
520 523
521 524
522 525
523 526
526 527
525 528
526 529
529 530
529 531
531 532
532 533
532 534
532 535
533 536
534 537
536 538
538 539
538 540
540 541
540 542
542 543
543 544
542 545
543 546
546 547
545 548
548 549
548 550
550 551
550 552
550 553
552 554
553 555
553 556
555 557
555 558
556 559
557 560
559 561
559 562
561 563
561 564
562 565
563 566
565 567
566 568
568 569
569 570
570 571
570 572
570 573
573 574
573 575
574 576
574 577
575 578
577 579
579 580
580 581
579 582
581 583
583 584
583 585
585 586
585 587
586 588
587 589
589 590
589 591
591 592
591 593
593 594
594 595
595 596
595 597
596 598
596 599
598 600
600 601
601 602
600 603
602 604
602 605
605 606
604 607
607 608
607 609
607 610
608 611
609 612
610 613
613 614
612 615
613 616
615 617
615 618
618 619
618 620
620 621
621 622
620 623
621 624
623 625
625 626
626 627
626 628
628 629
627 630
628 631
629 632
632 633
632 634
632 635
633 636
636 637
636 638
636 639
637 640
639 641
641 642
640 643
643 644
642 645
644 646
646 647
646 648
648 649
648 650
649 651
650 652
652 653
653 654
654 655
655 656
655 657
657 658
658 659
657 660
658 661
661 662
660 663
661 664
664 665
664 666
666 667
665 668
668 669
667 670
668 671
669 672
670 673
673 674
674 675
674 676
676 677
677 678
677 679
679 680
680 681
679 682
680 683
681 684
682 685
685 686
685 687
685 688
687 689
689 690
688 691
690 692
691 693
693 694
694 695
694 696
694 697
695 698
698 699
699 700
700 701
699 702
700 703
703 704
704 705
704 706
704 707
706 708
706 709
707 710
709 711
709 712
712 713
713 714
712 715
713 716
714 717
717 718
716 719
718 720
720 721
720 722
721 723
722 724
723 725
723 726
726 727
725 728
727 729
729 730
729 731
731 732
730 733
733 734
734 735
733 736
736 737
735 738
738 739
739 740
740 741
741 742
741 743
741 744
742 745
743 746
744 747
747 748
746 749
747 750
749 751
751 752
752 753
753 754
753 755
753 756
754 757
757 758
758 759
757 760
758 761
760 762
760 763
761 764
764 765
764 766
766 767
767 768
768 769
769 770
769 771
770 772
770 773
773 774
773 775
774 776
774 777
775 778
777 779
777 780
778 781
781 782
781 783
781 784
782 785
784 786
785 787
785 788
786 789
789 790
790 791
791 792
790 793
792 794
794 795
795 796
795 797
796 798
797 799
798 800
799 801
800 802
801 803
801 804
804 805
805 806
806 807
805 808
807 809
807 810
810 811
809 812
810 813
811 814
814 815
814 816
815 817
817 818
818 819
818 820
818 821
820 822
821 823
823 824
823 825
824 826
825 827
826 828
827 829
829 830
829 831
831 832
831 833
833 834
834 835
834 836
835 837
835 838
837 839
839 840
840 841
841 842
841 843
841 844
843 845
843 846
844 847
845 848
847 849
847 850
849 851
849 852
852 853
853 854
852 855
855 856
856 857
857 858
857 859
858 860
860 861
860 862
862 863
862 864
862 865
865 866
864 867
867 868
867 869
868 870
868 871
869 872
871 873
872 874
874 875
875 876
874 877
875 878
878 879
878 880
879 881
881 882
880 883
881 884
884 885
883 886
884 887
886 888
886 889
887 890
889 891
891 892
891 893
892 894
893 895
894 896
895 897
897 898
897 899
897 900
900 901
900 902
902 903
903 904
903 905
905 906
904 907
907 908
907 909
909 910
908 911
910 912
912 913
913 914
914 915
914 916
914 917
915 918
918 919
919 920
920 921
921 922
920 923
921 924
922 925
924 926
926 927
925 928
927 929
927 930
930 931
931 932
930 933
933 934
933 935
934 936
935 937
936 938
937 939
939 940
939 941
941 942
941 943
941 944
942 945
944 946
944 947
945 948
946 949
949 950
950 951
951 952
950 953
953 954
954 955
954 956
956 957
957 958
957 959
957 960
959 961
961 962
960 963
961 964
963 965
963 966
964 967
966 968
966 969
968 970
969 971
971 972
972 973
972 974
972 975
974 976
974 977
977 978
978 979
978 980
979 981
981 982
981 983
983 984
982 985
985 986
984 987
985 988
987 989
987 990
990 991
991 992
992 993
992 994
992 995
993 996
995 997
997 998
997 999
998 1000
1000 1001
1000 1002
1000 1003
1001 1004
1002 1005
1004 1006
1005 1007
1005 1008
1008 1009
1008 1010
1009 1011
1009 1012
1010 1013
1013 1014
1012 1015
1015 1016
1014 1017
1016 1018
1018 1019
1018 1020
1020 1021
1020 1022
1022 1023
1021 1024
1022 1025
1023 1026
1026 1027
1025 1028
1026 1029
1027 1030
1029 1031
1029 1032
1032 1033
1033 1034
1034 1035
1035 1036
1036 1037
1035 1038
1036 1039
1039 1040
1039 1041
1039 1042
1041 1043
1043 1044
1042 1045
1043 1046
1044 1047
1045 1048
1048 1049
1048 1050
1048 1051
1049 1052
1052 1053
1051 1054
1053 1055
1053 1056
1055 1057
1057 1058
1057 1059
1057 1060
1059 1061
1060 1062
1060 1063
1062 1064
1064 1065
1063 1066
1064 1067
1067 1068
1067 1069
1069 1070
1068 1071
1069 1072
1071 1073
1073 1074
1073 1075
1074 1076
1076 1077
1075 1078
1077 1079
1077 1080
1078 1081
1080 1082
1080 1083
1083 1084
1082 1085
1085 1086
1084 1087
1086 1088
1087 1089
1088 1090
1089 1091
1089 1092
1091 1093
1092 1094
1094 1095
1093 1096
1096 1097
1096 1098
1097 1099
1098 1100
1100 1101
1101 1102
1100 1103
1103 1104
1104 1105
1105 1106
1105 1107
1106 1108
1108 1109
1107 1110
1109 1111
1111 1112
1112 1113
1112 1114
1114 1115
1113 1116
1114 1117
1115 1118
1116 1119
1117 1120
1120 1121
1119 1122
1122 1123
1121 1124
1122 1125
1123 1126
1126 1127
1127 1128
1127 1129
1127 1130
1129 1131
1130 1132
1130 1133
1133 1134
1133 1135
1133 1136
1136 1137
1136 1138
1136 1139
1139 1140
1140 1141
1141 1142
1141 1143
1141 1144
1142 1145
1143 1146
1146 1147
1145 1148
1148 1149
1148 1150
1148 1151
1150 1152
1152 1153
1151 1154
1152 1155
1155 1156
1156 1157
1156 1158
1157 1159
1157 1160
1160 1161
1159 1162
1162 1163
1163 1164
1162 1165
1165 1166
1165 1167
1166 1168
1166 1169
1169 1170
1170 1171
1170 1172
1171 1173
1171 1174
1172 1175
1174 1176
1175 1177
1175 1178
1178 1179
1179 1180
1178 1181
1181 1182
1182 1183
1183 1184
1183 1185
1184 1186
1184 1187
1186 1188
1187 1189
1187 1190
1189 1191
1190 1192
1190 1193
1193 1194
1194 1195
1194 1196
1196 1197
1197 1198
1196 1199
1199 1200
1198 1201
1199 1202
1202 1203
1203 1204
1204 1205
1205 1206
1206 1207
1205 1208
1208 1209
1207 1210
1208 1211
1210 1212
1210 1213
1212 1214
1212 1215
1214 1216
1216 1217
1216 1218
1216 1219
1218 1220
1219 1221
1219 1222
1220 1223
1221 1224
1222 1225
1225 1226
1224 1227
1225 1228
1228 1229
1228 1230
1228 1231
1229 1232
1232 1233
1233 1234
1233 1235
1234 1236
1234 1237
1235 1238
1238 1239
1238 1240
1239 1241
1241 1242
1240 1243
1242 1244
1243 1245
1245 1246
1246 1247
1247 1248
1248 1249
1247 1250
1249 1251
1249 1252
1250 1253
1252 1254
1252 1255
1255 1256
1254 1257
1257 1258
1257 1259
1259 1260
1260 1261
1259 1262
1261 1263
1263 1264
1264 1265
1264 1266
1264 1267
1266 1268
1268 1269
1268 1270
1269 1271
1270 1272
1270 1273
1272 1274
1272 1275
1275 1276
1275 1277
1276 1278
1278 1279
1277 1280
1278 1281
1281 1282
1281 1283
1281 1284
1282 1285
1283 1286
1286 1287
1285 1288
1287 1289
1289 1290
1290 1291
1289 1292
1292 1293
1293 1294
1293 1295
1295 1296
1296 1297
1295 1298
1296 1299
1299 1300
1298 1301
1299 1302
1301 1303
1302 1304
1304 1305
1305 1306
1304 1307
1307 1308
1306 1309
1308 1310
1310 1311
1310 1312
1312 1313
1313 1314
1312 1315
1313 1316
1316 1317
1315 1318
1317 1319
1317 1320
1318 1321
1321 1322
1320 1323
1323 1324
1324 1325
1323 1326
1324 1327
1326 1328
1328 1329
1329 1330
1329 1331
1331 1332
1330 1333
1331 1334
1333 1335
1335 1336
1336 1337
1336 1338
1336 1339
1338 1340
1338 1341
1341 1342
1341 1343
1341 1344
1342 1345
1344 1346
1346 1347
1346 1348
1348 1349
1348 1350
1349 1351
1351 1352
1351 1353
1352 1354
1353 1355
1355 1356
1355 1357
1355 1358
1356 1359
1357 1360
1360 1361
1359 1362
1360 1363
1362 1364
1363 1365
1365 1366
1366 1367
1365 1368
1367 1369
1367 1370
1369 1371
1371 1372
1372 1373
1373 1374
1373 1375
1374 1376
1375 1377
1376 1378
1376 1379
1379 1380
1379 1381
1381 1382
1382 1383
1381 1384
1383 1385
1385 1386
1385 1387
1385 1388
1388 1389
1389 1390
1390 1391
1389 1392
1392 1393
1392 1394
1394 1395
1395 1396
1394 1397
1397 1398
1396 1399
1397 1400
1398 1401
1400 1402
1400 1403
1401 1404
1403 1405
1405 1406
1405 1407
1407 1408
1406 1409
1408 1410
1410 1411
1409 1412
1410 1413
1412 1414
1414 1415
1415 1416
1415 1417
1415 1418
1418 1419
1419 1420
1419 1421
1421 1422
1422 1423
1422 1424
1424 1425
1424 1426
1425 1427
1427 1428
1427 1429
1429 1430
1429 1431
1431 1432
1431 1433
1431 1434
1432 1435
1434 1436
1434 1437
1437 1438
1436 1439
1437 1440
1439 1441
1439 1442
1442 1443
1441 1444
1443 1445
1444 1446
1446 1447
1447 1448
1447 1449
1448 1450
1449 1451
1449 1452
1451 1453
1452 1454
1452 1455
1453 1456
1454 1457
1456 1458
1458 1459
1458 1460
1460 1461
1460 1462
1460 1463
1463 1464
1463 1465
1465 1466
1465 1467
1466 1468
1468 1469
1469 1470
1468 1471
1470 1472
1472 1473
1471 1474
1473 1475
1475 1476
1476 1477
1475 1478
1476 1479
1477 1480
1479 1481
1480 1482
1480 1483
1483 1484
1484 1485
1484 1486
1484 1487
1485 1488
1486 1489
1487 1490
1490 1491
1491 1492
1490 1493
1491 1494
1494 1495
1493 1496
1494 1497
1495 1498
1498 1499
1498 1500
1498 1501
1499 1502
1500 1503
1501 1504
1503 1505
1504 1506
1504 1507
1506 1508
1507 1509
1507 1510
1509 1511
1509 1512
1511 1513
1513 1514
1513 1515
1513 1516
1516 1517
1517 1518
1517 1519
1518 1520
1518 1521
1521 1522
1522 1523
1521 1524
1523 1525
1524 1526
1524 1527
1526 1528
1528 1529
1529 1530
1529 1531
1530 1532
1530 1533
1533 1534
1532 1535
1535 1536
1536 1537
1536 1538
1538 1539
1537 1540
1539 1541
1539 1542
1540 1543
1543 1544
1542 1545
1544 1546
1544 1547
1546 1548
1546 1549
1549 1550
1548 1551
1550 1552
1551 1553
1551 1554
1552 1555
1554 1556
1555 1557
1556 1558
1558 1559
1558 1560
1559 1561
1559 1562
1560 1563
1562 1564
1564 1565
1563 1566
1564 1567
1566 1568
1568 1569
1569 1570
1569 1571
1571 1572
1572 1573
1572 1574
1574 1575
1573 1576
1574 1577
1575 1578
1576 1579
1577 1580
1578 1581
1579 1582
1582 1583
1581 1584
1582 1585
1583 1586
1584 1587
1585 1588
1587 1589
1587 1590
1590 1591
1590 1592
1591 1593
1591 1594
1592 1595
1594 1596
1595 1597
1596 1598
1597 1599
1598 1600
1599 1601
1601 1602
1602 1603
1602 1604
1603 1605
1605 1606
1605 1607
1605 1608
1607 1609
1607 1610
1608 1611
1611 1612
1612 1613
1612 1614
1614 1615
1615 1616
1614 1617
1615 1618
1616 1619
1617 1620
1620 1621
1621 1622
1622 1623
1622 1624
1624 1625
1623 1626
1626 1627
1627 1628
1628 1629
1628 1630
1628 1631
1629 1632
1630 1633
1632 1634
1634 1635
1635 1636
1634 1637
1636 1638
1637 1639
1638 1640
1640 1641
1639 1642
1642 1643
1642 1644
1642 1645
1643 1646
1646 1647
1646 1648
1648 1649
1647 1650
1648 1651
1649 1652
1650 1653
1652 1654
1653 1655
1655 1656
1656 1657
1655 1658
1658 1659
1657 1660
1658 1661
1659 1662
1662 1663
1661 1664
1662 1665
1664 1666
1666 1667
1666 1668
1668 1669
1668 1670
1669 1671
1670 1672
1670 1673
1672 1674
1672 1675
1673 1676
1675 1677
1676 1678
1676 1679
1679 1680
1678 1681
1680 1682
1681 1683
1683 1684
1683 1685
1684 1686
1684 1687
1686 1688
1686 1689
1687 1690
1689 1691
1691 1692
1691 1693
1693 1694
1692 1695
1695 1696
1695 1697
1696 1698
1697 1699
1699 1700
1699 1701
1699 1702
1702 1703
1701 1704
1702 1705
1704 1706
1705 1707
1705 1708
1707 1709
1708 1710
1708 1711
1709 1712
1712 1713
1712 1714
1713 1715
1715 1716
1715 1717
1716 1718
1718 1719
1719 1720
1719 1721
1720 1722
1722 1723
1721 1724
1722 1725
1723 1726
1726 1727
1727 1728
1727 1729
1728 1730
1730 1731
1731 1732
1732 1733
1732 1734
1734 1735
1735 1736
1734 1737
1737 1738
1736 1739
1737 1740
1739 1741
1740 1742
1741 1743
1741 1744
1742 1745
1743 1746
1745 1747
1745 1748
1746 1749
1748 1750
1750 1751
1750 1752
1750 1753
1751 1754
1754 1755
1753 1756
1754 1757
1755 1758
1756 1759
1759 1760
1760 1761
1759 1762
1760 1763
1762 1764
1764 1765
1765 1766
1766 1767
1767 1768
1768 1769
1768 1770
1769 1771
1771 1772
1772 1773
1773 1774
1773 1775
1775 1776
1774 1777
1777 1778
1778 1779
1778 1780
1778 1781
1780 1782
1782 1783
1783 1784
1784 1785
1784 1786
1784 1787
1785 1788
1787 1789
1789 1790
1788 1791
1790 1792
1791 1793
1793 1794
1792 1795
1795 1796
1794 1797
1797 1798
1798 1799
1798 1800
1799 1801
1801 1802
1802 1803
1802 1804
1803 1805
1805 1806
1806 1807
1806 1808
1806 1809
1808 1810
1809 1811
1809 1812
1810 1813
1811 1814
1813 1815
1813 1816
1815 1817
1815 1818
1818 1819
1817 1820
1820 1821
1820 1822
1822 1823
1822 1824
1822 1825
1824 1826
1826 1827
1827 1828
1826 1829
1829 1830
1829 1831
1831 1832
1832 1833
1833 1834
1834 1835
1834 1836
1836 1837
1837 1838
1838 1839
1839 1840
1838 1841
1839 1842
1840 1843
1842 1844
1842 1845
1843 1846
1845 1847
1847 1848
1848 1849
1847 1850
1848 1851
1851 1852
1852 1853
1853 1854
1853 1855
1853 1856
1856 1857
1855 1858
1857 1859
1858 1860
1860 1861
1860 1862
1862 1863
1863 1864
1864 1865
1865 1866
1865 1867
1867 1868
1868 1869
1867 1870
1868 1871
1870 1872
1871 1873
1872 1874
1874 1875
1874 1876
1874 1877
1876 1878
1878 1879
1878 1880
1879 1881
1879 1882
1880 1883
1882 1884
1884 1885
1883 1886
1886 1887
1886 1888
1887 1889
1887 1890
1889 1891
1891 1892
1892 1893
1891 1894
1893 1895
1893 1896
1895 1897
1896 1898
1898 1899
1899 1900
1898 1901
1901 1902
1902 1903
1903 1904
1902 1905
1903 1906
1905 1907
1906 1908
1908 1909
1909 1910
1909 1911
1909 1912
1910 1913
1911 1914
1913 1915
1914 1916
1915 1917
1917 1918
1917 1919
1917 1920
1919 1921
1920 1922
1922 1923
1923 1924
1924 1925
1925 1926
1925 1927
1925 1928
1928 1929
1929 1930
1929 1931
1931 1932
1932 1933
1933 1934
1932 1935
1935 1936
1934 1937
1936 1938
1937 1939
1937 1940
1940 1941
1941 1942
1941 1943
1943 1944
1942 1945
1943 1946
1944 1947
1947 1948
1948 1949
1947 1950
1948 1951
1949 1952
1950 1953
1952 1954
1952 1955
1953 1956
1954 1957
1955 1958
1958 1959
1957 1960
1958 1961
1960 1962
1960 1963
1963 1964
1963 1965
1963 1966
1965 1967
1966 1968
1967 1969
1967 1970
1968 1971
1969 1972
1970 1973
1972 1974
1972 1975
1974 1976
1975 1977
1977 1978
1977 1979
1977 1980
1978 1981
1980 1982
1982 1983
1981 1984
1983 1985
1984 1986
1984 1987
1987 1988
1986 1989
1987 1990
1990 1991
1991 1992
1992 1993
1992 1994
1993 1995
1993 1996
1994 1997
1997 1998
1998 1999
1997 2000
1999 2001
2001 2002
2000 2003
2002 2004
2004 2005
2003 2006
2005 2007
2005 2008
2007 2009
2009 2010
2009 2011
2009 2012
2012 2013
2011 2014
2013 2015
2015 2016
2016 2017
2016 2018
2017 2019
2017 2020
2018 2021
2019 2022
2022 2023
2022 2024
2023 2025
2024 2026
2026 2027
2025 2028
2026 2029
2027 2030
2030 2031
2029 2032
2032 2033
2031 2034
2033 2035
2033 2036
2035 2037
2036 2038
2037 2039
2039 2040
2039 2041
2040 2042
2040 2043
2042 2044
2043 2045
2044 2046
2045 2047
2046 2048
2048 2049
2047 2050
2048 2051
2050 2052
2051 2053
2053 2054
2052 2055
2055 2056
2056 2057
2057 2058
2056 2059
2057 2060
2059 2061
2060 2062
2061 2063
2061 2064
2062 2065
2065 2066
2065 2067
2065 2068
2068 2069
2069 2070
2069 2071
2071 2072
2071 2073
2071 2074
2072 2075
2074 2076
2076 2077
2076 2078
2076 2079
2078 2080
2078 2081
2081 2082
2082 2083
2082 2084
2083 2085
2083 2086
2086 2087
2087 2088
2088 2089
2087 2090
2088 2091
2091 2092
2092 2093
2092 2094
2094 2095
2095 2096
2094 2097
2097 2098
2096 2099
2099 2100
2098 2101
2101 2102
2102 2103
2103 2104
2102 2105
2104 2106
2106 2107
2106 2108
2108 2109
2109 2110
2110 2111
2111 2112
2111 2113
2112 2114
2114 2115
2114 2116
2115 2117
2115 2118
2118 2119
2117 2120
2120 2121
2119 2122
2120 2123
2121 2124
2122 2125
2125 2126
2125 2127
2126 2128
2126 2129
2129 2130
2128 2131
2129 2132
2130 2133
2133 2134
2132 2135
2134 2136
2135 2137
2135 2138
2136 2139
2137 2140
2140 2141
2141 2142
2140 2143
2141 2144
2142 2145
2143 2146
2145 2147
2146 2148
2146 2149
2149 2150
2148 2151
2149 2152
2152 2153
2151 2154
2153 2155
2154 2156
2155 2157
2155 2158
2156 2159
2158 2160
2158 2161
2160 2162
2162 2163
2161 2164
2162 2165
2164 2166
2166 2167
2167 2168
2166 2169
2169 2170
2170 2171
2169 2172
2172 2173
2171 2174
2174 2175
2173 2176
2175 2177
2177 2178
2176 2179
2178 2180
2180 2181
2181 2182
2182 2183
2181 2184
2183 2185
2183 2186
2186 2187
2187 2188
2186 2189
2188 2190
2188 2191
2191 2192
2192 2193
2193 2194
2192 2195
2194 2196
2194 2197
2195 2198
2196 2199
2198 2200
2200 2201
2200 2202
2201 2203
2201 2204
2203 2205
2203 2206
2205 2207
2206 2208
2206 2209
2209 2210
2210 2211
2209 2212
2211 2213
2211 2214
2213 2215
2214 2216
2215 2217
2215 2218
2218 2219
2218 2220
2220 2221
2221 2222
2222 2223
2222 2224
2224 2225
2225 2226
2225 2227
2226 2228
2226 2229
2228 2230
2228 2231
2229 2232
2231 2233
2231 2234
2232 2235
2233 2236
2235 2237
2236 2238
2237 2239
2238 2240
2240 2241
2239 2242
2240 2243
2243 2244
2243 2245
2245 2246
2245 2247
2245 2248
2246 2249
2247 2250
2250 2251
2249 2252
2251 2253
2253 2254
2253 2255
2255 2256
2256 2257
2255 2258
2256 2259
2259 2260
2259 2261
2261 2262
2260 2263
2262 2264
2262 2265
2264 2266
2264 2267
2267 2268
2266 2269
2267 2270
2268 2271
2270 2272
2271 2273
2272 2274
2273 2275
2274 2276
2276 2277
2275 2278
2278 2279
2278 2280
2278 2281
2279 2282
2281 2283
2282 2284
2283 2285
2284 2286
2285 2287
2285 2288
2286 2289
2289 2290
2289 2291
2289 2292
2292 2293
2293 2294
2293 2295
2293 2296
2296 2297
2297 2298
2298 2299
2299 2300
2299 2301
2299 2302
2301 2303
2302 2304
2303 2305
2303 2306
2305 2307
2306 2308
2308 2309
2307 2310
2309 2311
2311 2312
2310 2313
2312 2314
2312 2315
2313 2316
2315 2317
2315 2318
2317 2319
2318 2320
2319 2321
2319 2322
2322 2323
2323 2324
2324 2325
2325 2326
2324 2327
2325 2328
2326 2329
2327 2330
2328 2331
2329 2332
2332 2333
2331 2334
2334 2335
2334 2336
2336 2337
2336 2338
2338 2339
2338 2340
2338 2341
2339 2342
2342 2343
2341 2344
2342 2345
2343 2346
2344 2347
2347 2348
2347 2349
2348 2350
2348 2351
2351 2352
2350 2353
2352 2354
2352 2355
2355 2356
2356 2357
2356 2358
2357 2359
2357 2360
2358 2361
2361 2362
2360 2363
2361 2364
2362 2365
2364 2366
2366 2367
2367 2368
2367 2369
2367 2370
2370 2371
2369 2372
2372 2373
2371 2374
2372 2375
2373 2376
2376 2377
2375 2378
2376 2379
2378 2380
2378 2381
2379 2382
2382 2383
2383 2384
2382 2385
2384 2386
2385 2387
2387 2388
2386 2389
2389 2390
2388 2391
2390 2392
2392 2393
2392 2394
2394 2395
2394 2396
2395 2397
2397 2398
2396 2399
2399 2400
2398 2401
2401 2402
2402 2403
2401 2404
2402 2405
2405 2406
2404 2407
2406 2408
2406 2409
2408 2410
2410 2411
2410 2412
2410 2413
2413 2414
2414 2415
2413 2416
2415 2417
2415 2418
2418 2419
2417 2420
2419 2421
2419 2422
2420 2423
2422 2424
2422 2425
2423 2426
2424 2427
2426 2428
2426 2429
2429 2430
2429 2431
2429 2432
2430 2433
2433 2434
2433 2435
2434 2436
2435 2437
2437 2438
2437 2439
2438 2440
2438 2441
2441 2442
2442 2443
2441 2444
2444 2445
2444 2446
2445 2447
2446 2448
2447 2449
2448 2450
2450 2451
2449 2452
2451 2453
2453 2454
2454 2455
2454 2456
2454 2457
2457 2458
2458 2459
2459 2460
2460 2461
2461 2462
2461 2463
2463 2464
2464 2465
2464 2466
2465 2467
2466 2468
2466 2469
2469 2470
2468 2471
2469 2472
2471 2473
2472 2474
2472 2475
2474 2476
2475 2477
2475 2478
2478 2479
2478 2480
2480 2481
2480 2482
2482 2483
2483 2484
2482 2485
2484 2486
2486 2487
2487 2488
2486 2489
2487 2490
2489 2491
2490 2492
2490 2493
2491 2494
2492 2495
2494 2496
2494 2497
2495 2498
2498 2499
2497 2500
2499 2501
2499 2502
2500 2503
2503 2504
2503 2505
2505 2506
2504 2507
2506 2508
2508 2509
2509 2510
2508 2511
2510 2512
2511 2513
2513 2514
2514 2515
2513 2516
2515 2517
2517 2518
2516 2519
2519 2520
2520 2521
2521 2522
2522 2523
2522 2524
2522 2525
2524 2526
2526 2527
2526 2528
2526 2529
2529 2530
2528 2531
2531 2532
2530 2533
2532 2534
2533 2535
2533 2536
2536 2537
2535 2538
2537 2539
2538 2540
2538 2541
2541 2542
2540 2543
2542 2544
2544 2545
2544 2546
2545 2547
2546 2548
2546 2549
2549 2550
2549 2551
2549 2552
2550 2553
2553 2554
2552 2555
2555 2556
2555 2557
2556 2558
2558 2559
2557 2560
2560 2561
2559 2562
2561 2563
2562 2564
2564 2565
2564 2566
2566 2567
2566 2568
2568 2569
2567 2570
2568 2571
2571 2572
2572 2573
2572 2574
2573 2575
2573 2576
2576 2577
2575 2578
2577 2579
2577 2580
2580 2581
2579 2582
2582 2583
2582 2584
2582 2585
2583 2586
2584 2587
2585 2588
2587 2589
2589 2590
2590 2591
2591 2592
2590 2593
2592 2594
2592 2595
2594 2596
2595 2597
2595 2598
2597 2599
2598 2600
2600 2601
2600 2602
2601 2603
2601 2604
2603 2605
2605 2606
2604 2607
2607 2608
2606 2609
2609 2610
2608 2611
2611 2612
2612 2613
2613 2614
2613 2615
2615 2616
2614 2617
2616 2618
2616 2619
2618 2620
2620 2621
2619 2622
2622 2623
2622 2624
2623 2625
2625 2626
2626 2627
2625 2628
2626 2629
2627 2630
2629 2631
2630 2632
2631 2633
2631 2634
2634 2635
2633 2636
2634 2637
2637 2638
2636 2639
2639 2640
2638 2641
2641 2642
2642 2643
2643 2644
2644 2645
2644 2646
2646 2647
2647 2648
2648 2649
2647 2650
2648 2651
2649 2652
2651 2653
2652 2654
2654 2655
2653 2656
2655 2657
2655 2658
2656 2659
2659 2660
2660 2661
2660 2662
2662 2663
2661 2664
2664 2665
2663 2666
2665 2667
2665 2668
2667 2669
2668 2670
2670 2671
2669 2672
2670 2673
2672 2674
2673 2675
2675 2676
2674 2677
2677 2678
2678 2679
2677 2680
2679 2681
2679 2682
2680 2683
2683 2684
2684 2685
2683 2686
2684 2687
2686 2688
2688 2689
2687 2690
2688 2691
2689 2692
2692 2693
2691 2694
2694 2695
2694 2696
2694 2697
2697 2698
2696 2699
2697 2700
2700 2701
2701 2702
2702 2703
2701 2704
2702 2705
2704 2706
2704 2707
2705 2708
2707 2709
2707 2710
2710 2711
2710 2712
2712 2713
2711 2714
2712 2715
2714 2716
2714 2717
2717 2718
2717 2719
2719 2720
2718 2721
2719 2722
2721 2723
2723 2724
2724 2725
2723 2726
2724 2727
2726 2728
2727 2729
2729 2730
2730 2731
2731 2732
2730 2733
2733 2734
2734 2735
2735 2736
2734 2737
2737 2738
2738 2739
2739 2740
2738 2741
2739 2742
2740 2743
2742 2744
2743 2745
2743 2746
2744 2747
2746 2748
2748 2749
2747 2750
2750 2751
2749 2752
2751 2753
2751 2754
2752 2755
2754 2756
2755 2757
2755 2758
2757 2759
2759 2760
2758 2761
2761 2762
2760 2763
2762 2764
2763 2765
2765 2766
2764 2767
2766 2768
2766 2769
2769 2770
2768 2771
2770 2772
2770 2773
2773 2774
2772 2775
2773 2776
2775 2777
2776 2778
2777 2779
2778 2780
2779 2781
2781 2782
2781 2783
2782 2784
2783 2785
2784 2786
2786 2787
2787 2788
2786 2789
2789 2790
2790 2791
2789 2792
2791 2793
2791 2794
2793 2795
2795 2796
2796 2797
2795 2798
2796 2799
2798 2800
2800 2801
2801 2802
2801 2803
2803 2804
2802 2805
2803 2806
2805 2807
2805 2808
2808 2809
2808 2810
2809 2811
2810 2812
2810 2813
2813 2814
2813 2815
2815 2816
2816 2817
2816 2818
2816 2819
2819 2820
2819 2821
2819 2822
2821 2823
2823 2824
2824 2825
2825 2826
2824 2827
2826 2828
2827 2829
2827 2830
2828 2831
2830 2832
2830 2833
2831 2834
2832 2835
2834 2836
2835 2837
2837 2838
2836 2839
2838 2840
2838 2841
2840 2842
2840 2843
2843 2844
2844 2845
2845 2846
2845 2847
2847 2848
2848 2849
2848 2850
2849 2851
2850 2852
2850 2853
2853 2854
2852 2855
2853 2856
2854 2857
2855 2858
2857 2859
2859 2860
2858 2861
2861 2862
2862 2863
2861 2864
2864 2865
2863 2866
2864 2867
2867 2868
2866 2869
2869 2870
2869 2871
2871 2872
2870 2873
2873 2874
2873 2875
2874 2876
2876 2877
2876 2878
2876 2879
2877 2880
2880 2881
2880 2882
2880 2883
2883 2884
2883 2885
2884 2886
2884 2887
2886 2888
2887 2889
2887 2890
2888 2891
2890 2892
2892 2893
2893 2894
2894 2895
2894 2896
2896 2897
2896 2898
2897 2899
2898 2900
2899 2901
2900 2902
2900 2903
2903 2904
2903 2905
2904 2906
2906 2907
2905 2908
2907 2909
2908 2910
2908 2911
2909 2912
2911 2913
2913 2914
2912 2915
2914 2916
2914 2917
2917 2918
2917 2919
2917 2920
2919 2921
2921 2922
2922 2923
2923 2924
2924 2925
2924 2926
2925 2927
2926 2928
2926 2929
2927 2930
2928 2931
2930 2932
2932 2933
2931 2934
2934 2935
2935 2936
2934 2937
2936 2938
2937 2939
2938 2940
2940 2941
2940 2942
2941 2943
2941 2944
2943 2945
2944 2946
2945 2947
2945 2948
2947 2949
2948 2950
2948 2951
2951 2952
2950 2953
2953 2954
2954 2955
2955 2956
2956 2957
2956 2958
2956 2959
2957 2960
2960 2961
2960 2962
2962 2963
2963 2964
2963 2965
2963 2966
2964 2967
2967 2968
2966 2969
2968 2970
2969 2971
2969 2972
2970 2973
2972 2974
2972 2975
2973 2976
2975 2977
2975 2978
2977 2979
2977 2980
2979 2981
2980 2982
2980 2983
2981 2984
2983 2985
2983 2986
2984 2987
2987 2988
2988 2989
2987 2990
2989 2991
2989 2992
2990 2993
2991 2994
2993 2995
2994 2996
2995 2997
2996 2998
2997 2999
2997 3000
2998 3001
2999 3002
3000 3003
3001 3004
3002 3005
3005 3006
3006 3007
3007 3008
3006 3009
3007 3010
3010 3011
3010 3012
3011 3013
3011 3014
3012 3015
3014 3016
3016 3017
3015 3018
3018 3019
3017 3020
3020 3021
3020 3022
3020 3023
3023 3024
3024 3025
3024 3026
3024 3027
3027 3028
3026 3029
3029 3030
3030 3031
3029 3032
3032 3033
3032 3034
3034 3035
3034 3036
3034 3037
3035 3038
3037 3039
3037 3040
3038 3041
3039 3042
3040 3043
3043 3044
3042 3045
3045 3046
3044 3047
3045 3048
3047 3049
3047 3050
3048 3051
3051 3052
3052 3053
3053 3054
3053 3055
3055 3056
3056 3057
3056 3058
3058 3059
3059 3060
3058 3061
3061 3062
3060 3063
3063 3064
3064 3065
3065 3066
3065 3067
3065 3068
3067 3069
3068 3070
3069 3071
3071 3072
3072 3073
3071 3074
3073 3075
3074 3076
3076 3077
3077 3078
3076 3079
3079 3080
3080 3081
3081 3082
3080 3083
3081 3084
3082 3085
3084 3086
3086 3087
3086 3088
3087 3089
3087 3090
3088 3091
3091 3092
3091 3093
3091 3094
3092 3095
3093 3096
3096 3097
3097 3098
3098 3099
3099 3100
3098 3101
3101 3102
3102 3103
3102 3104
3103 3105
3104 3106
3105 3107
3107 3108
3106 3109
3109 3110
3108 3111
3110 3112
3111 3113
3111 3114
3113 3115
3114 3116
3115 3117
3116 3118
3118 3119
3118 3120
3119 3121
3119 3122
3120 3123
3123 3124
3123 3125
3125 3126
3126 3127
3127 3128
3126 3129
3129 3130
3130 3131
3129 3132
3130 3133
3132 3134
3134 3135
3133 3136
3135 3137
3136 3138
3137 3139
3137 3140
3138 3141
3139 3142
3141 3143
3142 3144
3143 3145
3145 3146
3146 3147
3145 3148
3148 3149
3148 3150
3148 3151
3150 3152
3150 3153
3151 3154
3154 3155
3154 3156
3156 3157
3157 3158
3158 3159
3157 3160
3159 3161
3160 3162
3162 3163
3163 3164
3162 3165
3164 3166
3166 3167
3167 3168
3166 3169
3168 3170
3169 3171
3171 3172
3172 3173
3171 3174
3174 3175
3175 3176
3175 3177
3176 3178
3177 3179
3178 3180
3180 3181
3181 3182
3182 3183
3181 3184
3182 3185
3184 3186
3184 3187
3185 3188
3188 3189
3188 3190
3189 3191
3190 3192
3192 3193
3192 3194
3192 3195
3194 3196
3196 3197
3196 3198
3196 3199
3197 3200
3199 3201
3201 3202
3200 3203
3201 3204
3203 3205
3203 3206
3206 3207
3206 3208
3206 3209
3208 3210
3208 3211
3210 3212
3211 3213
3213 3214
3214 3215
3213 3216
3215 3217
3217 3218
3216 3219
3219 3220
3218 3221
3220 3222
3220 3223
3223 3224
3222 3225
3223 3226
3226 3227
3226 3228
3226 3229
3228 3230
3228 3231
3230 3232
3232 3233
3232 3234
3233 3235
3234 3236
3234 3237
3237 3238
3237 3239
3237 3240
3240 3241
3239 3242
3241 3243
3241 3244
3242 3245
3245 3246
3246 3247
3247 3248
3248 3249
3249 3250
3249 3251
3250 3252
3252 3253
3253 3254
3254 3255
3254 3256
3254 3257
3257 3258
3257 3259
3259 3260
3259 3261
3260 3262
3261 3263
3261 3264
3262 3265
3263 3266
3264 3267
3265 3268
3267 3269
3267 3270
3268 3271
3271 3272
3271 3273
3272 3274
3272 3275
3273 3276
3274 3277
3276 3278
3277 3279
3279 3280
3280 3281
3280 3282
3281 3283
3282 3284
3282 3285
3284 3286
3285 3287
3287 3288
3286 3289
3287 3290
3290 3291
3291 3292
3291 3293
3292 3294
3292 3295
3294 3296
3295 3297
3297 3298
3296 3299
3299 3300
3298 3301
3301 3302
3301 3303
3302 3304
3302 3305
3304 3306
3304 3307
3306 3308
3306 3309
3309 3310
3310 3311
3310 3312
3310 3313
3312 3314
3314 3315
3314 3316
3314 3317
3317 3318
3317 3319
3318 3320
3318 3321
3320 3322
3322 3323
3322 3324
3324 3325
3323 3326
3325 3327
3327 3328
3327 3329
3328 3330
3329 3331
3330 3332
3332 3333
3331 3334
3334 3335
3335 3336
3336 3337
3335 3338
3336 3339
3338 3340
3338 3341
3339 3342
3342 3343
3342 3344
3342 3345
3344 3346
3344 3347
3345 3348
3348 3349
3348 3350
3349 3351
3350 3352
3352 3353
3352 3354
3353 3355
3355 3356
3354 3357
3356 3358
3357 3359
3359 3360
3360 3361
3360 3362
3360 3363
3363 3364
3362 3365
3365 3366
3364 3367
3365 3368
3368 3369
3368 3370
3369 3371
3370 3372
3372 3373
3373 3374
3373 3375
3374 3376
3375 3377
3377 3378
3376 3379
3377 3380
3379 3381
3379 3382
3380 3383
3383 3384
3383 3385
3384 3386
3385 3387
3387 3388
3388 3389
3389 3390
3390 3391
3389 3392
3391 3393
3392 3394
3394 3395
3394 3396
3394 3397
3395 3398
3397 3399
3398 3400
3398 3401
3401 3402
3400 3403
3401 3404
3402 3405
3403 3406
3405 3407
3407 3408
3407 3409
3407 3410
3410 3411
3411 3412
3410 3413
3413 3414
3412 3415
3414 3416
3415 3417
3416 3418
3417 3419
3418 3420
3420 3421
3419 3422
3421 3423
3423 3424
3423 3425
3424 3426
3426 3427
3427 3428
3427 3429
3429 3430
3430 3431
3431 3432
3430 3433
3432 3434
3432 3435
3435 3436
3436 3437
3437 3438
3436 3439
3439 3440
3439 3441
3441 3442
3442 3443
3442 3444
3444 3445
3445 3446
3445 3447
3446 3448
3446 3449
3449 3450
3450 3451
3451 3452
3450 3453
3452 3454
3453 3455
3453 3456
3455 3457
3457 3458
3457 3459
3459 3460
3459 3461
3461 3462
3460 3463
3461 3464
3463 3465
3464 3466
3466 3467
3465 3468
3466 3469
3469 3470
3469 3471
3469 3472
3472 3473
3471 3474
3473 3475
3474 3476
3476 3477
3477 3478
3477 3479
3477 3480
3478 3481
3480 3482
3482 3483
3481 3484
3484 3485
3484 3486
3484 3487
3487 3488
3488 3489
3488 3490
3488 3491
3490 3492
3492 3493
3492 3494
3493 3495
3493 3496
3494 3497
3495 3498
3496 3499
3499 3500
3498 3501
3500 3502
3500 3503
3501 3504
3502 3505
3505 3506
3504 3507
3507 3508
3506 3509
3509 3510
3509 3511
3511 3512
3511 3513
3511 3514
3513 3515
3514 3516
3514 3517
3515 3518
3517 3519
3517 3520
3520 3521
3519 3522
3521 3523
3522 3524
3522 3525
3523 3526
3526 3527
3525 3528
3526 3529
3528 3530
3529 3531
3531 3532
3530 3533
3531 3534
3533 3535
3534 3536
3536 3537
3536 3538
3537 3539
3538 3540
3538 3541
3541 3542
3542 3543
3542 3544
3543 3545
3543 3546
3545 3547
3545 3548
3548 3549
3548 3550
3548 3551
3551 3552
3552 3553
3553 3554
3554 3555
3554 3556
3555 3557
3557 3558
3556 3559
3559 3560
3560 3561
3560 3562
3561 3563
3562 3564
3562 3565
3564 3566
3564 3567
3566 3568
3566 3569
3569 3570
3568 3571
3570 3572
3570 3573
3573 3574
3572 3575
3575 3576
3575 3577
3576 3578
3576 3579
3578 3580
3580 3581
3581 3582
3581 3583
3582 3584
3582 3585
3585 3586
3586 3587
3586 3588
3588 3589
3588 3590
3589 3591
3591 3592
3591 3593
3591 3594
3594 3595
3594 3596
3594 3597
3597 3598
3598 3599
3597 3600
3600 3601
3601 3602
3601 3603
3601 3604
3603 3605
3605 3606
3606 3607
3606 3608
3606 3609
3607 3610
3610 3611
3611 3612
3611 3613
3613 3614
3612 3615
3613 3616
3615 3617
3616 3618
3616 3619
3618 3620
3620 3621
3620 3622
3622 3623
3623 3624
3624 3625
3623 3626
3625 3627
3627 3628
3626 3629
3628 3630
3629 3631
3630 3632
3631 3633
3633 3634
3634 3635
3635 3636
3636 3637
3637 3638
3636 3639
3638 3640
3640 3641
3639 3642
3640 3643
3643 3644
3644 3645
3645 3646
3645 3647
3645 3648
3646 3649
3647 3650
3650 3651
3649 3652
3650 3653
3653 3654
3653 3655
3653 3656
3654 3657
3656 3658
3658 3659
3658 3660
3660 3661
3660 3662
3662 3663
3661 3664
3664 3665
3663 3666
3664 3667
3665 3668
3666 3669
3669 3670
3669 3671
3671 3672
3670 3673
3671 3674
3673 3675
3674 3676
3675 3677
3676 3678
3677 3679
3677 3680
3679 3681
3679 3682
3680 3683
3681 3684
3682 3685
3684 3686
3684 3687
3685 3688
3688 3689
3689 3690
3690 3691
3690 3692
3691 3693
3691 3694
3693 3695
3694 3696
3695 3697
3696 3698
3698 3699
3697 3700
3700 3701
3701 3702
3701 3703
3702 3704
3704 3705
3704 3706
3704 3707
3705 3708
3707 3709
3708 3710
3708 3711
3709 3712
3711 3713
3713 3714
3712 3715
3713 3716
3716 3717
3716 3718
3717 3719
3717 3720
3718 3721
3721 3722
3722 3723
3723 3724
3724 3725
3725 3726
3724 3727
3727 3728
3726 3729
3729 3730
3730 3731
3729 3732
3730 3733
3732 3734
3733 3735
3734 3736
3735 3737
3736 3738
3736 3739
3737 3740
3739 3741
3740 3742
3740 3743
3741 3744
3742 3745
3744 3746
3746 3747
3745 3748
3748 3749
3747 3750
3749 3751
3751 3752
3752 3753
3751 3754
3753 3755
3753 3756
3755 3757
3757 3758
3757 3759
3759 3760
3758 3761
3760 3762
3762 3763
3763 3764
3764 3765
3764 3766
3765 3767
3767 3768
3768 3769
3767 3770
3769 3771
3770 3772
3772 3773
3773 3774
3773 3775
3774 3776
3776 3777
3775 3778
3778 3779
3777 3780
3780 3781
3779 3782
3780 3783
3783 3784
3782 3785
3784 3786
3784 3787
3786 3788
3788 3789
3787 3790
3789 3791
3789 3792
3790 3793
3793 3794
3794 3795
3795 3796
3796 3797
3796 3798
3797 3799
3799 3800
3798 3801
3801 3802
3802 3803
3801 3804
3803 3805
3805 3806
3805 3807
3806 3808
3806 3809
3809 3810
3808 3811
3810 3812
3811 3813
3811 3814
3814 3815
3814 3816
3815 3817
3815 3818
3816 3819
3819 3820
3820 3821
3819 3822
3820 3823
3821 3824
3822 3825
3824 3826
3826 3827
3826 3828
3826 3829
3827 3830
3829 3831
3829 3832
3830 3833
3832 3834
3833 3835
3833 3836
3835 3837
3836 3838
3838 3839
3838 3840
3839 3841
3841 3842
3842 3843
3842 3844
3843 3845
3843 3846
3846 3847
3845 3848
3846 3849
3847 3850
3849 3851
3851 3852
3850 3853
3852 3854
3853 3855
3853 3856
3854 3857
3855 3858
3858 3859
3857 3860
3860 3861
3860 3862
3862 3863
3863 3864
3864 3865
3864 3866
3865 3867
3865 3868
3868 3869
3868 3870
3868 3871
3869 3872
3872 3873
3872 3874
3873 3875
3875 3876
3876 3877
3876 3878
3876 3879
3879 3880
3880 3881
3879 3882
3880 3883
3882 3884
3882 3885
3884 3886
3886 3887
3887 3888
3888 3889
3887 3890
3889 3891
3889 3892
3890 3893
3891 3894
3892 3895
3895 3896
3894 3897
3895 3898
3898 3899
3897 3900
3898 3901
3900 3902
3902 3903
3903 3904
3902 3905
3904 3906
3905 3907
3907 3908
3907 3909
3907 3910
3908 3911
3909 3912
3911 3913
3912 3914
3912 3915
3913 3916
3916 3917
3917 3918
3916 3919
3917 3920
3920 3921
3921 3922
3922 3923
3922 3924
3924 3925
3924 3926
3924 3927
3927 3928
3926 3929
3929 3930
3928 3931
3931 3932
3932 3933
3932 3934
3932 3935
3935 3936
3935 3937
3937 3938
3938 3939
3938 3940
3938 3941
3940 3942
3940 3943
3943 3944
3944 3945
3945 3946
3945 3947
3945 3948
3948 3949
3947 3950
3948 3951
3951 3952
3952 3953
3953 3954
3954 3955
3955 3956
3954 3957
3955 3958
3958 3959
3958 3960
3958 3961
3959 3962
3960 3963
3962 3964
3962 3965
3963 3966
3964 3967
3965 3968
3967 3969
3967 3970
3969 3971
3971 3972
3972 3973
3971 3974
3974 3975
3974 3976
3974 3977
3975 3978
3978 3979
3978 3980
3979 3981
3980 3982
3980 3983
3983 3984
3983 3985
3984 3986
3985 3987
3987 3988
3988 3989
3989 3990
3990 3991
3990 3992
3992 3993
3993 3994
3993 3995
3993 3996
3995 3997
3995 3998
3997 3999
3999 4000
3551 1283
3079 1775
325 3235
1113 1539
2211 2796
2398 2233
2796 278
2266 1893
3490 1645
468 2656
83 3203
1083 2638
2931 2848
1853 1173
2800 478
2648 1325
1895 1682
1865 2689
3317 3499
2941 2066
2431 627
459 1401
3814 1142
1481 2857
2865 4
869 400
3426 3569
130 636
1207 3339
2793 314
2193 1070
3952 3087
3938 1707
2188 3711
2983 1771
1473 3423
1036 979
1917 2012
2196 299
1518 919
156 3017
1513 3377
1228 1746
1470 395
3750 2393
3236 858
1437 2520
883 606
2484 1332
3933 1253
3158 964
24 3583
2630 409
398 3822
1887 3994
3378 590
1930 3825
631 930
1114 360
3787 1264
1277 1038
678 2072
3540 2267
2606 15
876 654
3417 1681
3587 1663
423 3275
2559 3315
1675 385
3194 3420
1910 1588
1903 3707
3335 1971
1511 3647
1648 3099
3011 2118
665 1482
547 3161
843 612
2171 3631
561 1047
689 2549
1929 1724
2674 2069
1927 2423
1901 2038
3869 1465
3429 3686
2948 1394
437 3131
2877 3560
2282 417
893 670
2532 3876
1795 1893
2594 498
2156 3102
1654 1494
939 3778
3219 436
1774 1806
3728 3309
222 1607
2716 2747
2149 3138
1948 1514
889 3374
2841 2028
1727 3471
2393 2719
96 61
1617 2119
3236 2760
3913 634
3375 366
2032 1034
3642 1493
1206 456
851 57
3661 2746
3062 2972
449 2791
2930 1649
2955 3692
1637 1364
1366 3610
449 3401
2248 872
2690 2031
3952 2093
3200 2528
325 3317
894 3253
212 2252
2400 1789
876 1168
2132 850
3333 2742
1376 3953
331 3654
407 3328
1902 3118
1918 3480
1836 2472
1949 668
3753 3415
1197 1771
767 1113
3480 1277
3366 2801
2305 1981
197 3445
791 593
962 3364
687 2936
2715 2425
2543 3451
2133 3229
3619 3349
3855 2342
1122 1803
1603 2396
2304 1878
609 3277
977 3382
1433 1998
3344 3884
2018 2423
2515 215
1416 377
3964 389
2802 3268
3931 3214
3166 2548
2249 1672
2082 3511
2762 523
270 3829
2150 2951
3786 2585
3737 273
563 1992
2909 3309
1447 121
120 1566
2274 1506
1135 2004
3011 1975
2829 3689
682 3388
2658 1898
3817 644
544 2765
269 2256
1433 3875
1166 2878
2735 1409
924 3653
857 3443
3500 2338
332 3248
2926 425
779 1275
393 3029
3507 3415
2665 3842
257 290
3531 1851
1326 529
720 2992
479 1094
2533 569
1864 1826
2240 2571
3712 888
2272 2829
366 3254
714 3409
3297 1908
2518 1484
3882 3735
3242 555
3649 2171
3232 3568
2326 3518
939 3018
1983 352
3354 2756
1213 518
1930 3562
3930 772
1970 3175
447 2446
2584 758
2473 1027
3220 3395
2690 3645
3282 2376
1407 1989
3559 2360
3847 1059
3005 3262
2263 823
1007 432
3762 2155
3067 2212
1687 1010
2834 1826
2701 2708
1869 22
1328 2608
164 956
1018 442
1836 2750
349 514
465 1972
3011 157
3827 1178
1837 3450
389 2143
2529 1215
2078 2148
3716 2332
611 2868
1392 62
2801 518
2500 95
481 2218
3297 2596
39 1980
1913 840
31 1782
412 455
1525 2474
2426 2528
1111 2279
3814 3995
3180 1034
569 2913
2056 375
2176 588
3840 1866
462 2806
1741 3665
2983 3069
1272 1407
3492 1766
3456 3209
1901 2140
3790 1991
334 1950
3723 246
2897 1049
762 1660
740 3159
3592 2931
3373 1218
1042 3018
2544 3398
1588 568
3436 268
258 1579
857 2822
1079 1038
3820 3978
2468 2603
3521 2746
2334 1884
1681 1223
244 341
1544 1230
1409 561
3098 9
3714 2453
3057 432
1251 3919
1327 3053
1680 3582
551 170
847 3434
3032 2219
1992 2292
2623 515
1927 1934
1244 519
252 1117
2671 1794
3480 2909
1593 3759
3297 3357
1885 843
527 2200
2386 1344
3080 1865
3683 1385
3349 593
2058 3244
767 114
3020 492
1905 293
248 3716
3323 3126
1210 3024
259 3620
1534 3701
496 1182
2228 2289
2568 619
274 676
2320 2097
945 3922
522 878
2588 3250
1031 2905
1107 3958
2854 3490
553 2944
2923 1390
3293 3107
1580 3046
31 2962
3877 375
93 1890
1244 293
3668 295
2294 813
611 2036
205 3701
2171 971
2616 1852
2923 738
3815 3111
1734 578
2923 2927
3531 995
3647 2800
853 2493
1195 334
989 559
1811 1956
436 2820
3923 2112
1472 3980
3464 3790
2870 2563
3518 3452
1734 2997
3571 1704
2821 1499
1366 1938
3731 3726
3223 870
3970 1590
3538 3053
1144 1958
526 820
195 3638
1884 1144
2865 3536
3640 3662
1804 1862
922 2324
2179 2665
210 1486
2277 698
1092 1617
339 3777
3619 3772
420 3035
3153 1468
24 3121
2245 1075
1040 989
136 1099
676 1312
3197 2661
2215 868
2201 2870
615 2765
3065 2100
156 1000
2177 2787
2027 2585
2921 2715
3981 305
1742 1287
230 2096
1487 1095
2874 1917
3913 2041
3974 3457
2385 3320
3483 888
225 2404
1950 3456
3487 799
1239 2247
1753 1855
1060 1832
2106 2306
549 2254
3287 89
371 2106
401 2121
3539 1654
328 973
2584 1910
1575 3452
2662 3248
842 1554
187 3562
296 738
2193 1768
1514 2217
3392 3081
1482 3973
1542 3913
878 3314
2188 366
6 2843
2029 1150
2978 530
849 3391
198 574
2934 3221
1340 84
844 2105
2885 1364
3077 70
21 1034
25 172
3960 120
212 358
2217 3653
1906 1823
763 1144
48 1737
18 1446
1866 2478
230 1132
2984 2000
532 2857
3233 769
655 843
1411 71
1355 1681
3446 694
491 3692
1096 2003
2778 2649
3857 1793
2487 1039
1759 242
241 2667
1368 1844
1629 1515
1042 3245
987 3446
621 2957
3068 1516
2322 3659
3798 1145
1618 3910
2855 3501
195 1399
1019 3421
2839 719
3436 3126
3683 2244
1701 1211
2893 1964
2242 3231
3794 1114
3516 421
1272 2798
1948 1467
2687 1235
1309 3612
2907 1099
1787 3023
718 2943
54 3538
2674 1229
3820 2504
2118 698
1742 2835
2960 660
49 336
599 2375
1476 3772
208 3384
1588 3855
1275 1658
92 3206
3248 2756
346 1704
235 3883
722 2711
1890 288
1573 3365
1321 3231
132 804
600 1709
453 1463
727 3119
11 3539
2280 905
971 3441
2376 3526
3334 2427
2117 3527
1634 847
2104 834
3807 1167
79 2045
270 1034
2893 2216
2703 2313
703 684
2398 2730
1650 50
3383 3837
216 2195
1996 1008
3806 2022
965 169
2027 3391
2475 923
2589 3324
1798 2641
3870 3722
3193 2897
1772 3629
2539 7
2210 624
856 3202
2050 2754
1614 3264
3142 2859
966 3178
1913 1720
3347 3941
3456 2682
1555 397
810 531
2796 3812
1880 1570
470 397
40 793
880 3890
1718 103
3868 2426
3247 1123
2145 1885
3719 3083
2449 2263
3494 2566
2530 1546
3952 2955
3845 3919
780 3017
3716 902
1468 177
1561 2841
578 1140
789 1853
23 3522
1906 435
2077 3345
3001 1463
1850 1205
1487 1213
645 944
2098 982
3040 905
1248 886
834 1427
3246 1636
1748 2880
2697 1884
431 2759
2538 1411
3484 3704
3971 2487
130 1448
2838 1434
480 630
2074 903
2235 3711
3900 3122
3497 2068
2768 3173
3955 3788
2722 1730
913 2951
2679 1878
1181 2282
1629 1735
187 3335
2264 1244
1960 3107
2592 1867
3009 268
1620 804
2989 3667
1005 2971
2059 1727
1057 1958
1990 3875
3926 1416
3774 1034
2244 1378
1500 3879
1974 2148
3924 3285
2258 3788
1627 2136
1906 1673
2746 429
176 2534
1074 30
1269 1620
888 145
140 2294
644 3882
3753 281
1492 2150
1705 2756
2675 1646
687 2342
3425 2608
66 1473
1837 3484
821 2626
830 1184
1508 191
3933 2047
2602 2427
2646 874
561 518
3464 1119
3023 1520
1466 3630
368 3352
918 313
114 313
2360 1531
3096 3293
3888 2904
3875 2053
2860 1752
397 2659
2557 1398
3938 2744
1790 2202
319 1332
234 1191
685 3981
2029 2315
3357 1436
3908 1410
1458 980
988 1369
1973 2556
1795 589
96 1964
2956 677
1929 3306
1344 1030
2398 116
426 2833
1095 3169
3719 1513
2748 2262
2055 2178
1420 1805
3562 3952
2795 1647
1983 2139
2377 2530
3344 1671
432 1324
1075 3310
3724 933
3087 847
351 942
120 461
3887 2465
386 2151
480 3593
570 606
650 2217
2292 2024
341 1953
823 3905
3119 264
663 3194
2901 1862
1007 1481
2724 876
3231 3583
1249 3561
239 3159
2096 1711
2437 1372
1065 2638
554 2124
461 3323
456 1816
1401 2809
135 53
2433 1780
685 1260
121 2678
1006 560
2118 3732
1440 40
3439 3891
3645 2295
2454 1440
2332 3139
2386 3841
464 3963
2888 3446
3469 3035
1787 322
487 1973
3433 3901
613 2262
3120 3502
781 1309
3798 1392
3461 2152
784 438
2977 787
2685 1566
2304 3137
2821 3417
3827 100
1453 810
2829 229
582 1349
388 3168
3195 565
836 3656
3022 2451
3808 1565
3153 220
2392 1852
3135 911
3096 3868
3762 167
3412 568
3115 1367
2316 28
2450 2060
567 529
503 3622
3832 594
1855 1230
380 294
1514 1712
1607 2796
3236 3616
3417 3819
1842 1390
1191 959
2459 2389
1185 2401
3772 2244
3451 1379
315 2389
1529 856
2079 49
1996 1943
53 1576
3967 2866
3243 3860
3512 1423
566 1731
668 3358
1110 1996
1947 3282
1936 2023
491 2145
1196 3241
1371 2149
816 389
1384 720
3234 222
1767 3637
3773 2419
2492 1120
3781 1445
105 2364
3143 3455
1687 1572
1066 1607
1192 1420
142 363
3474 2816
1213 2929
1315 2975
1795 1290
3958 3039
10 669
2112 1191
2509 337
2331 3653
1883 2679
1248 1610
3517 3275
818 2454
328 1849
1310 2948
2510 771
1107 3248
3313 1706
2659 3475
3540 1334
1542 3868
3939 1808
1261 1183
678 167
854 2415
2186 79
1608 610
2558 1490
310 287
686 2547
748 546
3025 2117
2811 2760
1620 242
3837 1085
83 2208
3341 564
1522 1864
411 3027
324 2972
1185 2209
1000 210
1168 3890
431 3134
1248 3807
359 2408
1291 2870
3527 2369
2422 863
3040 2799
490 1806
2093 989
3119 1074
3613 3432
3663 1435
1690 2083
3261 2684
2977 308
109 3198
3028 2741
892 2866
2282 3813
3659 211
863 2913
1805 2540
3634 1232
2673 3262
2213 1437
680 728
