400 713
1 2
2 3
2 4
3 5
5 6
4 7
7 8
8 9
7 10
10 11
10 12
10 13
12 14
12 15
13 16
14 17
17 18
16 19
17 20
20 21
20 22
21 23
23 24
23 25
25 26
26 27
27 28
28 29
27 30
28 31
31 32
32 33
31 34
32 35
33 36
36 37
35 38
37 39
37 40
40 41
40 42
41 43
41 44
43 45
43 46
46 47
46 48
48 49
47 50
49 51
49 52
50 53
51 54
54 55
53 56
56 57
55 58
56 59
58 60
59 61
60 62
62 63
63 64
63 65
65 66
66 67
65 68
67 69
67 70
70 71
70 72
70 73
73 74
74 75
74 76
74 77
76 78
77 79
77 80
80 81
79 82
80 83
83 84
84 85
85 86
86 87
85 88
87 89
89 90
88 91
90 92
90 93
92 94
93 95
94 96
95 97
97 98
98 99
98 100
100 101
99 102
101 103
101 104
103 105
104 106
105 107
105 108
108 109
109 110
108 111
111 112
110 113
113 114
113 115
114 116
114 117
117 118
117 119
118 120
119 121
121 122
120 123
121 124
124 125
124 126
126 127
126 128
126 129
129 130
130 131
129 132
131 133
132 134
133 135
135 136
136 137
135 138
137 139
139 140
138 141
139 142
140 143
141 144
144 145
143 146
146 147
146 148
148 149
148 150
150 151
149 152
152 153
152 154
152 155
155 156
154 157
155 158
156 159
159 160
160 161
161 162
162 163
163 164
164 165
165 166
165 167
166 168
166 169
169 170
169 171
170 172
171 173
173 174
174 175
174 176
176 177
175 178
177 179
178 180
179 181
181 182
181 183
181 184
182 185
185 186
184 187
186 188
188 189
189 190
189 191
190 192
191 193
192 194
193 195
195 196
194 197
195 198
196 199
198 200
199 201
200 202
200 203
203 204
203 205
205 206
204 207
206 208
206 209
208 210
209 211
211 212
211 213
211 214
214 215
213 216
215 217
217 218
216 219
219 220
220 221
220 222
220 223
223 224
224 225
225 226
225 227
227 228
226 229
227 230
229 231
230 232
230 233
231 234
234 235
235 236
236 237
236 238
236 239
239 240
239 241
239 242
240 243
241 244
243 245
245 246
244 247
246 248
247 249
247 250
250 251
249 252
252 253
253 254
252 255
253 256
254 257
257 258
257 259
257 260
260 261
260 262
260 263
261 264
263 265
264 266
266 267
266 268
266 269
267 270
269 271
271 272
272 273
272 274
274 275
273 276
275 277
276 278
277 279
279 280
278 281
280 282
280 283
283 284
282 285
285 286
286 287
286 288
287 289
288 290
289 291
290 292
291 293
291 294
294 295
295 296
295 297
295 298
298 299
297 300
298 301
301 302
302 303
301 304
303 305
305 306
304 307
307 308
306 309
307 310
308 311
309 312
312 313
312 314
313 315
315 316
315 317
316 318
316 319
319 320
320 321
319 322
321 323
321 324
323 325
323 326
324 327
325 328
327 329
328 330
329 331
330 332
330 333
333 334
334 335
334 336
335 337
336 338
336 339
339 340
339 341
339 342
342 343
341 344
342 345
343 346
344 347
346 348
348 349
348 350
348 351
351 352
350 353
352 354
352 355
355 356
356 357
356 358
357 359
359 360
358 361
361 362
360 363
362 364
363 365
365 366
365 367
365 368
367 369
368 370
368 371
371 372
370 373
373 374
372 375
375 376
376 377
376 378
378 379
378 380
379 381
381 382
382 383
383 384
383 385
383 386
386 387
387 388
388 389
388 390
390 391
391 392
392 393
393 394
393 395
394 396
394 397
395 398
398 399
397 400
242 26
106 368
217 243
291 41
216 278
127 185
244 18
263 327
393 284
272 192
289 336
83 161
83 368
118 88
66 81
276 360
201 356
360 235
98 252
364 88
278 260
390 314
43 223
205 391
309 64
142 324
118 399
358 41
328 233
178 330
6 275
50 65
229 158
271 398
206 109
53 18
360 274
332 309
248 35
88 201
158 363
11 198
146 93
77 130
112 322
243 107
92 95
85 239
64 231
79 42
277 73
360 34
11 79
204 400
346 297
43 320
326 192
269 242
222 49
132 325
272 299
148 249
310 28
43 47
244 180
343 134
309 146
343 370
90 10
304 70
363 317
10 239
140 304
2 58
341 141
210 269
87 243
228 168
372 169
36 331
270 135
214 234
29 217
268 354
391 232
87 385
253 269
360 41
86 211
256 156
266 371
284 93
46 175
102 211
220 10
235 243
120 177
216 338
172 114
314 378
248 117
376 235
368 179
120 14
279 231
262 312
397 81
134 283
72 288
298 153
270 20
20 115
70 147
186 90
217 213
103 132
319 46
95 218
180 51
160 362
125 115
110 62
267 125
327 191
357 340
69 39
376 264
317 360
72 34
135 108
284 280
42 15
340 177
387 329
354 104
384 30
243 345
229 56
106 123
241 277
51 225
244 94
345 247
7 298
170 3
33 219
42 278
359 106
83 324
335 374
58 336
7 16
29 75
317 347
263 218
123 376
133 224
317 11
149 375
309 14
136 235
308 52
371 126
283 85
227 33
101 230
308 376
94 397
378 8
284 228
365 304
27 216
171 322
286 55
137 20
34 38
309 205
265 330
107 324
81 293
309 308
83 71
23 203
249 53
345 396
215 180
81 112
241 29
67 383
329 201
388 165
174 389
330 16
254 139
278 11
134 251
352 152
113 384
142 128
207 110
213 220
261 253
264 12
71 150
101 78
364 59
18 365
319 126
222 137
97 361
299 34
227 355
304 252
159 392
354 108
326 334
241 177
274 253
359 309
358 273
323 17
347 290
92 398
157 45
7 367
256 34
133 210
344 221
247 9
176 38
209 64
215 381
346 26
300 363
155 153
203 155
370 81
126 377
276 213
283 340
399 336
119 316
8 117
167 358
52 272
116 118
272 258
341 78
26 296
329 253
331 24
343 374
78 39
340 133
126 164
273 302
31 190
274 129
366 240
326 363
122 14
198 202
288 236
373 198
245 397
195 158
288 27
303 222
171 120
9 251
269 240
74 211
97 254
294 36
235 395
46 369
393 1
16 182
54 218
138 349
115 289
172 113
299 207
104 297
260 135
362 5
268 226
27 109
241 346
319 54
319 392
273 33
7 252
79 43
367 190
150 400
66 139
195 203
271 124
30 129
103 60
383 84
324 383
302 90
314 338
197 139
321 312
76 272
144 308
126 39
100 47
138 69
8 110
22 313
