4000 4326
1 2
2 3
3 4
2 5
4 6
4 7
6 8
6 9
7 10
8 11
11 12
12 13
12 14
12 15
13 16
16 17
15 18
17 19
18 20
19 21
21 22
21 23
22 24
23 25
24 26
24 27
25 28
27 29
27 30
28 31
31 32
31 33
31 34
33 35
33 36
35 37
36 38
37 39
37 40
40 41
41 42
42 43
42 44
43 45
45 46
46 47
47 48
47 49
47 50
49 51
51 52
50 53
51 54
53 55
55 56
54 57
55 58
57 59
59 60
60 61
61 62
60 63
62 64
64 65
65 66
64 67
66 68
66 69
68 70
70 71
69 72
71 73
72 74
72 75
73 76
75 77
75 78
76 79
77 80
80 81
79 82
81 83
82 84
84 85
84 86
84 87
85 88
87 89
89 90
89 91
91 92
91 93
92 94
93 95
93 96
94 97
95 98
96 99
97 100
98 101
101 102
100 103
102 104
104 105
103 106
104 107
105 108
106 109
107 110
108 111
111 112
110 113
112 114
114 115
113 116
115 117
115 118
118 119
117 120
118 121
119 122
122 123
122 124
122 125
125 126
126 127
126 128
126 129
127 130
128 131
131 132
130 133
132 134
132 135
133 136
136 137
137 138
137 139
138 140
140 141
140 142
142 143
142 144
142 145
144 146
144 147
147 148
148 149
149 150
148 151
149 152
150 153
151 154
153 155
154 156
155 157
155 158
156 159
159 160
158 161
159 162
162 163
161 164
163 165
165 166
164 167
167 168
168 169
168 170
170 171
169 172
172 173
173 174
173 175
173 176
174 177
177 178
177 179
177 180
178 181
181 182
180 183
181 184
184 185
184 186
184 187
186 188
186 189
188 190
188 191
189 192
192 193
192 194
194 195
195 196
194 197
195 198
198 199
198 200
199 201
200 202
200 203
201 204
202 205
204 206
204 207
207 208
208 209
208 210
209 211
210 212
211 213
211 214
213 215
215 216
214 217
217 218
217 219
219 220
219 221
220 222
220 223
222 224
224 225
223 226
226 227
225 228
227 229
228 230
228 231
230 232
232 233
233 234
234 235
233 236
235 237
236 238
238 239
237 240
240 241
240 242
240 243
241 244
243 245
245 246
244 247
246 248
248 249
248 250
250 251
251 252
250 253
251 254
254 255
254 256
254 257
255 258
257 259
258 260
258 261
259 262
262 263
261 264
263 265
265 266
264 267
265 268
266 269
269 270
268 271
269 272
271 273
273 274
274 275
273 276
274 277
275 278
278 279
279 280
278 281
279 282
282 283
281 284
283 285
285 286
284 287
287 288
286 289
289 290
288 291
290 292
290 293
293 294
294 295
294 296
294 297
296 298
297 299
298 300
299 301
299 302
300 303
301 304
304 305
305 306
304 307
306 308
308 309
308 310
310 311
310 312
312 313
312 314
312 315
315 316
316 317
317 318
317 319
317 320
320 321
320 322
322 323
321 324
322 325
325 326
324 327
325 328
326 329
327 330
329 331
331 332
330 333
333 334
332 335
335 336
334 337
335 338
338 339
339 340
338 341
341 342
341 343
342 344
344 345
344 346
344 347
346 348
347 349
347 350
348 351
351 352
351 353
353 354
353 355
353 356
355 357
357 358
358 359
357 360
360 361
361 362
361 363
362 364
364 365
365 366
366 367
366 368
367 369
369 370
368 371
369 372
370 373
373 374
372 375
374 376
376 377
377 378
376 379
378 380
378 381
379 382
381 383
382 384
384 385
383 386
384 387
387 388
387 389
389 390
390 391
391 392
391 393
391 394
393 395
394 396
394 397
397 398
397 399
399 400
399 401
400 402
400 403
401 404
404 405
403 406
405 407
407 408
407 409
407 410
410 411
411 412
412 413
413 414
412 415
414 416
416 417
416 418
417 419
417 420
420 421
421 422
420 423
421 424
422 425
425 426
424 427
425 428
427 429
427 430
428 431
431 432
430 433
431 434
433 435
433 436
434 437
437 438
437 439
438 440
438 441
440 442
442 443
442 444
443 445
443 446
444 447
447 448
447 449
449 450
449 451
449 452
451 453
451 454
454 455
453 456
456 457
455 458
458 459
457 460
458 461
460 462
462 463
461 464
463 465
463 466
466 467
467 468
468 469
467 470
468 471
470 472
472 473
473 474
473 475
475 476
475 477
475 478
476 479
479 480
480 481
481 482
480 483
483 484
484 485
485 486
484 487
485 488
488 489
487 490
489 491
490 492
490 493
491 494
493 495
495 496
496 497
496 498
498 499
497 500
499 501
500 502
501 503
503 504
504 505
505 506
505 507
507 508
507 509
507 510
509 511
510 512
510 513
511 514
514 515
513 516
514 517
516 518
517 519
519 520
518 521
520 522
521 523
522 524
524 525
523 526
526 527
527 528
526 529
529 530
529 531
530 532
531 533
531 534
532 535
533 536
534 537
535 538
537 539
539 540
538 541
539 542
542 543
541 544
544 545
544 546
544 547
546 548
547 549
547 550
550 551
550 552
551 553
551 554
553 555
554 556
554 557
556 558
557 559
558 560
558 561
560 562
562 563
561 564
564 565
565 566
565 567
565 568
568 569
568 570
569 571
571 572
572 573
571 574
572 575
573 576
574 577
576 578
577 579
578 580
579 581
579 582
581 583
581 584
582 585
584 586
585 587
585 588
587 589
588 590
589 591
590 592
591 593
592 594
594 595
595 596
595 597
595 598
597 599
598 600
598 601
600 602
600 603
602 604
603 605
603 606
604 607
606 608
607 609
609 610
610 611
611 612
611 613
611 614
612 615
615 616
615 617
616 618
617 619
617 620
619 621
620 622
621 623
621 624
622 625
624 626
626 627
627 628
626 629
627 630
630 631
629 632
632 633
632 634
632 635
633 636
634 637
637 638
637 639
639 640
638 641
641 642
642 643
642 644
644 645
644 646
646 647
647 648
647 649
648 650
650 651
649 652
652 653
651 654
652 655
654 656
654 657
656 658
656 659
659 660
660 661
659 662
661 663
663 664
662 665
663 666
666 667
665 668
668 669
667 670
670 671
670 672
670 673
671 674
674 675
675 676
675 677
675 678
678 679
679 680
679 681
679 682
680 683
683 684
683 685
683 686
684 687
685 688
688 689
689 690
689 691
690 692
692 693
691 694
692 695
694 696
694 697
696 698
698 699
698 700
700 701
699 702
701 703
701 704
703 705
705 706
705 707
705 708
707 709
708 710
708 711
709 712
710 713
713 714
712 715
714 716
715 717
717 718
718 719
717 720
719 721
720 722
722 723
722 724
723 725
723 726
724 727
727 728
728 729
729 730
730 731
731 732
732 733
732 734
734 735
735 736
735 737
737 738
736 739
737 740
740 741
739 742
740 743
741 744
744 745
743 746
745 747
745 748
748 749
747 750
748 751
750 752
752 753
751 754
754 755
753 756
754 757
755 758
756 759
757 760
759 761
759 762
761 763
763 764
763 765
764 766
764 767
766 768
766 769
767 770
770 771
771 772
771 773
772 774
772 775
774 776
775 777
776 778
778 779
777 780
779 781
781 782
781 783
782 784
782 785
784 786
784 787
787 788
787 789
788 790
790 791
789 792
791 793
792 794
792 795
794 796
795 797
797 798
797 799
799 800
800 801
799 802
802 803
801 804
803 805
805 806
806 807
807 808
808 809
808 810
809 811
811 812
810 813
812 814
812 815
813 816
814 817
816 818
817 819
817 820
820 821
821 822
822 823
823 824
823 825
824 826
824 827
827 828
827 829
828 830
828 831
831 832
830 833
832 834
832 835
833 836
836 837
836 838
838 839
838 840
838 841
839 842
842 843
843 844
842 845
844 846
845 847
847 848
848 849
847 850
850 851
850 852
850 853
852 854
852 855
853 856
854 857
855 858
856 859
857 860
858 861
860 862
860 863
862 864
863 865
863 866
864 867
866 868
867 869
868 870
868 871
871 872
872 873
872 874
872 875
873 876
875 877
875 878
878 879
879 880
879 881
881 882
880 883
882 884
882 885
883 886
885 887
886 888
886 889
889 890
888 891
890 892
891 893
891 894
892 895
893 896
894 897
895 898
897 899
899 900
899 901
899 902
901 903
902 904
903 905
905 906
905 907
907 908
908 909
909 910
910 911
909 912
911 913
913 914
914 915
915 916
916 917
915 918
917 919
917 920
919 921
920 922
922 923
922 924
923 925
924 926
925 927
925 928
926 929
929 930
929 931
930 932
930 933
933 934
932 935
935 936
934 937
936 938
938 939
939 940
938 941
940 942
942 943
942 944
943 945
944 946
945 947
945 948
947 949
949 950
950 951
949 952
950 953
951 954
952 955
954 956
956 957
956 958
956 959
959 960
959 961
960 962
961 963
962 964
964 965
963 966
964 967
966 968
967 969
967 970
969 971
969 972
970 973
971 974
972 975
975 976
975 977
976 978
976 979
978 980
980 981
981 982
982 983
981 984
984 985
985 986
986 987
985 988
988 989
989 990
990 991
991 992
990 993
993 994
993 995
995 996
995 997
996 998
997 999
997 1000
999 1001
1000 1002
1001 1003
1002 1004
1004 1005
1005 1006
1006 1007
1007 1008
1006 1009
1008 1010
1010 1011
1010 1012
1010 1013
1012 1014
1014 1015
1013 1016
1015 1017
1017 1018
1018 1019
1017 1020
1020 1021
1019 1022
1022 1023
1023 1024
1023 1025
1023 1026
1025 1027
1027 1028
1026 1029
1027 1030
1030 1031
1029 1032
1032 1033
1033 1034
1033 1035
1033 1036
1035 1037
1036 1038
1037 1039
1039 1040
1038 1041
1039 1042
1040 1043
1041 1044
1044 1045
1043 1046
1045 1047
1046 1048
1046 1049
1048 1050
1050 1051
1050 1052
1050 1053
1052 1054
1052 1055
1053 1056
1055 1057
1055 1058
1056 1059
1058 1060
1060 1061
1061 1062
1062 1063
1062 1064
1064 1065
1064 1066
1066 1067
1066 1068
1068 1069
1068 1070
1068 1071
1070 1072
1070 1073
1071 1074
1074 1075
1074 1076
1076 1077
1075 1078
1078 1079
1077 1080
1079 1081
1081 1082
1080 1083
1081 1084
1082 1085
1083 1086
1086 1087
1087 1088
1087 1089
1087 1090
1088 1091
1091 1092
1092 1093
1093 1094
1093 1095
1095 1096
1094 1097
1097 1098
1098 1099
1098 1100
1098 1101
1099 1102
1102 1103
1102 1104
1104 1105
1105 1106
1104 1107
1106 1108
1107 1109
1109 1110
1108 1111
1111 1112
1112 1113
1111 1114
1113 1115
1114 1116
1114 1117
1116 1118
1117 1119
1118 1120
1118 1121
1119 1122
1120 1123
1123 1124
1123 1125
1123 1126
1124 1127
1126 1128
1128 1129
1129 1130
1130 1131
1129 1132
1132 1133
1133 1134
1134 1135
1133 1136
1135 1137
1137 1138
1138 1139
1137 1140
1138 1141
1139 1142
1140 1143
1142 1144
1142 1145
1143 1146
1146 1147
1145 1148
1146 1149
1147 1150
1149 1151
1149 1152
1150 1153
1152 1154
1154 1155
1153 1156
1154 1157
1155 1158
1157 1159
1157 1160
1160 1161
1159 1162
1160 1163
1163 1164
1164 1165
1165 1166
1165 1167
1165 1168
1166 1169
1168 1170
1170 1171
1171 1172
1170 1173
1171 1174
1174 1175
1174 1176
1175 1177
1175 1178
1178 1179
1177 1180
1179 1181
1179 1182
1180 1183
1181 1184
1183 1185
1185 1186
1185 1187
1185 1188
1187 1189
1189 1190
1190 1191
1189 1192
1192 1193
1193 1194
1194 1195
1193 1196
1194 1197
1197 1198
1196 1199
1199 1200
1200 1201
1200 1202
1201 1203
1203 1204
1202 1205
1205 1206
1206 1207
1205 1208
1206 1209
1208 1210
1210 1211
1209 1212
1211 1213
1212 1214
1213 1215
1213 1216
1215 1217
1215 1218
1217 1219
1217 1220
1218 1221
1221 1222
1220 1223
1223 1224
1224 1225
1225 1226
1225 1227
1225 1228
1226 1229
1228 1230
1228 1231
1230 1232
1230 1233
1231 1234
1233 1235
1235 1236
1235 1237
1235 1238
1237 1239
1237 1240
1240 1241
1241 1242
1240 1243
1242 1244
1244 1245
1244 1246
1246 1247
1247 1248
1248 1249
1247 1250
1250 1251
1251 1252
1251 1253
1252 1254
1254 1255
1255 1256
1255 1257
1257 1258
1256 1259
1259 1260
1260 1261
1259 1262
1260 1263
1263 1264
1262 1265
1264 1266
1266 1267
1266 1268
1266 1269
1268 1270
1270 1271
1269 1272
1271 1273
1271 1274
1273 1275
1274 1276
1276 1277
1277 1278
1278 1279
1277 1280
1279 1281
1280 1282
1280 1283
1282 1284
1284 1285
1285 1286
1285 1287
1287 1288
1286 1289
1288 1290
1289 1291
1290 1292
1292 1293
1293 1294
1293 1295
1294 1296
1295 1297
1296 1298
1297 1299
1297 1300
1299 1301
1301 1302
1300 1303
1301 1304
1302 1305
1303 1306
1305 1307
1307 1308
1308 1309
1307 1310
1309 1311
1310 1312
1311 1313
1312 1314
1312 1315
1313 1316
1316 1317
1316 1318
1316 1319
1317 1320
1319 1321
1319 1322
1320 1323
1322 1324
1323 1325
1324 1326
1326 1327
1325 1328
1327 1329
1327 1330
1329 1331
1330 1332
1331 1333
1333 1334
1334 1335
1333 1336
1334 1337
1337 1338
1337 1339
1339 1340
1338 1341
1340 1342
1340 1343
1343 1344
1344 1345
1345 1346
1346 1347
1345 1348
1348 1349
1348 1350
1350 1351
1351 1352
1350 1353
1352 1354
1353 1355
1353 1356
1354 1357
1357 1358
1357 1359
1359 1360
1358 1361
1360 1362
1361 1363
1363 1364
1364 1365
1365 1366
1366 1367
1367 1368
1367 1369
1369 1370
1370 1371
1369 1372
1370 1373
1373 1374
1374 1375
1373 1376
1376 1377
1375 1378
1376 1379
1377 1380
1379 1381
1379 1382
1382 1383
1381 1384
1382 1385
1383 1386
1384 1387
1386 1388
1386 1389
1387 1390
1390 1391
1390 1392
1390 1393
1392 1394
1392 1395
1395 1396
1394 1397
1395 1398
1398 1399
1398 1400
1400 1401
1399 1402
1400 1403
1403 1404
1404 1405
1403 1406
1405 1407
1407 1408
1408 1409
1409 1410
1410 1411
1411 1412
1412 1413
1411 1414
1414 1415
1415 1416
1415 1417
1417 1418
1418 1419
1419 1420
1418 1421
1419 1422
1422 1423
1422 1424
1422 1425
1425 1426
1424 1427
1427 1428
1428 1429
1429 1430
1428 1431
1431 1432
1430 1433
1431 1434
1432 1435
1435 1436
1435 1437
1435 1438
1438 1439
1439 1440
1438 1441
1441 1442
1442 1443
1443 1444
1443 1445
1443 1446
1444 1447
1445 1448
1448 1449
1447 1450
1448 1451
1449 1452
1452 1453
1451 1454
1453 1455
1455 1456
1455 1457
1457 1458
1457 1459
1459 1460
1458 1461
1459 1462
1461 1463
1461 1464
1463 1465
1465 1466
1464 1467
1467 1468
1467 1469
1469 1470
1470 1471
1470 1472
1472 1473
1473 1474
1472 1475
1474 1476
1476 1477
1476 1478
1478 1479
1479 1480
1480 1481
1481 1482
1482 1483
1483 1484
1483 1485
1484 1486
1484 1487
1486 1488
1487 1489
1487 1490
1490 1491
1489 1492
1491 1493
1493 1494
1493 1495
1493 1496
1494 1497
1495 1498
1497 1499
1499 1500
1498 1501
1500 1502
1501 1503
1502 1504
1504 1505
1504 1506
1504 1507
1507 1508
1508 1509
1508 1510
1509 1511
1510 1512
1510 1513
1513 1514
1512 1515
1513 1516
1515 1517
1517 1518
1516 1519
1519 1520
1518 1521
1521 1522
1520 1523
1521 1524
1524 1525
1524 1526
1525 1527
1526 1528
1527 1529
1527 1530
1530 1531
1529 1532
1530 1533
1532 1534
1534 1535
1534 1536
1534 1537
1537 1538
1537 1539
1539 1540
1538 1541
1541 1542
1540 1543
1542 1544
1543 1545
1543 1546
1545 1547
1546 1548
1546 1549
1547 1550
1548 1551
1551 1552
1551 1553
1552 1554
1553 1555
1554 1556
1556 1557
1556 1558
1557 1559
1558 1560
1558 1561
1561 1562
1560 1563
1562 1564
1562 1565
1565 1566
1565 1567
1565 1568
1568 1569
1568 1570
1569 1571
1571 1572
1571 1573
1571 1574
1572 1575
1575 1576
1575 1577
1575 1578
1577 1579
1578 1580
1579 1581
1581 1582
1582 1583
1581 1584
1582 1585
1585 1586
1586 1587
1587 1588
1588 1589
1588 1590
1588 1591
1590 1592
1592 1593
1591 1594
1593 1595
1595 1596
1594 1597
1597 1598
1596 1599
1598 1600
1600 1601
1601 1602
1600 1603
1603 1604
1602 1605
1605 1606
1605 1607
1605 1608
1608 1609
1609 1610
1608 1611
1609 1612
1611 1613
1612 1614
1614 1615
1613 1616
1616 1617
1615 1618
1616 1619
1619 1620
1619 1621
1620 1622
1621 1623
1622 1624
1623 1625
1624 1626
1626 1627
1625 1628
1627 1629
1629 1630
1630 1631
1630 1632
1631 1633
1633 1634
1633 1635
1633 1636
1635 1637
1635 1638
1637 1639
1638 1640
1640 1641
1639 1642
1641 1643
1642 1644
1643 1645
1643 1646
1644 1647
1646 1648
1646 1649
1647 1650
1649 1651
1651 1652
1651 1653
1651 1654
1654 1655
1654 1656
1655 1657
1656 1658
1657 1659
1659 1660
1660 1661
1659 1662
1661 1663
1663 1664
1664 1665
1665 1666
1665 1667
1665 1668
1668 1669
1667 1670
1670 1671
1669 1672
1672 1673
1671 1674
1672 1675
1673 1676
1675 1677
1675 1678
1677 1679
1677 1680
1679 1681
1680 1682
1680 1683
1683 1684
1683 1685
1685 1686
1685 1687
1685 1688
1688 1689
1688 1690
1689 1691
1691 1692
1692 1693
1692 1694
1693 1695
1695 1696
1694 1697
1696 1698
1698 1699
1698 1700
1699 1701
1700 1702
1702 1703
1701 1704
1703 1705
1703 1706
1705 1707
1705 1708
1708 1709
1707 1710
1708 1711
1711 1712
1712 1713
1713 1714
1712 1715
1715 1716
1715 1717
1716 1718
1718 1719
1719 1720
1720 1721
1721 1722
1722 1723
1722 1724
1724 1725
1724 1726
1725 1727
1727 1728
1726 1729
1729 1730
1730 1731
1729 1732
1731 1733
1733 1734
1734 1735
1733 1736
1736 1737
1736 1738
1736 1739
1739 1740
1740 1741
1740 1742
1742 1743
1741 1744
1744 1745
1745 1746
1746 1747
1746 1748
1747 1749
1749 1750
1748 1751
1751 1752
1750 1753
1753 1754
1752 1755
1754 1756
1755 1757
1757 1758
1757 1759
1758 1760
1760 1761
1760 1762
1761 1763
1763 1764
1764 1765
1763 1766
1766 1767
1765 1768
1766 1769
1769 1770
1768 1771
1770 1772
1770 1773
1773 1774
1772 1775
1775 1776
1774 1777
1776 1778
1778 1779
1778 1780
1778 1781
1781 1782
1780 1783
1783 1784
1783 1785
1784 1786
1786 1787
1787 1788
1788 1789
1787 1790
1790 1791
1791 1792
1791 1793
1793 1794
1792 1795
1794 1796
1795 1797
1796 1798
1796 1799
1799 1800
1799 1801
1800 1802
1800 1803
1803 1804
1802 1805
1804 1806
1804 1807
1807 1808
1806 1809
1807 1810
1808 1811
1811 1812
1812 1813
1812 1814
1814 1815
1813 1816
1815 1817
1815 1818
1817 1819
1818 1820
1819 1821
1819 1822
1822 1823
1821 1824
1824 1825
1824 1826
1824 1827
1826 1828
1826 1829
1828 1830
1828 1831
1831 1832
1831 1833
1832 1834
1832 1835
1834 1836
1836 1837
1835 1838
1837 1839
1837 1840
1838 1841
1841 1842
1842 1843
1842 1844
1842 1845
1843 1846
1845 1847
1847 1848
1848 1849
1847 1850
1849 1851
1849 1852
1850 1853
1853 1854
1853 1855
1854 1856
1855 1857
1856 1858
1857 1859
1857 1860
1858 1861
1860 1862
1862 1863
1862 1864
1863 1865
1863 1866
1864 1867
1866 1868
1866 1869
1869 1870
1870 1871
1871 1872
1871 1873
1871 1874
1872 1875
1874 1876
1875 1877
1877 1878
1877 1879
1879 1880
1879 1881
1879 1882
1882 1883
1882 1884
1884 1885
1885 1886
1886 1887
1886 1888
1887 1889
1889 1890
1889 1891
1891 1892
1890 1893
1891 1894
1893 1895
1894 1896
1895 1897
1897 1898
1897 1899
1898 1900
1900 1901
1901 1902
1901 1903
1903 1904
1902 1905
1903 1906
1904 1907
1907 1908
1906 1909
1909 1910
1908 1911
1910 1912
1912 1913
1913 1914
1913 1915
1914 1916
1916 1917
1917 1918
1916 1919
1917 1920
1919 1921
1921 1922
1920 1923
1921 1924
1924 1925
1924 1926
1925 1927
1925 1928
1926 1929
1929 1930
1928 1931
1930 1932
1931 1933
1933 1934
1933 1935
1935 1936
1936 1937
1935 1938
1936 1939
1937 1940
1940 1941
1941 1942
1940 1943
1943 1944
1944 1945
1943 1946
1945 1947
1945 1948
1948 1949
1949 1950
1948 1951
1951 1952
1951 1953
1953 1954
1954 1955
1955 1956
1954 1957
1956 1958
1958 1959
1957 1960
1959 1961
1961 1962
1962 1963
1962 1964
1963 1965
1963 1966
1964 1967
1966 1968
1966 1969
1969 1970
1969 1971
1970 1972
1971 1973
1971 1974
1972 1975
1973 1976
1976 1977
1975 1978
1978 1979
1979 1980
1980 1981
1981 1982
1981 1983
1982 1984
1984 1985
1984 1986
1985 1987
1987 1988
1987 1989
1987 1990
1988 1991
1990 1992
1990 1993
1992 1994
1992 1995
1993 1996
1996 1997
1995 1998
1997 1999
1997 2000
2000 2001
2001 2002
2002 2003
2001 2004
2004 2005
2003 2006
2006 2007
2007 2008
2006 2009
2007 2010
2010 2011
2009 2012
2010 2013
2012 2014
2014 2015
2013 2016
2016 2017
2015 2018
2016 2019
2018 2020
2019 2021
2019 2022
2021 2023
2023 2024
2022 2025
2023 2026
2024 2027
2025 2028
2027 2029
2029 2030
2030 2031
2030 2032
2030 2033
2032 2034
2032 2035
2034 2036
2035 2037
2035 2038
2038 2039
2038 2040
2040 2041
2041 2042
2041 2043
2043 2044
2044 2045
2043 2046
2044 2047
2046 2048
2047 2049
2047 2050
2048 2051
2050 2052
2052 2053
2052 2054
2053 2055
2054 2056
2055 2057
2057 2058
2058 2059
2058 2060
2058 2061
2059 2062
2062 2063
2061 2064
2063 2065
2065 2066
2066 2067
2066 2068
2066 2069
2069 2070
2068 2071
2069 2072
2072 2073
2073 2074
2072 2075
2073 2076
2076 2077
2077 2078
2078 2079
2077 2080
2080 2081
2081 2082
2080 2083
2082 2084
2084 2085
2084 2086
2085 2087
2086 2088
2087 2089
2087 2090
2089 2091
2090 2092
2092 2093
2093 2094
2093 2095
2093 2096
2095 2097
2096 2098
2098 2099
2097 2100
2098 2101
2099 2102
2102 2103
2102 2104
2104 2105
2104 2106
2104 2107
2107 2108
2107 2109
2109 2110
2108 2111
2110 2112
2111 2113
2111 2114
2114 2115
2115 2116
2114 2117
2116 2118
2118 2119
2119 2120
2120 2121
2121 2122
2122 2123
2122 2124
2124 2125
2124 2126
2124 2127
2125 2128
2126 2129
2128 2130
2128 2131
2130 2132
2132 2133
2133 2134
2134 2135
2134 2136
2136 2137
2137 2138
2137 2139
2137 2140
2140 2141
2139 2142
2141 2143
2142 2144
2142 2145
2143 2146
2146 2147
2147 2148
2148 2149
2147 2150
2149 2151
2149 2152
2151 2153
2151 2154
2154 2155
2155 2156
2156 2157
2156 2158
2156 2159
2158 2160
2159 2161
2159 2162
2161 2163
2163 2164
2162 2165
2164 2166
2165 2167
2165 2168
2168 2169
2168 2170
2168 2171
2171 2172
2170 2173
2171 2174
2172 2175
2174 2176
2175 2177
2176 2178
2177 2179
2177 2180
2179 2181
2179 2182
2182 2183
2182 2184
2184 2185
2185 2186
2185 2187
2187 2188
2188 2189
2187 2190
2190 2191
2190 2192
2190 2193
2192 2194
2192 2195
2195 2196
2194 2197
2196 2198
2198 2199
2199 2200
2198 2201
2199 2202
2201 2203
2203 2204
2202 2205
2203 2206
2205 2207
2207 2208
2208 2209
2207 2210
2209 2211
2211 2212
2211 2213
2212 2214
2212 2215
2214 2216
2215 2217
2216 2218
2216 2219
2217 2220
2219 2221
2220 2222
2221 2223
2221 2224
2222 2225
2224 2226
2226 2227
2226 2228
2228 2229
2229 2230
2230 2231
2231 2232
2230 2233
2231 2234
2233 2235
2235 2236
2236 2237
2236 2238
2236 2239
2238 2240
2240 2241
2239 2242
2241 2243
2242 2244
2243 2245
2244 2246
2246 2247
2245 2248
2247 2249
2248 2250
2250 2251
2251 2252
2250 2253
2252 2254
2254 2255
2253 2256
2256 2257
2255 2258
2257 2259
2258 2260
2259 2261
2260 2262
2260 2263
2263 2264
2263 2265
2264 2266
2266 2267
2267 2268
2268 2269
2269 2270
2270 2271
2270 2272
2272 2273
2271 2274
2272 2275
2274 2276
2274 2277
2277 2278
2278 2279
2278 2280
2280 2281
2281 2282
2280 2283
2281 2284
2283 2285
2284 2286
2285 2287
2287 2288
2287 2289
2288 2290
2289 2291
2291 2292
2290 2293
2292 2294
2292 2295
2294 2296
2295 2297
2296 2298
2298 2299
2297 2300
2299 2301
2299 2302
2302 2303
2302 2304
2303 2305
2304 2306
2305 2307
2306 2308
2308 2309
2309 2310
2310 2311
2309 2312
2310 2313
2311 2314
2314 2315
2313 2316
2315 2317
2315 2318
2317 2319
2317 2320
2320 2321
2321 2322
2320 2323
2323 2324
2323 2325
2324 2326
2324 2327
2327 2328
2327 2329
2328 2330
2330 2331
2330 2332
2332 2333
2331 2334
2333 2335
2334 2336
2336 2337
2335 2338
2338 2339
2337 2340
2340 2341
2341 2342
2340 2343
2341 2344
2344 2345
2344 2346
2346 2347
2346 2348
2348 2349
2348 2350
2349 2351
2351 2352
2352 2353
2353 2354
2354 2355
2353 2356
2356 2357
2355 2358
2356 2359
2358 2360
2358 2361
2359 2362
2360 2363
2363 2364
2363 2365
2364 2366
2364 2367
2367 2368
2368 2369
2367 2370
2369 2371
2370 2372
2371 2373
2372 2374
2374 2375
2375 2376
2376 2377
2375 2378
2376 2379
2379 2380
2378 2381
2381 2382
2381 2383
2381 2384
2382 2385
2384 2386
2384 2387
2385 2388
2386 2389
2389 2390
2390 2391
2389 2392
2390 2393
2391 2394
2394 2395
2393 2396
2395 2397
2397 2398
2397 2399
2398 2400
2398 2401
2400 2402
2402 2403
2401 2404
2403 2405
2403 2406
2405 2407
2406 2408
2407 2409
2407 2410
2408 2411
2409 2412
2411 2413
2412 2414
2413 2415
2415 2416
2416 2417
2417 2418
2418 2419
2418 2420
2419 2421
2421 2422
2420 2423
2423 2424
2422 2425
2424 2426
2426 2427
2425 2428
2426 2429
2427 2430
2428 2431
2431 2432
2431 2433
2432 2434
2433 2435
2433 2436
2435 2437
2436 2438
2438 2439
2439 2440
2438 2441
2440 2442
2441 2443
2443 2444
2443 2445
2443 2446
2444 2447
2447 2448
2447 2449
2447 2450
2449 2451
2450 2452
2450 2453
2452 2454
2452 2455
2453 2456
2455 2457
2456 2458
2458 2459
2459 2460
2458 2461
2459 2462
2461 2463
2461 2464
2464 2465
2463 2466
2465 2467
2467 2468
2468 2469
2467 2470
2470 2471
2470 2472
2472 2473
2473 2474
2474 2475
2473 2476
2475 2477
2477 2478
2478 2479
2477 2480
2478 2481
2481 2482
2480 2483
2482 2484
2482 2485
2485 2486
2485 2487
2486 2488
2487 2489
2488 2490
2490 2491
2489 2492
2490 2493
2491 2494
2492 2495
2495 2496
2496 2497
2495 2498
2498 2499
2499 2500
2498 2501
2500 2502
2501 2503
2502 2504
2504 2505
2504 2506
2506 2507
2507 2508
2507 2509
2509 2510
2508 2511
2511 2512
2510 2513
2511 2514
2514 2515
2514 2516
2515 2517
2517 2518
2517 2519
2518 2520
2518 2521
2520 2522
2522 2523
2523 2524
2523 2525
2525 2526
2524 2527
2526 2528
2528 2529
2528 2530
2530 2531
2531 2532
2530 2533
2533 2534
2534 2535
2535 2536
2534 2537
2537 2538
2536 2539
2539 2540
2538 2541
2539 2542
2542 2543
2542 2544
2542 2545
2545 2546
2544 2547
2546 2548
2547 2549
2549 2550
2550 2551
2551 2552
2552 2553
2552 2554
2552 2555
2555 2556
2554 2557
2555 2558
2556 2559
2558 2560
2559 2561
2560 2562
2560 2563
2562 2564
2564 2565
2565 2566
2566 2567
2567 2568
2566 2569
2568 2570
2569 2571
2570 2572
2572 2573
2571 2574
2574 2575
2574 2576
2576 2577
2575 2578
2577 2579
2577 2580
2578 2581
2580 2582
2580 2583
2581 2584
2582 2585
2584 2586
2585 2587
2587 2588
2587 2589
2588 2590
2589 2591
2590 2592
2591 2593
2592 2594
2594 2595
2594 2596
2595 2597
2597 2598
2597 2599
2599 2600
2599 2601
2601 2602
2601 2603
2601 2604
2603 2605
2605 2606
2605 2607
2606 2608
2608 2609
2607 2610
2610 2611
2610 2612
2612 2613
2611 2614
2614 2615
2614 2616
2614 2617
2615 2618
2617 2619
2618 2620
2619 2621
2619 2622
2620 2623
2623 2624
2622 2625
2624 2626
2625 2627
2627 2628
2628 2629
2628 2630
2628 2631
2629 2632
2632 2633
2633 2634
2634 2635
2635 2636
2634 2637
2635 2638
2636 2639
2638 2640
2640 2641
2641 2642
2642 2643
2642 2644
2642 2645
2643 2646
2645 2647
2646 2648
2648 2649
2648 2650
2649 2651
2650 2652
2650 2653
2651 2654
2653 2655
2654 2656
2654 2657
2656 2658
2658 2659
2659 2660
2658 2661
2659 2662
2662 2663
2662 2664
2662 2665
2664 2666
2665 2667
2667 2668
2668 2669
2668 2670
2668 2671
2669 2672
2671 2673
2672 2674
2674 2675
2674 2676
2674 2677
2676 2678
2676 2679
2679 2680
2678 2681
2681 2682
2682 2683
2681 2684
2683 2685
2685 2686
2684 2687
2686 2688
2688 2689
2688 2690
2690 2691
2690 2692
2691 2693
2691 2694
2692 2695
2695 2696
2694 2697
2696 2698
2696 2699
2698 2700
2700 2701
2701 2702
2701 2703
2701 2704
2704 2705
2705 2706
2706 2707
2705 2708
2708 2709
2709 2710
2708 2711
2709 2712
2711 2713
2713 2714
2713 2715
2713 2716
2716 2717
2717 2718
2716 2719
2717 2720
2720 2721
2721 2722
2721 2723
2723 2724
2724 2725
2725 2726
2725 2727
2725 2728
2728 2729
2727 2730
2730 2731
2729 2732
2732 2733
2733 2734
2732 2735
2734 2736
2736 2737
2735 2738
2738 2739
2737 2740
2740 2741
2741 2742
2742 2743
2743 2744
2743 2745
2745 2746
2746 2747
2747 2748
2747 2749
2749 2750
2749 2751
2749 2752
2752 2753
2751 2754
2753 2755
2753 2756
2756 2757
2756 2758
2757 2759
2758 2760
2759 2761
2760 2762
2760 2763
2761 2764
2763 2765
2763 2766
2764 2767
2765 2768
2767 2769
2769 2770
2768 2771
2769 2772
2772 2773
2771 2774
2772 2775
2774 2776
2776 2777
2776 2778
2778 2779
2777 2780
2779 2781
2779 2782
2782 2783
2781 2784
2783 2785
2784 2786
2785 2787
2786 2788
2787 2789
2789 2790
2789 2791
2789 2792
2792 2793
2792 2794
2792 2795
2793 2796
2795 2797
2797 2798
2796 2799
2798 2800
2799 2801
2799 2802
2802 2803
2801 2804
2803 2805
2805 2806
2804 2807
2806 2808
2808 2809
2809 2810
2808 2811
2811 2812
2812 2813
2812 2814
2812 2815
2813 2816
2815 2817
2817 2818
2816 2819
2818 2820
2818 2821
2821 2822
2822 2823
2822 2824
2823 2825
2824 2826
2825 2827
2825 2828
2826 2829
2828 2830
2828 2831
2830 2832
2830 2833
2833 2834
2834 2835
2833 2836
2836 2837
2835 2838
2836 2839
2839 2840
2840 2841
2840 2842
2841 2843
2843 2844
2844 2845
2845 2846
2845 2847
2847 2848
2847 2849
2849 2850
2850 2851
2850 2852
2850 2853
2851 2854
2854 2855
2854 2856
2856 2857
2855 2858
2857 2859
2859 2860
2859 2861
2861 2862
2861 2863
2863 2864
2863 2865
2864 2866
2866 2867
2865 2868
2867 2869
2869 2870
2870 2871
2871 2872
2871 2873
2872 2874
2873 2875
2873 2876
2874 2877
2876 2878
2878 2879
2877 2880
2878 2881
2880 2882
2880 2883
2882 2884
2883 2885
2884 2886
2884 2887
2885 2888
2887 2889
2888 2890
2888 2891
2889 2892
2891 2893
2891 2894
2894 2895
2893 2896
2896 2897
2895 2898
2898 2899
2897 2900
2899 2901
2899 2902
2902 2903
2903 2904
2904 2905
2905 2906
2906 2907
2907 2908
2908 2909
2909 2910
2910 2911
2909 2912
2911 2913
2913 2914
2913 2915
2913 2916
2916 2917
2915 2918
2918 2919
2918 2920
2918 2921
2920 2922
2921 2923
2922 2924
2923 2925
2924 2926
2926 2927
2927 2928
2926 2929
2929 2930
2929 2931
2929 2932
2931 2933
2932 2934
2934 2935
2934 2936
2934 2937
2935 2938
2938 2939
2939 2940
2938 2941
2941 2942
2940 2943
2941 2944
2944 2945
2943 2946
2945 2947
2947 2948
2946 2949
2948 2950
2949 2951
2949 2952
2950 2953
2951 2954
2954 2955
2953 2956
2954 2957
2955 2958
2956 2959
2957 2960
2958 2961
2961 2962
2962 2963
2963 2964
2964 2965
2963 2966
2964 2967
2967 2968
2967 2969
2967 2970
2970 2971
2970 2972
2971 2973
2972 2974
2972 2975
2974 2976
2974 2977
2977 2978
2977 2979
2979 2980
2978 2981
2981 2982
2982 2983
2982 2984
2982 2985
2985 2986
2986 2987
2987 2988
2988 2989
2989 2990
2988 2991
2990 2992
2992 2993
2992 2994
2993 2995
2993 2996
2996 2997
2995 2998
2998 2999
2997 3000
2999 3001
2999 3002
3001 3003
3002 3004
3003 3005
3004 3006
3006 3007
3005 3008
3007 3009
3009 3010
3009 3011
3010 3012
3010 3013
3011 3014
3014 3015
3013 3016
3014 3017
3016 3018
3017 3019
3018 3020
3018 3021
3021 3022
3020 3023
3021 3024
3024 3025
3024 3026
3024 3027
3027 3028
3026 3029
3027 3030
3028 3031
3030 3032
3032 3033
3032 3034
3034 3035
3035 3036
3036 3037
3037 3038
3037 3039
3037 3040
3040 3041
3040 3042
3041 3043
3043 3044
3043 3045
3045 3046
3045 3047
3045 3048
3047 3049
3049 3050
3048 3051
3050 3052
3050 3053
3052 3054
3052 3055
3055 3056
3056 3057
3056 3058
3057 3059
3059 3060
3060 3061
3059 3062
3061 3063
3063 3064
3064 3065
3065 3066
3064 3067
3065 3068
3068 3069
3068 3070
3069 3071
3070 3072
3072 3073
3072 3074
3072 3075
3073 3076
3076 3077
3077 3078
3078 3079
3077 3080
3079 3081
3079 3082
3080 3083
3083 3084
3082 3085
3085 3086
3085 3087
3087 3088
3087 3089
3088 3090
3088 3091
3089 3092
3090 3093
3091 3094
3093 3095
3095 3096
3096 3097
3095 3098
3098 3099
3097 3100
3100 3101
3100 3102
3100 3103
3101 3104
3103 3105
3104 3106
3106 3107
3107 3108
3107 3109
3107 3110
3109 3111
3109 3112
3112 3113
3113 3114
3114 3115
3113 3116
3115 3117
3116 3118
3116 3119
3118 3120
3118 3121
3119 3122
3122 3123
3121 3124
3124 3125
3124 3126
3124 3127
3126 3128
3127 3129
3127 3130
3129 3131
3131 3132
3131 3133
3131 3134
3133 3135
3134 3136
3134 3137
3135 3138
3136 3139
3139 3140
3140 3141
3141 3142
3142 3143
3142 3144
3144 3145
3143 3146
3145 3147
3147 3148
3146 3149
3149 3150
3148 3151
3150 3152
3150 3153
3151 3154
3154 3155
3154 3156
3156 3157
3157 3158
3158 3159
3157 3160
3160 3161
3161 3162
3160 3163
3163 3164
3162 3165
3164 3166
3166 3167
3165 3168
3167 3169
3168 3170
3168 3171
3171 3172
3170 3173
3173 3174
3173 3175
3175 3176
3176 3177
3175 3178
3176 3179
3178 3180
3178 3181
3181 3182
3181 3183
3183 3184
3184 3185
3183 3186
3184 3187
3185 3188
3188 3189
3188 3190
3188 3191
3189 3192
3190 3193
3192 3194
3193 3195
3195 3196
3195 3197
3195 3198
3197 3199
3199 3200
3199 3201
3201 3202
3202 3203
3201 3204
3204 3205
3205 3206
3204 3207
3207 3208
3207 3209
3209 3210
3210 3211
3210 3212
3212 3213
3213 3214
3212 3215
3213 3216
3214 3217
3217 3218
3217 3219
3217 3220
3218 3221
3219 3222
3220 3223
3221 3224
3222 3225
3223 3226
3226 3227
3226 3228
3228 3229
3227 3230
3228 3231
3230 3232
3232 3233
3232 3234
3234 3235
3235 3236
3235 3237
3236 3238
3236 3239
3238 3240
3240 3241
3241 3242
3241 3243
3242 3244
3242 3245
3243 3246
3245 3247
3247 3248
3247 3249
3247 3250
3249 3251
3249 3252
3251 3253
3251 3254
3252 3255
3255 3256
3256 3257
3255 3258
3257 3259
3259 3260
3258 3261
3261 3262
3261 3263
3262 3264
3263 3265
3264 3266
3266 3267
3267 3268
3267 3269
3268 3270
3269 3271
3270 3272
3270 3273
3272 3274
3273 3275
3273 3276
3275 3277
3276 3278
3277 3279
3279 3280
3280 3281
3280 3282
3282 3283
3283 3284
3284 3285
3284 3286
3285 3287
3286 3288
3286 3289
3288 3290
3288 3291
3289 3292
3291 3293
3292 3294
3294 3295
3295 3296
3294 3297
3296 3298
3298 3299
3298 3300
3299 3301
3299 3302
3302 3303
3301 3304
3302 3305
3305 3306
3304 3307
3306 3308
3306 3309
3309 3310
3309 3311
3309 3312
3310 3313
3311 3314
3314 3315
3313 3316
3315 3317
3316 3318
3318 3319
3318 3320
3320 3321
3321 3322
3320 3323
3323 3324
3323 3325
3323 3326
3325 3327
3327 3328
3328 3329
3328 3330
3330 3331
3329 3332
3330 3333
3333 3334
3332 3335
3335 3336
3334 3337
3337 3338
3338 3339
3339 3340
3340 3341
3339 3342
3342 3343
3343 3344
3343 3345
3345 3346
3346 3347
3346 3348
3346 3349
3348 3350
3349 3351
3350 3352
3350 3353
3351 3354
3354 3355
3353 3356
3354 3357
3357 3358
3357 3359
3358 3360
3359 3361
3360 3362
3362 3363
3361 3364
3362 3365
3364 3366
3365 3367
3365 3368
3367 3369
3367 3370
3370 3371
3371 3372
3371 3373
3372 3374
3374 3375
3374 3376
3376 3377
3376 3378
3378 3379
3378 3380
3378 3381
3380 3382
3382 3383
3383 3384
3384 3385
3384 3386
3386 3387
3385 3388
3387 3389
3388 3390
3388 3391
3389 3392
3391 3393
3392 3394
3394 3395
3394 3396
3396 3397
3395 3398
3397 3399
3397 3400
3399 3401
3399 3402
3400 3403
3402 3404
3404 3405
3403 3406
3406 3407
3407 3408
3407 3409
3408 3410
3409 3411
3411 3412
3410 3413
3411 3414
3412 3415
3414 3416
3414 3417
3415 3418
3417 3419
3419 3420
3420 3421
3421 3422
3420 3423
3423 3424
3422 3425
3425 3426
3424 3427
3427 3428
3426 3429
3428 3430
3429 3431
3429 3432
3432 3433
3432 3434
3434 3435
3433 3436
3435 3437
3436 3438
3438 3439
3437 3440
3439 3441
3439 3442
3440 3443
3441 3444
3444 3445
3443 3446
3446 3447
3446 3448
3447 3449
3447 3450
3450 3451
3451 3452
3451 3453
3453 3454
3454 3455
3455 3456
3455 3457
3456 3458
3456 3459
3458 3460
3459 3461
3460 3462
3461 3463
3461 3464
3463 3465
3464 3466
3466 3467
3465 3468
3467 3469
3467 3470
3468 3471
3471 3472
3470 3473
3472 3474
3473 3475
3474 3476
3476 3477
3475 3478
3478 3479
3479 3480
3480 3481
3480 3482
3480 3483
3482 3484
3482 3485
3485 3486
3486 3487
3485 3488
3486 3489
3487 3490
3489 3491
3490 3492
3490 3493
3492 3494
3493 3495
3494 3496
3496 3497
3495 3498
3498 3499
3497 3500
3499 3501
3500 3502
3500 3503
3502 3504
3503 3505
3503 3506
3505 3507
3507 3508
3506 3509
3509 3510
3510 3511
3509 3512
3510 3513
3512 3514
3513 3515
3515 3516
3516 3517
3515 3518
3516 3519
3517 3520
3520 3521
3521 3522
3521 3523
3521 3524
3522 3525
3523 3526
3525 3527
3527 3528
3527 3529
3528 3530
3529 3531
3531 3532
3530 3533
3532 3534
3532 3535
3533 3536
3536 3537
3536 3538
3538 3539
3538 3540
3539 3541
3539 3542
3541 3543
3541 3544
3542 3545
3544 3546
3546 3547
3546 3548
3547 3549
3547 3550
3548 3551
3550 3552
3552 3553
3553 3554
3553 3555
3554 3556
3555 3557
3557 3558
3558 3559
3557 3560
3558 3561
3561 3562
3562 3563
3563 3564
3563 3565
3563 3566
3565 3567
3565 3568
3566 3569
3567 3570
3568 3571
3571 3572
3570 3573
3572 3574
3573 3575
3574 3576
3576 3577
3575 3578
3578 3579
3577 3580
3578 3581
3579 3582
3580 3583
3581 3584
3583 3585
3584 3586
3586 3587
3585 3588
3586 3589
3589 3590
3589 3591
3591 3592
3592 3593
3593 3594
3593 3595
3593 3596
3594 3597
3595 3598
3596 3599
3597 3600
3599 3601
3599 3602
3602 3603
3603 3604
3602 3605
3604 3606
3606 3607
3607 3608
3608 3609
3608 3610
3610 3611
3609 3612
3610 3613
3612 3614
3614 3615
3614 3616
3614 3617
3616 3618
3617 3619
3617 3620
3618 3621
3619 3622
3622 3623
3623 3624
3622 3625
3624 3626
3626 3627
3627 3628
3628 3629
3629 3630
3628 3631
3630 3632
3632 3633
3631 3634
3632 3635
3635 3636
3635 3637
3637 3638
3638 3639
3638 3640
3639 3641
3640 3642
3642 3643
3643 3644
3644 3645
3643 3646
3645 3647
3645 3648
3646 3649
3648 3650
3650 3651
3649 3652
3651 3653
3652 3654
3654 3655
3654 3656
3655 3657
3655 3658
3657 3659
3659 3660
3658 3661
3661 3662
3660 3663
3661 3664
3664 3665
3665 3666
3666 3667
3667 3668
3667 3669
3667 3670
3668 3671
3670 3672
3672 3673
3673 3674
3672 3675
3674 3676
3674 3677
3675 3678
3678 3679
3678 3680
3680 3681
3681 3682
3680 3683
3682 3684
3683 3685
3685 3686
3686 3687
3687 3688
3687 3689
3688 3690
3689 3691
3690 3692
3692 3693
3692 3694
3692 3695
3693 3696
3694 3697
3697 3698
3698 3699
3698 3700
3699 3701
3699 3702
3701 3703
3702 3704
3703 3705
3703 3706
3706 3707
3706 3708
3708 3709
3708 3710
3710 3711
3711 3712
3710 3713
3713 3714
3713 3715
3715 3716
3715 3717
3716 3718
3718 3719
3717 3720
3718 3721
3720 3722
3721 3723
3722 3724
3724 3725
3725 3726
3724 3727
3725 3728
3726 3729
3728 3730
3730 3731
3730 3732
3730 3733
3733 3734
3733 3735
3733 3736
3736 3737
3737 3738
3736 3739
3738 3740
3739 3741
3740 3742
3741 3743
3743 3744
3744 3745
3745 3746
3745 3747
3747 3748
3747 3749
3748 3750
3748 3751
3749 3752
3750 3753
3752 3754
3753 3755
3753 3756
3756 3757
3757 3758
3757 3759
3759 3760
3759 3761
3761 3762
3762 3763
3761 3764
3764 3765
3763 3766
3764 3767
3765 3768
3768 3769
3768 3770
3768 3771
3769 3772
3772 3773
3772 3774
3773 3775
3773 3776
3774 3777
3776 3778
3776 3779
3778 3780
3780 3781
3779 3782
3782 3783
3783 3784
3783 3785
3784 3786
3784 3787
3787 3788
3786 3789
3787 3790
3790 3791
3789 3792
3790 3793
3793 3794
3792 3795
3793 3796
3796 3797
3796 3798
3797 3799
3799 3800
3799 3801
3799 3802
3801 3803
3802 3804
3803 3805
3803 3806
3805 3807
3806 3808
3808 3809
3809 3810
3810 3811
3809 3812
3811 3813
3812 3814
3813 3815
3815 3816
3815 3817
3816 3818
3816 3819
3818 3820
3819 3821
3819 3822
3822 3823
3821 3824
3823 3825
3823 3826
3824 3827
3826 3828
3828 3829
3828 3830
3828 3831
3830 3832
3830 3833
3832 3834
3833 3835
3833 3836
3836 3837
3835 3838
3836 3839
3839 3840
3840 3841
3839 3842
3842 3843
3841 3844
3844 3845
3845 3846
3845 3847
3845 3848
3846 3849
3847 3850
3848 3851
3850 3852
3851 3853
3852 3854
3852 3855
3854 3856
3854 3857
3857 3858
3858 3859
3857 3860
3858 3861
3859 3862
3862 3863
3862 3864
3864 3865
3865 3866
3866 3867
3865 3868
3868 3869
3867 3870
3870 3871
3869 3872
3872 3873
3871 3874
3872 3875
3874 3876
3875 3877
3876 3878
3878 3879
3879 3880
3880 3881
3879 3882
3881 3883
3881 3884
3882 3885
3885 3886
3884 3887
3885 3888
3888 3889
3887 3890
3889 3891
3891 3892
3890 3893
3893 3894
3893 3895
3895 3896
3894 3897
3897 3898
3898 3899
3897 3900
3900 3901
3899 3902
3901 3903
3901 3904
3903 3905
3904 3906
3904 3907
3907 3908
3908 3909
3909 3910
3909 3911
3909 3912
3911 3913
3913 3914
3913 3915
3915 3916
3914 3917
3915 3918
3918 3919
3919 3920
3920 3921
3920 3922
3921 3923
3922 3924
3922 3925
3923 3926
3925 3927
3927 3928
3927 3929
3927 3930
3928 3931
3929 3932
3930 3933
3933 3934
3932 3935
3933 3936
3934 3937
3935 3938
3938 3939
3938 3940
3938 3941
3939 3942
3940 3943
3942 3944
3943 3945
3944 3946
3946 3947
3946 3948
3947 3949
3949 3950
3948 3951
3951 3952
3951 3953
3953 3954
3954 3955
3953 3956
3956 3957
3955 3958
3957 3959
3959 3960
3960 3961
3961 3962
3962 3963
3963 3964
3964 3965
3965 3966
3966 3967
3965 3968
3967 3969
3967 3970
3968 3971
3971 3972
3971 3973
3973 3974
3973 3975
3973 3976
3975 3977
3977 3978
3978 3979
3977 3980
3979 3981
3979 3982
3980 3983
3983 3984
3984 3985
3985 3986
3986 3987
3985 3988
3986 3989
3989 3990
3988 3991
3989 3992
3991 3993
3991 3994
3994 3995
3993 3996
3996 3997
3997 3998
3998 3999
3998 4000
2527 3313
743 540
1763 3796
2632 1100
1595 2457
1518 2659
583 2040
2216 708
1987 3017
2435 1556
1606 2139
2055 1548
3322 221
2262 3317
3059 1731
133 3970
1437 1221
1207 3076
2342 861
3585 2878
623 2403
628 775
1860 2493
939 1769
626 2697
5 1569
446 3525
201 3164
48 2395
2408 482
1434 1896
2777 593
3242 3290
3648 3078
2708 3327
2684 2274
2966 658
1177 26
1158 1030
2975 510
1819 1229
898 667
648 2803
2656 3332
3634 736
1335 1033
262 1736
988 2506
760 827
2914 3663
1886 2507
3236 3151
613 1352
520 2493
3632 2976
594 1721
921 904
2449 1748
2109 2208
2 2158
260 2673
677 3083
3467 1111
1694 2207
2063 1514
1915 910
3714 3184
1117 3221
1030 2152
2141 1075
1706 123
2266 975
587 3216
3995 2737
1210 2554
2487 760
1503 1804
90 2923
2733 857
3302 1975
1996 1933
1523 3961
3160 740
3781 2672
3101 2610
88 3482
1680 2097
99 2940
1125 2406
1685 3251
960 1080
1768 2899
2293 3978
1267 1364
2444 2010
3956 3396
2548 3442
3943 3007
3169 2448
2864 2926
3217 2186
3404 3393
3172 860
2407 575
768 1500
3173 2119
679 3097
3068 191
2604 2059
3789 2939
1206 2925
2182 341
1073 3461
2645 1726
1052 463
2406 1279
3285 1536
2729 3015
948 2291
958 2695
697 2714
1819 3318
2933 1994
3760 2995
45 3933
2114 321
1739 215
157 3364
160 1676
3798 1210
3383 1370
259 364
1259 1192
1509 2301
1460 3368
2044 3790
3960 1973
2132 1035
1378 2710
3276 1518
2578 3410
1225 2240
2706 1958
3679 3338
1450 1962
2009 1726
2346 754
3712 380
3759 234
2189 2516
903 79
1341 3949
937 2874
849 2579
53 562
1945 1107
2700 16
686 3706
1558 1974
311 3747
217 2482
1743 2626
3413 1612
3385 2623
3298 3078
141 1130
902 1859
2747 1169
2755 3634
1564 1321
1719 3377
1522 2514
3293 737
2337 3027
2796 2395
2856 1489
2694 2058
2720 3056
3726 3196
755 1157
1815 2673
3355 47
199 3462
536 2869
2628 3640
2419 86
3807 3453
2274 2151
2834 239
3105 2992
2714 644
1568 3037
3040 2997
2094 1639
465 3392
3661 1389
1652 350
3516 1924
81 3950
1840 501
1493 3629
3663 3189
2334 2159
766 2078
617 847
1833 500
3333 3123
1137 1790
2520 2985
3535 490
2124 2062
1647 3264
1683 3075
1627 2730
3593 996
3663 1055
1393 1913
1172 2660
2152 3772
3980 2171
2825 2810
3981 793
718 684
2205 3719
744 105
1039 688
1692 2100
3274 3241
2889 2137
1173 1024
338 2669
1710 2597
2933 1760
1237 3846
3423 1338
3251 2508
981 1619
2178 590
1475 293
3155 3487
621 3942
2132 3669
3628 343
3619 832
3461 3330
2876 3041
1497 2428
3982 515
127 2417
764 3021
1337 1637
1869 3494
178 1928
1694 311
2953 2730
1828 218
3726 1248
3755 786
447 2332
2736 992
325 1084
2637 3699
1718 1068
1728 3481
1009 2996
3767 3570
3181 1490
2833 3600
1428 1636
2421 2356
2179 2479
2104 615
1330 3230
2684 3492
817 3931
2094 1764
3561 2328
232 1900
3519 3481
82 3116
804 3382
55 3232
3483 1870
3676 2017
3419 1128
1994 2834
3738 141
2681 1412
139 1866
2434 3358
1074 1047
1628 2723
2910 1791
1407 1561
2042 3875
2357 3792
104 3840
790 1514
2058 3440
3220 97
1168 2188
2720 3497
2516 3476
3102 2773
2726 3317
414 2466
1307 1179
491 2450
3597 3295
2925 362
2771 2585
1789 2516
3617 3090
137 3638
3600 2955
2745 874
3343 3522
1393 1575
2413 2635
33 3723
3 194
2849 1167
1428 3012
1525 956
2061 1906
3380 2392
3330 2200
