85 90
111010111111011111011011111101110111101100011010111111111011111111110011110011011111111101
111011110010111101111111011101111111101100111101111111111111101110101011110111010111101011
111011111110110111111110001111110111101100011000011111111011101111111011110111111111111011
111011110010110101010110111111110111101100001110011111110011111110111111111111001111111011
111110110010110101011010111101111111111101001010110111111111101111110011111111110111101101
000001000000000000010100010000000000011001100000100001000100000000001100001000101010000010
111010111110110101010010001101111111111100001110011111111111101111101011110111010111001001
000000001101001000100001110000000000010000010110100000000000000000001000001000001000010110
111011110110111101010011101111111111111110001110111111111011111111101011110111111111101101
111110110110111101011111001101111111111111011101111111111111101110111111111111011111111111
000101000000001000100001000010101000010001110111000000000100010001000000001000100000010110
000100001100000000001011110000001000010000100111000000000100100001000000001010101000000000
111110110010111101011111011111110111111110011000011111111111111111111111110111011011111011
000000001001000000001000100010001000000010100100100000000100010000001000001000100000010010
111111110010110101110010111101110111101101101100011111111111111110100111111111010111101101
111110110110111111111110011111111111101101001111011111111111101111101011110111111111111111
111110110111110101011010111101110111101110001011011011111111111110000011110111010111101101
000101001101000000100100110000000000110001000100000000000100000000010000000000000000000000
111010110110111101110010101111111111111111001101111111111111101111100111111111011111101101
000001001000000010101101010010000000000000110000100000000000010001010000001000100000000000
111011110010110101110110101111111111111101001001011111111111111010110111111111111111101011
111110111010111111011011111111110111111111101010111111111111101110100111110111010111111011
111110110010111111111110111101111111101111101110111111111011111111110011111111111111111011
000101000101001010001000100010000000010001100001100000000000010000010000000000101000010010
110010110010110101010110101111111111101100001100111111111011111111111011111111110111111011
111111110111111111011110101111111111101110111101111111111111101111100011110111010111111101
000001001100001000000001010010000000010000010101000000000100010001011100000000000000000010
000001000001001000001001010010000000000001010010100000000000010000010100000000001000000010
111111110111110111111111011101110111111010111001111111111011101110110111111111110111101101
000101000000001010101000010010001000000010010010000000000000000001001100000000101000010000
000001001101000000100101110000001000000010110100000000000100010001011000001000001000010010
111011110011111111010010001111111111101101101101011111111011111110111011111111010111101001
111011110110111101110010101111110111111100011101011111111011101111111011101111010111101011
000000000001001000000101110010001000000001010011100000000100010000010100001000001000000010
000000001000000000000100010010000000000000110101100000000100000000000000000000101000010000
011111110110111101111111011001111111111111111100011111111111111100100111110111011111111001
000101000000001010101001000000000000000001010101000000000100000001010100000000000000010110
111110110011101101110011001101111111111100111001011111111011101111111111111111010111111101
000001001101000000100101000000001000010001001101000000000000000001010000001000101000010000
000001001101000010101101010010001000010011000011000000000100010000011010001000101000010000
000000000100000000101001110000000000010011110011100000000000000000010000001000000000000010
000100000100000010001001001000000000010001110101000000000000000001001100001000001000000010
111111110111111111010111101101111111111100001010111111111011111111101011111111110111111101
111010111011111111010011001101111111101111001011111111111011111111100111111111111111111001
111011110111111111011110001111111111101101111110011111111001111110111011110111110111101101
111110101010110101111111101101110111101111001001111111111011111110110111111111010111101111
000101000100001010101100100011000000010000100110100000000000010001000000001000101000010000
111110110111111111110110001111111111101111111101111111111011111110110111111111011111111001
000100000101000010101100110000000000000001010010000000000000010000000000001000001000000010
111111110111110111111111001101111111101101101001111111111111111110100111110111110111111111
000000000001001000100101010010001010000010100110100000000100011000010100001000101000000110
111111111011111101111010101111111111111110111011011111111111101111100111110111011111110001
000101001001001010001100100010001000010000010011000000000000010001001100000000000000000000
000100001101000010000100010010001000010011100101000000000100010001010000001000001000010000
111010111110111111110010111101110111111100001110111111111111111110111011111111111111111111
111111111011111101110011001101110111111110101111111111111111111110101111111111011110111111
111011111010111101010111111101111111101100011111011111111111101111110011111111111111101001
000001001001001000101101010000000000010010010010100000000000010000001100001000101000010000
111010111010110101011111001101110111111111011111011111111111111110110111111111010111111011
000000001000000000000001100010000000000011110010000000000100000000000100000000001000000010
111110010110111101011111001111111111111100011110011111111011111110110011111111010111111110
111011111011111111011010111101101111111100011101011111111011111110101011111111011111111101
111110110010110100011110111111110111111100001001111101111011101111101011111111011111111101
000000000001000000000100000010001000010001110111100000000100000000000000000000001000010110
000101001001001010001001010010001000000001010010000000000100010000011000000000000000010110
111101110111111101011111011101111111111100111010111111111010111110100111111111010111111011
101110111110111111110010111111110111111100001100111111111111101111101011110111010111111001
000101000000001010101000000010001000010011100100100000000100010000000100001000000000010100
000000001101000000001000000010000000010000110110000000000000000001001100001000101000010100
111011110010111111010111001101110010111111011110011111111111111110100011110111110111111101
000101000000001000101000100010001000000010010001000000110000010001011000000000000000010000
000101001101001000000000010010000000000001100000000000000100010000011000001000000000010100
000100000101001010100000000000000000010010100100000000000100010001010001100000000000010110
111011110011110101110110101111110111111111111101111111111111111111101111111111010111111111
111110110010111111111110111101110111101110011010111111111111111110111011110111010111111001
000000000100001000001101000000000000000011100000000000000000000001000000001000001000000100
111110110100111111011111111101110111111110001010111111111111101110100011111111110111111011
111010110111111111011011111101110111101110111010011111111111111110110011110111110111101111
000000000001001010100001100010000000000010000001100000000100010001000100000001000000000010
000001001101001010100101110000001000000011000000100000000100010000000000001000000000010110
000101001000001010000100100010001000010000010001000000000100010000001000001000001000010010
111011110110110101111110001111110111101110001011011111111011111111111111110111110111111011
000001001101001110101000010000000000010001000000110000000100010000000100001000000000010100
000000000001001000101001100000001000000001100101000000000000000000010100000000101000010000
000100001000001000100000000000000000010000110101100000000100010001010100000000100000000000
