200 350
11111101110100111101011000011101011110011111111111110110101011100100010011001011111111110011111111101111110111110111111100111111011010110011001111111110001101001111111011110101101011111111111011011111110111110011110101110111111011011111111011110111011001011001110011011111101011111110111111110111100011000011111111111100100000111110101101001111011101
00001100111111010001001010000010100001100001000000001101000100101001001110100100000100100000010100010010111110001110001001000000100010011000100110001001110010010000001000010001110010001000000010010010000100000000001010000100111100110000000100100100100100100101001101000001000000000011000000001001010100100100000000000000010111000001000000100000100010
00000110001010000001000101000000000000000001010000010101100100101010101100000000010100000010010001000000001010000010001011000000100001010010110100000000110010010000000000010001110100000000000000010001101000101000001011001000001000000000000010100000000010100111011000000010100000000101000000000000011100001100000000000000010001001000010010100000010010
10111101110100111111010010011101111110011111101111111010011111111010011011001011101011111111111110111101110100111001110101111111111100101011101111111111111100111111111111111111001011111101111111001000110111010011110111110111110011011111110001110111101011111001111011011100111111111001111111110111110011111011111111111100001101111111101101111101111101
11111011110011111110011001111011111111111101110111110011011011000011000101011111101011010101101111111101101011111010111110111101111100111101101111100110010110101111110111111110011011110111111001111000110011110011110111110111110011011111110101111111111010111011100011111110111111111101111111111111111001110011111111011111010101111111101101011101011111
00001110101011010000000000100000000001001010010000000000000100010001110110010000000100100010000100000000111001001110001011000000000011000110000010001001011000010000000100010000000000001010000110010101101000001100000000000100101000010000001000000000010000000111010100000010000000000011000000001000011110000000000000100011010011000000000010110010010010
00000110001000010010101101000110100001000010000000010000000100101110111110010100000100001010010001000000110011000010000001000010000000011010000010000000111000000000001010010001000100001010000010010000100100000100000000001000111100110000001100001000001100000100010000100000000000000100000000000001010000110000000000100011011000001000000001100010010000
11111111110110101100010011011101111110111111111111111010011111100110100011101011101011011001101111111111110110110111111101111101111101100101011101100111101110111111110111101110111101111101111001111101011111110111110100110111110111101111111001010111101101011100100011111101011011111000111111111100100111001111111111011111100100110111111111111111111101
11111111001011111110011100111001111111111111110111110011011111010011011001011111111011110011111110101111101000100111111111111111111110110001111011110111011111101111111101101110001011110101111111101000111011111111111110110111000011111111110001110111101011111110110010111111011011111010111111110110101111110011111111111101001011111111111111011101111111
00001100000011000011001010100000100000000010011000011100100100010111000000100000010100000110000100010000010011001010000010000010000000011110110010000000111000010000001010010000010110000000000010010001001100001000000010000000000100000000000010101000011010100101001001000001000000000110000000001001011010101000000000000001110011001000010001000010000010
10001000101001010011100000000110000001000010000000010100000100100001101010010000000100100110010001010010111010000110001000000010100000000100100010011001111000000000000010000000100010001010000010000011000000001000001011000000000000010000000000000000101010000110011000100101000000000101000000000000000100000100000000100011100001001000000011100000100000
11110111100010101111010111011011011110010100111111110011011011100001110101001011111111010111111010111101010001111111110101111101011100101011101001100111101101111111110001111110011101111101111111101000011011010011110111110011001011011111110101011111101011011101101110011100011111111000111111111111111101101111111111011100111100111110111101011111111111
11110011010011111111011101011001111111110100100111101110111111111000110101111011111111111011101011101111010110111101110111111101011111110011111011110110101101111111111011101111101101110101111001111111011011010011111110110011011111101111110001011111100001011001111010011111111111111101111111111110111111010011111111011111111100111111101101101101111111
11110011101111101111010000011111011111110100101111111010111111110011011001011011111111111001111110101101110000111101110100111111001111101001101101101110101111101111110101101111001011110101111111111010111011010111110101110011000111001111111101111111101101011010101110111110011011111111111111111111111001010111111111011111110000110110111110101111111111
11110101110110111100011001011111111110011110110111111010011011100101100011111011111111110001111111101111011001111111111111111101011110101011001011111111011100111111111001101110001111110110111111101010010111111111111110110111000011111111110011110111111001111001110110011111111011111011111111111111100111011111111111011101111111110110111110001111011111
11111111100111101111111110011111111111110100101111110010011111011110011011101111101111010001101111111101000110110111111110111101011101100101101111100110011111101111110101101111111001110111111011011000011011110011111100110011111011101111111001111111110111011010111010111100111111111010111111111110111001010111111111111100110111110111111100101101011101
00000000110000010011101100100100000000001001000000010100000000101011001100100000010100000000010101010000100001001000000010000010000011000000110010000000001000010000000110000000010100001010000010110001100100000000001000000000011100000000001100100000101010100000011101000011000100000101000000000000000110111100000000100010101001001000010001110010010010
11110111110000111110110010111001011110111111110111110011111111101111110101111011111111110111111011111111101111111011111101111111011101110001011001110110000100111111110101101111101101111111111111011010011011011011111110111011000011001111110101011111011001011111101011011111011011111000111111110111101111101011111111111100110110111110111111001101001111
00000100000100010011100111100100000000000000010000000101000000011010101110000000010000100110010101000010110111001000000010000010000011001000100100001000101000000000000010000000000100000000000010100010000100000100001000001100110100010000000110101000001100000111011100000000000000000001000000001001000100111000000000000011000100001001000011110000000010
11110111010010101110011111011001111111010111100111101111111111011101000111111111111011111001101011111111010110110111110111111111011100100001001001111110010110111111111111111111011101110101111111001110011011110011110111111011011111111111110001110111010001011111101110011111111111111110111110111110111011110011111111111110110110111111101111101101011101
11110110100101110110011110111111111111110111111111100100111111111110111011101011111111110001101111101101111011110111110101111101111100111001001011101111101100111111110001101111111101111111111111111011011011010111110111111011100111111111111101110111101001111100111011111100011011011111111111111110110011111011111111011100100001111111101111111101001101
11110101100101101111010110111011111110011110101111110010011111000011010011101111101011111111111011101101010001111011110101111111111100101011011101100110010110111111110111111110111101111101111001001100010011011011111101110011001111001111111101010111100001111110100111011111111011111010111111111110100011101011111111111111011101110111111100001101111111
11111101101110111111010101111101011110011110100111111010011011111110010101111111111111110011111011101101001110110001111111111101011100111001001101100111111101101111110101111110111001110101111101001001110111111101110111110111000011011111110101110111100001011000110110011111111111111101111111110110110001111011111111111111010011111111101100101101101111
11110101001010111101010101111101111110110100110111101010111011110111010011001011111011110111111110111101101000111011110111111111011101100111101001100110010100111111111001111110011101110111111111001000010111111111110100110011011011101111110011010111000001111101101111111110011111111001111111111110110101011011111111011101101010110110111100101101101111
00001010100001010000000001000110100000101010010000011000000000011000000110010000010100101010010001000010100101000110001011000010000010000110000100011000011000000000000100000000100110001000000010000110100000001000000001001100110100010000001100001000001110100111011000100001000000000001000000001000010100010100000000100011011000000000010001000000000000
00000110111111000011000100000100100000100010010000011101100100000101101110000000000100001010000101010000100000000010001001000010000010011011000100010001110000000000000010000000110110001010000110000100100100001100001001001100100100100000001100100000101000000110010001000011000100000010000000000000000000110000000000100010100100001001000010000010100000
00000110110010000010000100000010100001101010001000001000100000000101101100000000010001101000010001010010100101001010001001000000000001001000010010001001001010000000000010010001010100000000000100110001101000000000001011001000101100110000000110000000110110000101011101100001000000000001000000001001001010010100000000000000100010001001000010010000100000
00000100110010010010000001100110000001000010000000011001000100001101111000010000010100100110000100010000011101001110000000000010000011001010010010010000100011010000000000010001010010000000000010010111101000001000001010010100111000000000001010001000000110100100011100000010100000000001000000000001000100100000000000100011110101000001000011110000010010
11111111011111101111011101011001011110111111110111100111011011101010100001111011111111011011101111111101000010111101111110111101011111111111011001100110111100111111111011111111101111110111111011101111010111111011111101110111110011011111110101010111010011111011111011011111111011111001111111111110100111011111111111111111001000111110111110111111011101
11111011011100101110011110011011011111110110110111101010111011010100000011011111111011011011111111101101111110110001110110111101011110100001111101111110110100101111111001111110001101110101111101001110011011110011110111111011001111101111111011011111111111111011110111011100011111111011111111110111110101100111111111011101010010110111101100111101001100
11110001110011101110111011111111111111110111100111110010011011000100110001111111101011010011111111111111111001110101110101111101011111101111101001100110100110111111111001111111101111110101111001111111010111110011110110110011100111111111111011110111101001011100111110111110011011111111111111111110100011011011111111101111000101110110111110011111011111
11111101010001101111110100111101111111110101101111100010111011000111010101001111101011111101111110111101010111111111111111111101011111110101001101100110000100111111110011111110001011111111111111111001110011011111110100110111000111111111110101010111010001111010111010011100111111111011111111111110110001010111111111111100001010111110111110001111001101
11110001110000101101010101111111111110010100101111101010111011100111000001111111111011110111101011111111111000110001110111111101011111111111101011100111001110111111111101111110111111111101111001001111111111110111110110110111000011001111110011111111011001011110100010011101111111111100111111111110101111000011111111011111101110110110101100001111111111
00000010010100000001001111100010100000000011001000011100100000100110011100000100000000100110010100010000110101001110000010000010100011000000100010001001011010010000000110010001110000000010000110100011000000100000001010000000011000110000000110100000010000100100011101000000000100000100000000000000000010101000000000100000111010001001000001010010010010
11110111011011101111011010111111111110110110101111111010111111011101001101111011101011111111111110111101010001110011110101111111111111101011111001101110000101111111110101001111101101111111111001101010011011110011111110110011101110001111110001111111111011011100101011111101011111111000111111111111111011111111111111111111000100110110111111101101101101
11110011101101101101111111111011011110011101101111100111011011011110101111011111101011111001111110111111001010111011110111111111111111110001001111110111000101101111111001111111111011111111111001101100011011110011111110110011100011011111110101111111000101111110100010011100111011111011111111110110110011011111111111011100101111110111111110101111101111
00000010010001010000101110000100000000100011011000001101000100100001001010111000000000100000000101010000000000000110000011000000000010011110000110011001000001000000001010000000100010001010000010001110101100101000011011000000010000000000001010001000010000100110010001100011000100000000000000001000001010101100000000000010111101001001010001000010100000
11110001001001101100010100111111111111011110100111100011111111110010101001111011111011110101101011101101100011110001111101111101010110101001111001110110110100101111111101111110011011111111111001011000110111010011111111111111000011111111111101010111011011011101100110011110111011111100111111110110100111010111111111011110011000110110111111011111101101
11110001000010111111111101011011011111111101101111111111011011001011100101101111101011010101101111101111111110110011110110111111011100101001111011111111011101111111111111111111011111111111111111011101110011110011110101111111110111101111110001110111010001111001110110011111011011111011111111110110110101010111111111011111101111110110101100001101101101
11110101111011101111111111011011111110111100100111100111111111001001001101011111101011011111101111111101010011110111111111111111011110101101101011110110000110111111110011111111001001110111111001011011110111111011111100111011011011111111110011110111000101111111100110011101011111111011111111110110100001110011111111111101001000110111111101001101001111
00000100001001010001100010000010000000100010000000000101000000011100011010100000010000011000000100000010010000000100000011000010100010011000010000011000100011000000000000010000100100000010000010010110000100101100001011001100001100000000000110100000100000000011011100100001000100000001000000001000000100000000000100000000110110001010010000110010000000
00000100111001000011001010100010000000101000001000000100100100000101000010100000010100001110000001010010111100100100001001000010000001000110010100001000100011010000000100000001100000001010000000010111001100101000000000000100011100100000001000001000110110000101011001100010100000000001000000001001000010000100000000000000101111001000000001100010100010
11110011111100111111111000011101011111011111110111110111011111001000111111001111101111110011110110101111110010111011111100111111111101110101011101101110000111111111111011111110111101110101111001011100011011111111111110110011101111101111110101110111000101111111110110011111111111111101111111110111100011011111111111111100111111111111111111001111111111
11110011000101111101110000111011111111111111101111100110111111010010100111001111111011110111111111111111111100111111111111111101011111100011111111101111110111101111111111111111111111110101111011001011110011011111111111110011111111011111111001111111001101011011100010111111011011111110111111111110111011110111111111011100101001110111101101101111101101
11111111100001111100010100011101111111010100111111110111011011111100100001001111111111010101111110101101101110111011111110111101011100110111001111110111001110111111111101101111111001110101111001001110110111110011111110110111101011101111110111111111011001011111110111111100011111111101111111110111111011010111111111011111000010110110101101011111111101
00000100110000010010000111000100000001000001011000001100000000010101110010100000000000000000010001010010000100001100000011010000100010011000110110011001101101010000000010000000000110000010000010000100100100101000000001001100101000010000001100101000000000000110011100100011000100000100000000000001011100000000000000000010100100000001010010100010011010
00001010011111010000000110000110000000100001010000011100100000101110001110110000000000101010010001000010011001001110001001000000000011001100100010011000001000000000000000000001100100001010000110110100000100101000000010000101110100110000000110100000000000100010011100100011100000000110000000000001011010111100000000100010100010000001010000110010100010
00001010011110010000001101100110100001101011000000001001100100100001010110100100010100100010010001000000101111000000001011000010100001010110000000001000000011010000001100000000110000000010000000100101100100000000000001001000100100110000000110100000000100000010001101100001000000000000000000001001010110010000000000100001111111000001000011110010100010
00001000011100010011010101000110010000100011100000010100100100111101111000110100000000000101010100010000101100000000000011000010100000011010110100011001100001010000000000000000110110000000000110010111000100100000000000001000100000000000000110000000101000000110000001000001100100000000000000000000010110101100000000100010101101100001010000010010110010
11110001111000101101010101111011111111111100100111111110011111000000111011101011101011110111101011111101000010111001110100111101011101100011001101100110110110111111111011101110101101111111111101101100011011110011111111110111001011011111111001011111010011111111101111111111011111111100111111110111100001011111111111111110001100110111101111001111111101
00001110000010000010100010100010100001101000011000001000000100001101100110000000010000100110010100001010010011001110001001000010000000011010010010001001111000000000000100000001010010001010000110110111000010100100001000000000110000110000000010000000011100100000010101000001100000000100000000001001000110010000000000100010000000001000010011110010100000
11111011001110111100110110111001011111010100101111101010011011101101111101101111111111111101101011111101001010111101111111111101111110101011101001101111110111111111111101101111001101110101111111011001010011111011110111111111110111111111110111011111110001111010101111111110111011111111111111111111100011100011111111011101100001110111111111011110001111
00001010101100000010000010000010100000100000001000001001000100001100011000110100000100101100010100000000100101001110001010000000100001011100010100011001111001000000001110000000010110001010000110010110101000100100001011000100010000000000001100001000011100000100001001000000000000000000000000001000001110110000000000000000001101000000010001010000100000
00000100101010010010100111000010100001000011000000011001100000101111100110110000000000000010000001000000100100000010001000000010000000011000000110000000010011010000001010010001010010001010000110110000000000000100001010000100111000000000001000101000011010000000001000000001100100000110000000001001000100111100000000000001000100000000010010100010110000
11110001000111111100111001111001011111111111101111110010111111001000110111111011101011011011101110111111111010110011110101111101111100111111011001101111011100111111111001101110101111111101111111111111110011111111110101111011100011011111110011011111010011011111101011111100111011111110111111111110111001110111111111011101011101110110101100001111001111
00000000001000000001100110000000100000100000000000000101100000100100110100000000000000100000000000000010100011000010001001000000000000001000100110000001010000010000000110010000010000000010000000110100001000100100001011000100101100110000000110101000010000100000001101100000000100000000000000000000010110011000000000100010010001001001010010000010110000
11111001001100111110110101011111111110110111111111101010111011011101100101101111111011010101111110111111110001110111111101111101011101100111101101100111001110101111111001111111011100111101111001111011011011111111111101111111111111101111110101010111011101111010110010111110111111111101111111111111000101100111101111011010010001111110111100011111011111
00011000010010000000100110100010000000100010010000010000000000001111000000010000000100100110000000010000010000001010001010000000100000011110110110000000111001000000001010000000110100001000000010000000001100101000000000001000001100000000000000101000101000100101010100100011000100000010000000000000010010100100000000100000100001000001000001110000000010
11110111111010101111011011111111111110111111101111101011111011111110000011011011101111011011111010111101101101110101110111111101011111110011111001100110110101111111110101101111111111110101111011011010011011011011110111110111000111101111111111111111110001111111100110111100011011111000111111111110111011000111111111011110010001110110101100011101011111
11111101110101111111011101111011111111010101110111111110011111001111001011011111111111010011111110101111000011110101110101111101111100110111011001101111110100111111111011111110011011111101111001111100010011010111111111111011110111111111111101010111010101111011111110011100111111111010111111110110100111011011111111011101011011111111101111101111111101
00001010001000000010101100100010000000001010000000000001100100111001100100010000000000100000010111010010100000001000000001000010000001001110110110010001111000000000000000010001100110000000000110110011101100001000001001001000010000010000001100000000011110100000001101000001100000000011000000001000010000010000000000000000101011000001010011100010000000
11111011110011111111110101111001111110110110101111101111011111010000000011111111111011011111101111111101000001110111111111111111111101111001001011100111000101101111110101111111011011111111111001001010011111011111111110110111000011001111111011111111101111111110110111111101111011111110111111110111101101100111111111011101110111110110111101111111001101
11011001000110101110011111011101011111110110100111111010111011101110101101101111111111011001111011101101110110111111110101111101111100111001011101111110110100111111110101101111101101110111111101101001111111011011111101111011011111111111111001110111001101011111111111011100111011111011111111110111101101011011111111011101110001110110101100101101111101
00001010110110000011000011100100000000101010000000000101100100011010011100110000000000001010010100010010100111000100000010000000100000010110000110010001111000010000000010010000010110001000000000100000000000100000000011000100101100010000001110001000000010100100000000000001100000000001000000000000011110000100000000100010101000000001010011100010100000
00001110001000010011001110100100100000001011010000000101000000110111011110100000010000100110110101000000101001001000001010000010100001010110011100000101010011000000000010010001010110000010000110100001101000001100001111001000110100100000000110100000010100000110011000000000100100000000000000001001001010101100000000000001100000000001000000100010000000
11110011001011111111011010111001111111111111101110110110111011001101101101101011111111110011101111111111001000110111111111111101011110110101001011111111011101111111110011101111011011111101111001001101011011111111111101111011010111101111111111011111010101111001110111111111111111111100111111110110100011000011111111111111111011110111101110111111101101
11110011010111101100111001111111011110010110101111100111011101011010000001101011111111011111111010111101011010110101110101111111111111101001101101110110010111111111111101101111101111111101111101111001011011010011110110111111111111101111111001110111000011111100100111111101111011111111111111110111100111111111111111111100100101110111111101111101001111
00000100100000010000000111000010000001100011001000001100100100010100011100000000010100100110010001010000110001000100001010000010100010010010010010011000100010000000001010010001100110000000000000100101000000100000001001001100011100000000000010100000111110100101010100100001000100000100000000001000000110001100000000100000001100001000010011010010010000
00000000010100000001001011100000100001101001001000011001100100000011000000100000000100100110000000010000111001000100001000000000100010010110010110010001001011010000001010000101010100001010000100010001101000001000000010000100011100010000000000100000000000100101011101100010100000000101000000001001000010111100000000100011001001000001000000100010000010
11111011110011111101010001111001011110110101100111100110011111011000011111001111101111010011111110101101101110110101110101111111011111101111111001100111010100111111110111101111011001111111111111111110111011111011111100111111001111111111110001011111010001111111101011011101111111111001111111111111100101100111111111011110100100110111101100011101001101
11110111111110111110111011011101111111011101110111100111011011101010010001111011111111010011101011101111000001111001110100111111011101101111111010100111111110111111111111111110011111111111111001001010111111111011110101110011000011101111110111010111001001111011100010111101111011111011111111111111111001001111111111011101100101110110111100001101111111
00000010010000000000101000000010000000000011010000001100000100000011100010100000000100000010010101010010111110000100001000000000000000011110100010000000010010010000001110010000100100001000000000110010101100101000000010001000000100010000001100000000001000000110011000000001000100000111000000000000011000010000000000000011010010001000010010010010010010
00000000001011010001001011000000000000001000010000001100100000001000110110110000000100100110000000000010001110000100001010000000000011001110000100011001010010010000000010010000110000001010000000100111000000001100001011000100000100100000000110001000110110100011011101100011100000000001000000001001010000110100000000000001110100000000010000000000100010
11110101101000111101111111111111111111010110100111101111111111110011100111001011101011111001111011101111111010111011111101111101111100101111101111111111000110111111111111111111011101111111111101001010110111110011111101111011001111111111110011110111111111011111110011111100111011111000111111111111110001101011111111011110100111111110111111001101001111
00001000100001010001001101000000000001000000010000001101100000111000111100000000010100101100000001010010111110001100000001000000100010000000110000010000001001000000001010000001110010001000000010000010001100101000001011000000100100000000000010001000001010000101010101000000000100000001000000001000010110100000000000000001000000001001010000110000100010
00000100011010010001100001100000100000101010010000000100100000101010111000110100000000001010010000010010000001000010001010000010100001010010010000000001010001000000001110010001110100001010000100110111100100101000001000001100100000110000000010100000100000000111010101000011001000000101000000101001000100110100000000100010010010001000010001000000100010
00001000000110010010000110000010100001001010000000000100000100101101000010010100000100000010000001000010000111000100000000000010100011001100100110010001111000010000001100000000110110000000000100000010101000000100000011001000101100010000000100100000101010000111010111100001100100000010000000000001010010111000000000000010011011000001000011000010000000
11111011110110101110011111111011011111111100100111100110011111001001111001001011101111111101111110101101110010111111111110111101111101111001001001101110111100111111110101111110001101111111111011011000010011010111111111111111101011001111110001010111110011011110110011111100111111111111111111111110110001110011111111011110111001110110110100101111011111
11111011101011111101010000101011011110111111111111110111011111010101011111011111111111010111101111101101100111110011110101111111011110100111101111110111001111111111110001101110001001110111111001101111111011010011111110111011010011011111110011111111000101111110100011011100111011111100111111111110110011001111111111011100000011111111101101001111111101
00000110010101010001001001000110100001100000011000010000100100110100001110110000000000000010010000010010010111000110000010000000100011011110000000001000100010000000001000000001000110000000000000000111100000100000001011000100000000000000000010001000110010100010000001100001100100000011000000000001001110111100000000000000001010001000010001100010010000
11111101100101111110011000011011111110011111101111111011111111110010110011001111111111110111111010101011110111110011110110111101111111101101101111100110001100111111110101101111001101101111110101101000111111011011110101111111001111111101111111111111110111011010111010111110111011111100111111110110110111111111111111011111000011111110101101111111101101
11110111111011111111111011011001111111011110110111101010011011011110000111101011111111111011101010101101100011110101110111111101111100100001101001111110001110101111110001111111001101110111111001001001010011011011111111111011101111111111111111111111001011011111100111011111111011111110111111110110111101000011111111111101100011111110111110101111011101
00001000101001000011100010000100100000101011001000010100000000010100011110010000010000101100000000010000100010001100000011000000100010010110110100010000011001000000000110010001000010000000000000010111101000101000000010000000110100100000000100000000110010000011000000000001000000000100000000000000001100001000000000100010111000000000000011110010110010
11110011001000101101111011011001111111111110101111101110011111010100100111111111101111011001111011101101001001111011111110111101111111100111111111111110001100111111111101101110101111111101111011111111010111110011111110110011111011111111110101111111101101111100100111011111111111111000111111110110101111010011111111011100010100110110111110011101001101
00001110010111010001000011100000000001000010010000001001100000101011000000000100000100101100010000010000001111001100001000000000000011001000000110001000101001010000001000000001110010000010000110110110100100001100000010000100111000100000001000001000101000100100001101000001100000000101000000000000010100010100000000100001100100000000010001010010010010
00000100100011000010000110000010000001100001010000010000000000010011101000000100000100000000000001010010111001000010000010000010100010000000010010011001010010000000001010000001010100000000000000100111101000100000000011000100101000000000101100101000110000100011000100000000000100000001000000001000001100001100000000000010100111000000000011010000110000
00001010111101000000000101100110100001101000010000000100000100110011111110110100000000001110000000010000111100000000000000000010100000000010000100001001111000010000001010000000000100001000000010010001000000000000000011001100100000010000000100000000111110000110011000000011100000000110000000001001010000011000000000000001110111001000010000110010110000
00000100100110000001000010100010100001101001011000011001000000110001111100110000000000001010000100000000011011001010000011000010000001011000100000010001101011010000000110000001000110001010000100010111100100100100001001001100100100000000000100101000000000000101001101100000100000000100000000001001001010111100001000100001010001000001000010110000100000
11110011010011101111110111111101011111011100111111111110011111101001100001111011111011011111111011111101110111111011110111111111111100100011101101110110100100101111110001101111111011111111111111011110110011010111110111010111001111001111110001110111001001111101100111011100111011111101111111111111101111011011111111011101111000110111111110101111001111
00000000100011010001100100100000000000000010010000000000100100100010101100110000000100101000000100010000111110000110001001000010100000001100100100000001011010000000001010000000100110001010000010110001101100100100001010001000111000000000001000001000101110000110000000100010100100000010000000000000001000100000000000000010101110001000010001110000010000
11110001011100101110011010011001111111011100100111100010011111010010000111011011101111010111111111111101000101110011111100111111111110111111111001110111101101111111110011101110001111110101111011101000010111111011111111111011010111011111110101110111001111111100101111011111011011111011111111110111111001100111111111111101001111100110111111111111111111
00001000001000000011101011000000100000000000000000011101000100111110001010000000010000100100000001010000110110000110001000000000000001010000000110001001001000000000000010000000000100000000000000100100000000000100000001000100010100010000000000001000110110000010011000100010000100000111000000000000001100010100000000100011111011000001000010100010010000
00000000111111010010001101100010100000000011011000000000100100101000100000000000011000101100010000010000000101000110000001000000000011011010110100010001011000010000000100000001110000000000000000110011101100100100000010000000000000010000000000101000101110100100001100000011000100000010000000000000011010111100000000000010101110000001010011110010010010
11111111011100101101011110011101011111010111100111110110111111101010110011001011101111011001101111101101010101111011111100111111111100101011001011100111010110111111110011101110001101110101111111001111010011111011110101111111111011111111110111111111101011111111100010011110111111111111111111110110100101010011111111011111010010111110111101111101101101
11111101010001101100110111011001111111011100110111100110111011001111100111011011111111011011101111111101011111110111111111111111111111111111001011111110110101101111110101101110001101111111111101001110111111011111110101111011100111001111110001010111011011011100100110111110111011111110111111111111111011011011111111111111111101111110101101111101101101
00001000001011000001101000100010100001001011011000011101100100110110111110100000010100000100000000010010010001000110000011000000100011011100110010011001110011010000001010010000100110001010000000110000100000000000001011001100111100110000001110001000001110000000010001100010000000000001000000000000010010001000000000000000110110000001010010110010110000
11110111010011101111010110011001011110010101110111110110111111010100001101001011101111011111101110101100010000111111110100111111011101110101001001110110010101111111111111101111001011111101111011011111111011011011111100110111010011001111111001011111011111111111101010111110111111111111111111111111100011010011111111111111101100110110111111111111001101
00000110111001000011001110000100100001101011010000010101000100001010000000110100000000101010010001000010101000001110000011000010100011001110110110001001001011010000000110000001100110001000000110000100100100100000000001000000011100100000000110000000101100000111000101100001000000000100000000001000010110110100000000100010111111000001000011110010010000
11111001001110111111010100011101011111110100110111111110111011000010111001111011111111011011111011111111011011110001111101111101011100100011111111100111001110101111110001111111001011110111111011001111010111010111111100110011011111101111110111111111011111111100100010111101011011111110110111110110100101100011111111011110001010111110101110011101011101
00000100100101000001101110000110100001000011010000011000100000010100110010000100000000100100000001010000100000000110001001000000100011001000010000000001010001010000000000000001100010000000000100110101101000101100001001000100110000100000001100101000000010100001011100000000100000000000000000000001011110001100000000000010100110000000010010100010000010
11110111101101111100011000011101111111110101110111110011011011011011101101111111101111110011101011101111000010111001111111111101011101101011101001110110100110101111111001101111011111110101111001101100110010011111110110110011011011101111110111111111011101011110111110111101011111111000101111110111101101100011111111111110001110110111101100111101011101
11111001001110111111110110011011111111011101101111100011111111101101111111011111111111111011111111101101011001110101111101111101011110111111011111111111101101101111111101111110011111111101111001001001111011010111111111110011100011101111110101010111010001011010101011011111111011111100111111111110110001010111111111011110101011110110101110101111011111
11110111100110111100111010011001111110110101111111100011111011101010001101001111101111111001101111101111001101110001111100111111111100110001011101101111110111101111100111101110001011110111111001111000111111010011110100111111001011101111110001010111001001011100111010011111011111111100111111110111110011111011111111111101101100111111111101101101111111
00001010101000000010101000100100000001000010011000010001100100010100111000010100000000000100010001000000001101000110001010000010100001010100000110011001100010000000001010000000010000000000000010000100100100000000000011000100100000010000000100000000111010100111010001000001000100000100000000000001001100001100000000000000010011001000000001100000110010
11111101111111111101010111111111111111110111110111101111111110110001001001101011111011110101101110111101101000111001110110111111111110111111001001101110001110101111110001111110011001111101111111111010111111011011110111110011011011101111110001111111100101111001101110111111011011111010111111110111100101001111111111011101110111111111101101111101101111
11110111011000101100010111111111111111011100110111100011111011000011001011111111101111111001111011101111010011111001111101111101011111100011001001000110011101110111111001111111111011111101111111011111111011011011110101111011011111101111111101111111100001111011110111011110011011111111111111111110100011010111111111011111010000110111111100001101001101
11111001100011111100010000111111011110010101110111110010111111000011111001101011111111110101101111101111001000110111111100111111111111100001111111101111101111101111111001111110011001111111111011111101111011111111111101111111100111011111111101010111100101111001111110111110011111111110111111110110100001000111111111111110111011111110111100001111011101
11111111101111101100011111111101111110111110100111100011111011100101100101101111111111010011101110101111011110110101110110111101111111101111111011110110110111101111111011101110001001011101111011111110111111011011111111110111100111001111111111111111111011011000101111011111111011111000111111111111101011111111111111011101010101110110101101011111001111
00001110100011000011101011000110000000001000001000011101100100010110001110110000000100000100000000010010000111000000001001000000100000010010000000011000001011000000000010000001110110000010000000100000101100100000000001001100000000010000000010100000011000000001011000000011100000000111000000001000001000111100000000000011010110000000010001100000110010
00001000111001000001100000100110100001000011000000011100100100001000101000110000010000001100010001000010010100000110000010000010000000000010110010001000110011010000000100000000000100001010000000110110001100100000001001001100110100110000001000000000010100100010000100100001100100000101000100000001001110010000000010100011000001000001010000000010000010
11110111000110101100111100111011011110111111110111110011111111101101001101111111101111111011101011111101111100111111111110111111111101111101011111110101010110111111110001111110000101111101111111011010111111011111111100110011100011011111110111010111110001011111100110111111011111111100111111110110110001110011111111111100000111110111101111111111011101
11110101000010111111110011011101011110111100111111100010011011111010110011001011111011110111101110101101001001111101110111111111011100101001111011100111100100111111111011101111011001111101111101011110110111110011110101110111110011111111111001110111111011111100111011011101011111111100111111111111100111101111111111011111000011110110101101111111001111
11110101001011111111011000011010111111011111110111111010111111010111001011011111101111010011111110011101101011110011110100111111111111101001111111100110011100101111010001101111111001110101111001101010011011110111110100111111100011111111110101111111111011011101111011011101011111111111111111110111111111100111111111011111101001111110111101011111111101
00001110001011000011001111000000100000001011011000011101100100110110000000110000010100001000000001000010000001000000001010000010000011001100110110010001100000010000000000010000110100000000000000110100000100101000001000001000001100010000001001100000101010100110010100100001000100000001000000001001000000011000000000100001110010000000000010110000110000
00000000000010000000101010100000000001001011010000011001000000001010010010010100010000100100010000010000101000001100001001000010100010001000010010001000001010000000000000000001110110000010000100100111101000101100001001001100000000110000001010100000111010100111000101100000100100000011000000000000010110000000000000000011110010000001000011010000100000
00001000100110010100000100000110100001001001001000011001000100111001100110100000010100101000000000010010110000000100011000000000100000000010000100000000101001000000001010010001010110000010000110110110100100101000001011001000100000000000000100000000100010000010011100000001100000000001000000001001001100011100000000100001100110000001000010010000110000
11111101101111101110111011111101111111011111110111100111111111101100110111011111111111011101111110111111011001110101111111111101111111100111001101100111001100111011111001101110101111110111111001101111110011110011110110110011011011001111111101010111100001011100100011111101011111111010111111111110110001111011111111111110000100110110101111001111101101
00001000010100010011001000100110100001100011011000000100100100000110010000110000010100000010010001010000100001000100000000000000100001000010110000001001000000010000000100010001000010001010000010100101100000000100000010000000010000000000000100101000010110100110010100100010100000000110000000000000000110001000000000000011001000001000000010000000100010
11111101111110111100010011011111011111010110110111101110111011011010000101101111101111010101111011111101000100110111111100111101111110101011001111100111101101111111111011101110001001110101111011101001110111011111111111110111010011001111111101010111100001011001101010111101011111111111111111111110101111110011111111011110010101110111111110011101101111
00001110000111000000100000000110000001000000000000000001000000101111000110100100010100101110010101000010010000000010000010000010100001001000100100001001001000000000000000010001010000000000000110110101101100000000000010000100111000010000001010100000101110000011011001100000000000000101000000001001000100001100000000100011100111000001010000010010000000
11110001001111111101111000011001011110001111101111111011011111000000010011011111101011010011101110101111111110111001010101111111111101100101101101101111010101101111111001111111001101110111111111001001010111110011111110110011110011001111110111110111111011011100111111011111011111111100111111110111110101101111111111111110110001111111101110011101001111
00001110001001010011100100000010000001000011010000011100000000000001011000110100000000101100000100000010000010001110000010000010100000011000010000001001001011000000001110010001000000001010100100000110100100000100001001001100111100000000000100000000110010000101010001100011000000000111000000000001001000110000000000000011110011001000010011110000100010
00000010101111010011001111000010000100000011011000001101100100011111101010110000000000101010000101000010110010000010000010000010100011000100100010000001010001010000000000010001000100000000000110100111100100000000001000001000100000100000000100000000101010110010010000000010000100000001000000000000001000100000000000100000111000000001010001010010000000
11110001010111101110010100111101011110110101110111100111011111010100110101101111111011110111101011111111110000110001110100111111011110111111111101100111001111101111111001101110001001111101111111101100110111011111110111110111010011001111111101010111010111111011100011011100011011111001111111111111101111111111111111111111011011111111101111111101001111
11111011100001111110111000111111111111011111111111111011011011001110010001111111101111010111101111111101110010110111110110111101111101110101001111110111110101101111111001111111111101110111111011111110111111111111110100111111111011011111111011111101010001011110101110011100011011111000111111110110100001101011111111011110010010110110111100101111011101
11110011001111111111011101111001011111011110110111111010011111110001011101111011101011111111111110111111001110111011111110111101011101101111111111111110101111101111111101111111101001110111111011101011011111011111110101111011110011111111111011111111101111111010101010011110111111101110111111111110100001100111111111111110010110111110101100111111011101
00000010101101010011100011100100100000000000010000001101100000011111111000100000010000100000000101000000110000001100000001000000100000000110010110001001011010010000000100010000110110001010000010010011101100101000000011000100011100100000000010100000100000100010001001100011100100000110000000000000000110011000000000100010111100001100000001100010110010
11110111010001101111110001111111111110011101101111111011011111111011001011101111101011010011101010111111111100111011111100111111111110111111101101101111101111101111110011111111101001111101111111101110010011110011111111110011111011101111111011110111110011111011111010011100011101111101111111110111100011010011111111111110011111110110101100001101101101
00000010010000000010100010000100000000000000001000011000100000111011101110000000010100101010010100000000110011000000000000000000100010010010110010000001111010000010001111000000000010000000000000110011001100101000001001000000110100100000001000100001101010000101011101000001000100000100000000001001000100101100100000000010111101001000000011010010110010
11111101100111111110011101011011011110011101110111101111011011111110111111111111101011010011111011111101110000111101111110111111011110101001001101100110101100111111110011111111111001110101111111101001110111110011110110111111000011001111111111110111100111011000100011111101011111111000111111111111101011010011111111011101011111110110101100111101011111
11111111101100101110111101111011111110111110100111010011011011001000110101011011101011010011111010101111001111111001111111111111111110101111011011101110011110111111110001111111111001111101111101001000010011110111111111110011110111101111110111011111101111011111111110111110111111111110111111110110110001110011111111111100011001111111101111111111011111
00001100000001000011000100100010000000100010011000001000000000000011111000110100000100001100000100010000010001001110000010000000100000000100000110001001011000000000001100010001010010001000000000100010000100000000001000000000101000000000001000100000000000100110011000000000100100000010000000000001011010100100000000000010011011001001000010010010010000
00000000010111000001001010100010000001000010011000001001100000111001100000010100010000100010000101000010001101001000001000000010100010001000110000010000011001010000001110010001010100001000000110000001000000101000000001001000101000010000001110001000010100100010011101100000100100000100000000000001000100101100000000000010101001000001000000110010110010
11110011000010101101110111011111111110010101101111101110011111001010110001011011111111111101101011111101110000110011110100111111011111100001011001111111111101101111111101101111001101111101111111111010011011111111110100111111101111001111111001111111000001111110111110011110011011111000111111110110111101000011111111011100101111110110111100101111101101
11110001001101111111110010011101011110011101110111100110011111101111111101011011101111011011101011101111011111111111111101111101111111110111111111100111001111101111111101101110011011111111111001011110110111110011111110111111010111111111111001110111010001011001110111011101111011111001111111111110111101011011111111111110010100111110111110011111101101
11111011011100101100111000011111011111111101100111110010111111000000001111011111111111011001111110101111011000111011110110111101011110101101101101101111110111101111110111111110011111111101111101111100110011111011110110110111101111101011111111111111111111111001111011011100011011111111111111111111100101011011111111011110110111110111101100001101111101
11110001110111101110011110111111011111111110100011111011110011110000000111111011101101011111111111111111111111111011110110111111111111100111011001100110000100101111110011111110111011110111101011011010111111010111110100110111010011101111111101110111010101111101110011111100111111111100111111110110101101101011111111011110011110110110101101101111011111
00000010001011000010001011000100100000001010001000010101000100101011011110010000010000100110010100000000011100000000000111000010000010001100000110010001101001010000000000000000000000001000000110110101101000001000001000000000011100110000000110101000100110000111001001000010100000000111000000001000000000011000000000100000101100001001000001110010000000
11111101111110111101010100111111011111010111100111100111011111111001100111001111101011010011111111111111011110110011111101111111011100100111001101110110010101101111110011111110011001111111111111111010111111111111110100111011000011111111111111010111010001111011100010111100011011111010111111110110101011111111111111011101111001110110111110111101111111
11110011100111111100011011111101111110111110110111110110011011011000000101111011111111111011101010101101001011110101111101111101011100100001011011111111011101111111111111101111101101110111111101101011010111111011110100110111011011111111110111010111001001111110110110011110011011111111111111110111111011101111111111011101010001111111101100011101101101
11110111000000111111010001111001011110111100101111100111011111101111010001101011111111010011111111101101101110111011110101111111011111111011001101101111000100111111110101111110111111110101111011111011011011011111110110110011100111111111110011110111010101011010101111111110111111111100111111111111100101101011111111011111001001111110111111111111001101
11110111111101101110110010111001011110110100110111110111011011100001101101111111101011010011111010101111000111110011110111111111011111101101001011110111011110111111110111111110111101111101111011101010011011011111111101111111100111101111110001111111011001111010111010111101011111111110111111110111100011010011111111111100110101110111101110001111011101
11111001110010111100110110111101011111010110111111101111111011100111110011111111111111110111101111101111100110111011110110111101011111111011011101100111101111111111110111111111111101111101111011101110010011011111111111111011001111011111111001011111001001011011100111111111111011111110111111110111100011101011111111111100010001110110111110101111111111
00001100100010000000100000000000000001000010001000001100000000001100011000000100000100100100010000000010111110001100000010000010100011000000010110010000010011010000000100000001010100000000000010100100101000011100001000000000101100010000001100100000011010100010010101000010000100000011000000000001001000000000000000100011000100001001010000100010100010
00001110100010000010000100000000100000001000010010000100000000010001111110110001000100100000010100010010110010000000001001000010000000000000100000011000011001010000001010000000000110001000000100110011001000101000000010001000001100000001001100001000011010000001011100100001100000000011000000000000001010100100000000100001111000000000000010100000000000
11110111000011101100111100111101111110111101100111111010111011100010110001001111101011111001101110111111010011110001110100111101111111100001101011111110010100111111111101111111001011111101111001101000011011010011111110110111110011001111110001010111001111011001101011111111111011111111111111110111110111111011111111111110011010110111101100101111011101
00001010010110000001101101000100000000000000001000000100000100010111101010010000010000000010010000000010100110000000000001000000100011011010000100001000100000010000000100010000000110001000000110110101101000000000000000000000001000010000001000000000011010100101001001100001000000000010000000001001001000000100000000000000001010001001000010100010000010
11111011000010111110111001111111111110110101100111101111111011011010110001101111111011111101111110111101100011111001110111111101111101111101111101101110100110101111110111101111101011111101111111101101111011111111110100111111110111101111110101011111001101111000101011111110011111111001111111110111101111011111111111111101101110110110101101001111101111
00000000101011000010101101100100000000000001010000011101100000001011011000000100000100100110000001000010011000001000001010000010000010010000000010000000011011000000001000000001110000001010000000100101100000000000001000000100101100000000001110000000010110000110010000100001100100000100000000001001010010101000000000100000110101001000010010110010000010
00001000111100010010001001100000100000001010010000010101100000010010100110100000000000101010010101010010000001000100000000000010000010000010000100001000011010010000001010010000000100000000000010010110101000100000000011000000101000010000000000001000101100000110011001100000100000000010000000000000011110001100000000100010010010001000000010010010100010
11110101101000111101011011111011011110110111110111100111111111010010011001011011101011110011101011101101111011110101110100111100111110101011001111111110111111101111110111111110101111110111111011001011110011010111110101111011100011001111111011111111000111011110101111011101111011111010111111111111101010000011111111011101001010111110111111011101011111
00000110101010010010001000100110100000001000000000001101100000110011000100010000010100000110000000000010010100001010000000000000000000011010010110001000100001000000000100000000010000001010000000000001000000001000001000001000011100010000001000001000001010100000000000000011100000000100000000001001010010000100000000000011011101001001010001100000010000
11110101011000101100011001111111011110110110101111111111011111001111111011001111101011111001101110111111110100110101110111111001111100101111001111100110110100101111111111111111101111110101111101001011111111010110110110110111011011011111111111010111110001111011110110011110111111111000111111100111110111010011111111011110000110111111111100001101101101
00000110111000010001000111100100000001000001010000001101100000001011001110010100010100001110000001000010000111001010001010000000000010011010110100001001100010000000000110000000010010001000000000110101101100001000001001001100100100110000000100100000010110100011010001000011100000000111000000000000001100110100000000100001010001000001000010010000000000
11111011000011101110111110011001111111110101110111101110111011001100000001111111111111110111101110111111100101110101110101111101111110111111001101101111110101101111111011101111111101110111111001001001011011110111111111111111110011101111110111111111101111011101100011011110011011111001111111111110100101000011111111011100110111111110101100111101111111
00001010111000000000101110000100000001001011000000011000100100110001100000000000000100001110010000010010000001001000000011000000000001001100000010000000000001000000000000010001010110000010000010000100101000101000000000001100000100000000000110100000110010001111100000100001100100000000000000000000001000011100000000000010111011001000000000100110010010
11110101110110111101110001011011111110010101111111101111111111100000101011011111111011010111101010101101011011111101110110111101011111101011101101101111111101101111110011111111111101110101111001111000111111011011110111110111101011011111110111111111111001011000110011111101011111111000111111111110110111100111111111011111001000110111101100111101111101
11110001101001111101011000011001011111111100111111101011111011000000111011101011111111011001101010111101011110110011111101111101111101101011101111110111001100101111110101111110111111110111111011101001011011010011110101110011111111111111110111011111010001011111110111011110111111111010111111111110110001010111111111011110110010110111111111111101001101
00000110110011010001000100000110000000100010001000011101000000011100010010110100000000100110010101010000000110000010000001000000100011000010010000000000101000000000001000010000100010001010000000110101000000001000001011000000110000000000000010001000110110000110011001100010100100000001000000001001010000000100000000100001011100001000010001000010000000
11110011001011101110110101111111011111011111111111111011011011001110111001001111111111011011101111101111010111110011111101111101111101100111001011110110101101111111110001111110111101111111111111001100011111010111110100110011010111111111110101110111110111011111101111011111011111111111111111111110110011000011111111111101000101111111111110011101011111
11111111101011101101011001011001011101111111101111110011111111100111000111001101101111110001101111111111101010110101110110011111111111100011111101110111000101101111110111101110001101111101111110011011101111010011010111111111011111001111110111110111010011011100110011111111111011111011111111111110100011011011111111111100100100111110111101001101111101
00000010000100000010001000100100000001100010010000001100100100111101011100100100010000101000000001010010011001000100000011000010000011011000100010010000010000010000001100010001010010000010000000000100001000000000000011001100111000000000001100001000000010000110000001100010000000000001000000001000011100011100000000000011100001001000000001100000100000
00001100110101000010100000000110100000101011000000011101000100111011100110110000000100000000010001000010100101001010001011000010100011010010110010000000111001010000000000000001110100000000000010110011001100101100001001001100110100110000001010100000100110000111001101110001100000000110000000001001001100001100000000000001111000001001010011010000000010
11110011111000111101010011111011011111110100110111100010011111111101111111111111111011111101101010111111000001111001110110111101011100101111101011111110111111111111111111111111111001111111111101001010011011110011110110111111111111101111111111111111100011111101110011011100111111111011111111111110111111010011111111111111101100111110111100001111011101
11111101110110101111111111011101011111110101110111100011111011000001111001001111111111110101111111101111110110110101111101111111111101111111001001101111000100111111110111101110001001110111111001111111111011111011111101111101001011101111111001010111110111111101100010111100011011111000111111111111110101010111111111011101010101111111001101101101001101
11110101100111111101010010011001011110011101111111101111011111111000101101011011101011011111101110111111011111111101111110111111011110101101101001101111001101101111110001101111111001110111111011011111011011110011110111111111000111111111101101010111111101111010110110011111111111111111111111111111110101010011111111111100100111110110111110011111001111
00000010010100100010001001000100100000100001000000000101000000011011000011100000010000001100010000010000000001000110001010000010100011000110000110011000110011010000001010000000010100001000000110100100000100000100000011000000011100100000001010000000011100000100010001100010100100000110000000001000001000101100000000000010100011000000010011110000110000
00000110101111010001001110100000100001100011000000001101000100111011101010100100010100000100010001010010111101000010001001000000000001010010010110011000111001000000000010000001100000001110000100010010000100100100000001000100001100110000000110001000010110000010001101000001100100000110100000000001000010000100000000100010001111000000010010000010000000
00001010001011010001000010100100000000100011000000011001000100100111100100000100010100100100000101000010001100001010000010001000000010011000110010000000001001000000001110000000000100001000000110110010100000001000000000001000011110110000001000100000000110100111010000100010100000000100000000001001001110011000000000000000000011000001000000000000110000
00001110111110010010100011000100100000000010011000000000100000100010111100110000000000100110000100010000001101000110000011000000000001011010100110001001001001000000001000010001000010000010000000100101001100100000000000000100101000100000000010100000010110100101001101000011100000000000000000001001011000100000000000000010100000000000000011000010010010
11110101010110101110111110011011111110110100100111100110111011111100011101111011101111110001101111101101101000110001111100111101111111101111001001110110001111111111111101111111111101110101111011001011011011111111111110111111011011111111110101010111001001011111111010011111011111111010111111110110111111000001111111111100001100110111111101101101111111
00000010100011000001100101000000100001000001001000000101100100110011010110100100010100100000010101000010011010000000000001000010000010011100010100001000110011010000001110010001100110001000000110100010000000100000001000000000000100100000001000101000000010100101011000000011000000000100000000001001001100001100000000100001000000001001000000000010010010
00001000000010010010101111000000000001000000010000010001100100010110001110100100000100101110000000000010011001000110000011000010000010000110000110001000010010000000001100010000110010001010000010010001000000100000000011001000100100011000001000001000111110000111011101000010100000000001000000001000010010010000000000000011100011001001000010100010110010
11111001000111101110011110011011011110011110100111101010111111001001011111111111111111111101111110111101000110110001111100111101011110110111011001110110001101111111111011101111101111110111111011011001110111111111111111110011000111111111110101010111110101011101101011111100111111111111111111111111111111100011111111111100000111110110101101101111011111
00000110011111010010101011101100100000101001011000000101100100100000010110010000000000101100010101010010100101000100000000000000000000111110110110010000101001000000000100010001000010000010000000110101101100000100000011000000100000010000001100101000110010100010001001000000100000000000000000000001001010100000000000000011110110000000010010100010000000
00000000101111010011000000100010000001000000001000011001100100101010001100000000010000000010000001010010010011001000001001000010000011000000010000010000111001000000001000000001010000000000000010100100001100100100001000001000010100100000000000101000101100000001011000000011100000000011000000000000010110000100000000100000011100000000000010100010010000
00001000101101010001100100100000000000101010001000001101000100001011111000100000000100000110010100010010011010001110001010000000100001011110000100000001000010010000000100010000110000000010000110100111001100001000001011000000101000000000001010101000001000000110001100101011100000000111000000000001000100110000000000100011111000001000010001010000110000
00000010111101010001101000000100000000001011011000010100000000000111111010010000010100000010010101010000110011000010000001000010000011001000010110001000111001010000000110000000110010001000000010000110100000001000001001001100011000110000001000000000011000100011011100000011100100000001000000001000001010001100000000000001100101000001010000100000000000
00001010101001010010101010100110100001000000001000001101000000011110101110100100000000000000010100000010000110001110001010000000100011000110110110011000111000010000000010000000000110000010000010100100101100101100001011000100010000100000000100001000111110000101001001100011100100000011000000001000011100110000000000000001110111001000010000110000010000
11111011101111111101111011111001111111110111100111100111111111011100001101001111101111010111111011111111011000111101111110111101011111101101111001101111111100101111111111111110001101110101111101011111111111011111111101110111110111011111110011010111011011011010110111111110111011111000111111110110101011100111111110011111100111110110101110011111001111
11111001011011101100110011111001011110110001110111111010111111000011011011011111001111010111111010101101010110111001110110111111111101110011011101111110010110111111110101101110111011111101111011001110110011111011110111110011100011101111111111110111110101011111100010011110111111111010111111111011101101010011111111111101001000110111111100001111001111
00000110000011010001100010000100100001100000001000000001100100111011001100010100000100000000000101010010011101001110001011000010000000010010010110001000011000010000001000010000000100000010000100010000000000000000000001000000111100010000000000100000111010100011001000100011100000000101000000000001011110011100000000100001110011000001010001110010110000
11111111001000101100110111011011111111111100110111100110011111100010111011001111111111011011111111111111110111110111110100111111111111111101111011101111000110111111111011101110101001111111111101111000110111110111110100110111010011011111111001010111101111011001101010011110111111111011111111110111101101010011111111011111100111110111111011111111101101
00001010110000010000101001000010000001000001000000001101000000101111101110100000010100001100010101000000111101000110000001000000100010000100010000010000100001000000001010010000100110001000000010110010001100000100000011000100111000100000000000100000111100000100000001000010100000000101000000001001011000001100000000100010011011000000010001110000100000
11110011000001101111111011111001011110010101111111110011011011011001101001001111101011010001111111111111110100110011111100111111011101110001001111100110010101111111111001111110011011111101111111011001111011111111111110111011100111111111111011000111001111011000110010111101111111111010111111110110110001111011111111010110100101111111101100111101011101
11110001110111101111110100111101111110011100100111101010011111011000011101011011101111110101111110111111011010110011110111111101011110100111111111101110010110111111111011101110001101111101111111111110011011010011110100111011111111111111110101111111101011011101101010111101011011111001111111110111110111110011111111011110001110110110111101011111111111
11110101110000111110011111011001011111011101101111101111011111110010010001101111111011111111111111101111001101111101110101111101011100100001001101111111010110111111110111101110001101110101111001001001011011010011110100111111000111001111110011111111111111011001101010011101111011111101111111110110100101000111111111111110010110111110111101001101011111
11111011111000101100011001111011111111010100110111111010011011101000001001101011111111010111111010111101001011111101110101111101011100111111111001100110011101111111110001111111101001111101111111011000111111010011110100110111110111011111111011110111011011111101111011011101011011111101111111111110101011011011111111111101111011110110111100001111001101
11111111111111101101011111111111011111010101100111101110111011101100110001011011101111110011101010111111010001110001110110111111111110100101111011101110110101101111111111101110101011111101111011011011010011010011111100111011111011101111110101011111010101111100110010011100111111111011111111110111101101011111111111011111110110110111101111011111011101
00000000011111000001100111000000100000001001000000001000000100111101001000000000000000000100010000000000100101000000000010000010000011010010000010010000111001000000001000000000100000000010000110100101100100001100001011001100000000100000000110000000000100100101001000100011000100000111000000001000001100010100000000000011101000001000000000100010010010
00001010000110010011100000100000000000001001001000000001100000010010011110100000000000101010000001000000001000001000000011000000000000011110000010001000111001000000001010000001000100001000000100100010100100001000001000001100001000100000001010001000000010000111001000100001000101000011000010000001010110001100000000100011100011001000000001010010100000
00001000001000000000000000000000000000000001001000010001100100111001101110000100010000001010010100000010011000000110001010000010100000001010110110000001100010000000001100010001000010001010000010100100101000000100000001001000000100010000000000001000001000000010000000000001000000000011000000001001001110001100000000000011011000001001000000110010000010
00001000111000010011000101100010001000000001010000011001000000010111100000010000000000000000010001000000011011000110001011000000000010011100000000011000000000000001001000000000000010000000000000010110101000100100001011001000101100100000001000101000101010100000011001000011000100000011000000001000011110110000000000000011001000001001010011100000110110
00000000101011010000100100100100100000000010011000001100100000001101000100010100000100100100000001010010111100001100001000000010100010001100000110011000000010000000001000000001100010000000000000010000100000001000000011000100001100010000000110100000010100100111001000100001000100000101000000000000000100010100000000100010110101000000000011010010100010
00000000111101010001100101100110100001001010001000011100100100110011110110000000010000001110000001010010110110000100000010000010000011011010110110001000101011010000001010000001110110000010000100100011100000100100001001000000101100100000000110101000011010000011001000000000000100000100000000000000010110100000000000000010101001001000010000011010000000
00001000111110010011100101100100100001100001000000001101000000011001000000010100010000101110010000010010010100001100001011000000100010010100000000000001111010010000001100000001000000001010000100010000000100101100001000001000100100000000001010100000011110100010001001100010100100000001000000001001010100101100000000100000111011000000000001110000010000
00001110011010000011101111100110000000000011011000011101000000011001001010100000010000100010010101010000110101001100000011000010100001000010000110001000110011000000001100000000000110000010000000110101100100000100000011001100010100100000001100000000101010000000010101100010000100000101000000000001000000011001000000100000011110001000010011100010010000
11111001111010111111011001011101111110011101111111100011011111110001000111011011111011010101101010101101111000111011110111111111111101110111001111111110110101101111110111101110101001110111111001101101110011011111111111111011111011001111110101110111001011011111100011111111011111111001111111110111100011000111111111011100100000111110101100101101011101
00000110100001010011000111000010100000100001000000011000100100100110000010100000010100100000010101010000100000001110001011000010000011001000000010011000011010010000000010010001000110000000000000110110101000001100001000000000111100010000001100100000001110100001010000100011000000001110000000001000010100101000000000100010101001000001010011100000100010
00001110111111000010101001100000000001100011011000010100100000000000000100010100010000101010000101000000111101001110001010000000000010010010110110011001101000010000001000000001100000001000000100100001000100101100001011000100010100010000000000000000001100100101010000000001100100000010000000000000011110100100000000100011110001000001010001100010110010
