100 100
0110001101001111011101110101011010010101011011100101111111111111010110101111111111111100011111101110
0110000000101111010111010111111011110011101111001111111111111000010111011111011001111010111010011110
0000100110001000101000100010100001001100010000100010000001000011101001000000000000000000110110110000
1101010101001111110111110101111011111011001111000111111111111111100111001111111011111111111010011010
0111000001101111011111110101111011111111101111011101111110111111001110110111001101111011001111001110
0111100011000110011110010101111010010011011111000111111111011111001110001111111001111011001011011010
1010111010111001000000101010000000001100100000111000000001100100011000110000110010000100100110100001
0110111101000110111110010101111111111011011111101111111110011011010110001111001101111111011000001011
0010011111011000000000100000000000000100000000110010000001000101100000100000100110000101000101110000
0101110110110111011110111111011110011111011111110101111111011110110110111111101101111110011010001111
1111100001000010010111011111011110010111001111011101101110011100101110001111111111110110001000101011
1011100100101000101000101000000001100000010000100000000000100010011000110000010000000101100110110101
1000101111111000000000100000100001100100000000011010000001100110110001100000000000000101110001100101
0011001010001000001001100000000101100100100000000010000001000111100000010000110110000001010001000001
0001111111111001100000100010000000001100000000001000000001100111100000000000010110000001010000000101
1101110000110110111110010101011011010011101111001101111111011111001110001111101111111110011110111111
1010001111110001000000001010100100001100110000001000100000100110111000100000101110000100010000100001
0110000010010111110110110111011110110111101111111101111111111001101110101111011011111010101110001011
0100100000010110111111110111011010111011001111001101111110011111100110011111001001111011001101101010
1001111110000001000001101000000101000000100000010010000001000001011001100000010010000001000101000000
1110101000100111010110111111011110010111101111010101110111011101001111011110001001111010101001101011
1010001001000000101001001010000000101100100000011000000000000000011001010000000000000001110000010000
0010100001110000101000100010000101001000000000111010000001000111101000010000110110000100010100110101
1101000111001110110110101011111010010111111111010111111111011100110111001111101101111010111001011110
0010101001101000001000100000100000000100000000000010000000100000110000010000100100000101110111100001
0010110111110001000000100000100100000000110000110010000001100011001000000010000010000000000010100100
0011000110011000001001001000100000000000010000001010000001100011100001110000010110000001000111110100
1100100111101111101111010101111010110111011111100111111111111101100111111111001101111111111001101011
1101010100111111110110111101011111111011101111100101111111011110010111001111101111111111111011011111
1110010001010111111110110101111011111011101111100101111111111101100111001111011001111011111111111110
1110100101101110111111010101011011010011101111111101111111111001111110011111101111111010011011011110
0101000011010110010111111101111010010111101111000101111111111110010110111111101001111111101111101010
1111011100010111111111111101011011111111001111000101111110111100111111101111011011111011011100111010
0110111101000110111110111111011011011111011101100101111110011111001110011111001001101111111001111110
0101101100001110011111110111011111011111001111101101111111111101100111001111111101111010101101011010
1010111101010000001000101010000000001100110000110000000000100010000001100000010110000001010100000101
1000111101101001101000000000000000100100100000010010000001100011101001100000110110000000000001100000
1111010110101110011111010111111110111011001111000111111110011011111111001111111000111110001101101011
1011010110011001100001101010000101000000100000110000000001000001111000100000100110000100110001010000
1111011110111110010110010111011111011111101111011111111101111100100111001111011011111010001000001010
1000111011101000001000000010000100101001000000101010000000100101111000110000100000000100110111111000
0000111101100001100000001000000101100000110000010010000001100011101000010000100000000001100101110101
0001101001111001100001000010000101101100010000000000000000100110001001110000000010000100010100110101
1101010011011111011111011111111011110111111111110101111110111101000110001111011111111110011111111111
1001001111100000100001001010100101000100000000011000000001000011000000010000010110000100010010110000
1110101110010110111110110101011110011111101111000101111110110101111111101111111011111111111110001010
0100101110011111110011011111111110110011001111000101111111011110101111001111011011111011001001111110
0100010111000110111111111111011010010011001111110111111111111011010111101111101001111111111110011011
1111111110100110110111011101011111011111111111001111111110111010001111101111001001111111011000111111
0110000000000111111110010111111110110011101111101111111110111110110110111111011111111011011000001110
0011011000110111110111010111110111010011101111010111111111011001111111101111001001111010101101111101
0111111101100111110110011111111011010111111111111111111111111101011110101111101111111011101001001011
1001101001011000000001000010000100000100010000101010000000100101011001000000110110000100110000100100
0110100100101110011111110101111010011011111111101101111111011101011110011111011101011010111000001110
1111110010001111110111010101111011110111011111111111111110011101101111101111011001111010011111111110
0011100001011001000001001010000101101100110000111000000001100001000001100000110010000001100010100100
1100010011000110110111111101111011111111011111111101111111011001000111111111101111111010011001001011
1111111011110111010110110101001111010011001111111111111110011011100110111111111101111110001011011110
0100001111001111011110111111111011011011011111000111111110011010011100101111111011111110011011001011
0100001101011110011111010101111001110111111111010101111110011011011111111111011001111110101010101010
1011101001000001100000001001100101001100010000100000000000000101010000100000010100000100111010100000
0111101111100111011111010101011011111111111111110101111111011110111110101111101011111111011110101011
1011101010010000101001100010000101100100100000000000000000000000000100110000110110000100000101000100
0010011100011001101000100010000100100100100000110000000001100100000001110000000000000101110001000101
1101110000110110010110010101011011110011101111100111111110011101101111101111001011111010111100001111
0011101000010001000001101010000000001000110000111010000000000000001001110000010010000101000011010001
1001001101010001001001001000000001101100010000010000000000100111101000000000010010000100000100000001
1001011010110000101000101000100101001000000000000000000001100111100001000000000000000101010110110101
1101010101001111111110111101111110011011100111101101111111011010110110001111011101111010101010001011
1101001111100110111111111101011110010011111111100001111110011101011111011111101101111110001001001110
0101001001111110010110111101111110010111101110101111111111101000000111111111001111111110001000101111
1111010001110111111110010111111110011111111111000101111111111101110110111111001101111111001000011111
1110110010001111010110010101011110010011001111111101111110111011100110001111101111111111011100111010
0000101010010000001001100000100000000000110000111000000000100000000001110000100010000001100111100100
1110111100111101110111111101011011011111111111001111111111011001011111001111001011111011001001011011
1110100100000111010111110101111111011111001111010111111110011011010111101111001101111011011111111111
0001110100001000100000000010100000101000010000010000000000000101000000010000000100000001100000110101
0001010011000001100000101000100001101100110000110010000101000101001001110000100100000000110100100001
0001010100001001100001001010100101000100110000110000000001000011000001100000100010000101110111100001
0110011001010110111110110101011111111011101111000101111111011000100110011111101001111010001010111010
0110011110100111110110010101011111001011011111010100111110011101001110101111101111111111011001001011
1001101110111001100000001000000001000000100000100010000001000001010001110000100010000001010001100100
1010001110100000001000101010000000000000110000101010000000000011111001110000100110000101000101110000
1000101110011001100000101010000101000100010000111000000000100101100001100000100010000000100001110101
1100011110010111010110010111111110011011001111101111111111011001111111001111101001111110111000101011
0011010010010000000001100000000101100000110000111010000000000110011000010000000100000101100001110101
0111100110100111111111011101011110011011111111011111111111011010100111111111111011111010111111011011
1010100001001001101000100010100101001100000000011000000000100011001001000000100100000101010101000101
1010101111010001001001000000000001001000110000011010000001000100111001110000100000000001100001000000
1001111111010001101001000010100100100000110000100010000000100111101000100000000110000000010000000101
0101011000110110111111110111011010111111011111001101111111111110100111101111011111111011101100101110
1001000001001001000001100000100001000100110000100000000000000111000001010000000100000101100011010100
1001010101000000001000000010000000001000000000010010000000100000101001110000010110000001110000010101
1011001110000001101000101000100001000100010000011010000001100101110001010100010110000100010010110000
1101101011000111110110011101011111011011111111110101111111011010101111101111011011111010101000011011
1100110001000111111111011111111110010011001111000111111111011001011110111111111101111011001111001010
0000111000011001001000101010100100100100110000010000000001000010011000100000110000000100100001100000
1101100101110110011111110101111011110011011111010111111110011010100111001111111001111011101111011011
1010001010110001000001101000100001000100010000011000000001100011110001100000000010000101000011110101
0110110010100111010110110111111010011011011111111101111110011111010110111111011101111010001001111110
