7000 10
0010111010
1001010001
1100000100
0101001000
1001010000
0111101110
1110111111
0100000100
0110111111
0110110111
1111101111
0100010100
0000010001
1001000100
1111110011
0111100010
1101000001
0001000000
1110111010
0101000000
1110101110
0001001100
1000011101
1110100111
0101000101
0000011001
1010100010
1101011101
1111110010
0110101010
0100010101
1111110111
1110100110
1000000100
0101001000
1001010100
0100000000
1000000001
0001011100
1110110011
0101010000
1100011000
0100011000
1100011101
1111100111
1101010001
0001010001
0111110111
0110100110
1011111110
1111101010
0100000001
0101000101
1100000100
0001011100
1000010000
0010111110
1010101011
1111110110
0001011100
1010101111
0010100010
1111111111
0010111110
0100000001
1111111111
1011110010
1111101111
1101000000
1110100011
0100000101
0011101011
1001001101
0001011100
1110101111
1011110010
0111111110
1111110011
0000001001
1011110110
0100011000
1101011000
0000011000
0000001001
0010100111
0001000101
0011101110
0010100110
0110100110
0100010100
0001001000
1011100111
0011111011
1111111010
1000010001
1100001100
0000000001
0011110110
1101001001
1000000100
1100000101
0110101010
1001010000
1010100011
0110111110
1111111111
0011100011
0010111010
1011101110
0110100010
1111111010
0000001001
0011111111
1000001100
1111111110
1111111111
0101000000
0111100011
1010100111
1011111010
0010110011
0101001101
1000011100
1000000000
0010101011
0111111010
0110101010
1001000000
0000011101
0101000001
1011110011
1111110111
1100011001
1000010100
0010110111
0011111011
1000010100
0010110010
0111100110
0100000000
1010110011
0001001001
0100011000
0111111111
0010101110
1010111110
0111110010
1000001001
1110110110
0011100111
0010111010
0100001000
0110110110
1111100111
0111101011
0000011000
0110100110
1001000100
0000010001
0000000000
1101000000
0110100110
0011101110
1110110111
0001001100
1100011000
1101000001
1110110110
1011110110
1011101010
0100010100
0111111111
1011111110
0000010001
0100010100
0100010101
1100001100
0010101110
1100001101
1101010001
0001001100
1101001101
0100001000
0100010000
0001010100
1110110110
0001000001
0101011100
1100011001
0000011000
0100000100
0001011000
1010111111
0100000101
1101000100
0111111011
0001011101
0011110110
1000011000
1001011100
1000000100
1101011100
0110110111
1010110011
1101011001
1111110111
1101011000
1011100010
0000000101
1101001000
1100001000
1011110111
1110100111
0110101010
1111110110
1010111111
1001001100
0101010000
0111110111
1100011000
0100010001
0011100010
1111111110
0011100010
0101010000
0010101110
0000011000
0010111111
0100011001
0110110010
1110100011
1110101111
0111110111
1001001100
0010101111
0001011001
0100001000
0100011100
1010101011
1111111111
1110100110
1010110111
0100011000
0110101111
1110110010
0000010001
0010101010
0001010001
0010100110
1110100111
1111110010
1101000100
1111110111
0001010001
0101000101
0100001001
1110110111
1111101011
0001011100
1000010101
0101010000
0001000001
0100000100
0001010101
1000010000
0010110111
1110110110
1010101010
1111100011
0111101110
1000001001
1011100010
1011110110
1101010000
1001001101
1010111111
0101001100
0010111010
1110111111
1000000000
0110101011
0110101010
1011111110
1100011000
1011111010
1010110111
1000011101
0111101010
1000010101
0010100010
0011111010
0011110111
1100001001
1000010001
1011111010
0000000001
0110101111
0010110110
0010111111
1111111110
0010111110
1000010101
1101001001
0101001000
0001000101
0010111010
0111100111
1001000001
1011111110
1010100010
1101001101
1010101010
0001001101
0101011000
1101000101
1000011100
1001000101
0100001001
0101011000
1110111111
0100010101
1010101011
0011111011
0000011000
0011110011
1010101110
1111100011
1101001000
0101010000
1110101110
0101011101
0101011000
0000011001
0110111111
1110111010
1111101111
0000001000
1011100110
0101011101
0010101111
0011111011
1000011001
0011100111
1001010100
0110101010
0001001001
1010110011
1000000000
1001000000
0101010001
0110100011
1110110111
1001000000
0111100010
1000011100
0100000101
0010100010
1011100011
0001011100
1100011100
1001010100
1000000100
1000011101
1011111011
1010101110
1110110011
0000000000
0001010100
0110100010
0010100011
1101010101
1101010000
1001010001
1000001000
1010110010
0100011000
1100010001
0111100011
0110110010
0100000100
0010100110
0011110010
0000010100
0111101011
1101011000
0100000101
1011100110
0010101110
0100010000
0001011100
0100011101
1111111010
1000000100
0111101011
1110111111
0011101111
1010111110
0000011101
1100001000
0010101011
0100011101
0110101010
1000000101
0111110110
0111100111
1101000001
1100000101
0110100011
1000001001
1000001100
1110110010
1001000001
1001000100
1110110010
0100010001
1110100011
1010100010
1100010000
0100001000
0000000101
0001001101
1110110110
1111101111
0110100010
1000001000
1010110011
1100011000
0101011101
1000001101
0101001001
0100001100
1010111010
0010101010
1010101011
1011101011
1001011101
0110111110
1011111011
1111101110
0001010001
1101010000
0110111110
0010110010
1100000100
1110111110
0010111010
1010110011
1101010101
1010100111
1111101011
0001001101
1001000000
1011101111
0111100011
1100010001
1111111111
1010111111
1011110110
0101000100
0011110110
1011100111
1000000000
0011111011
1010110010
1001001001
0100010101
1001000101
0110111110
0111101011
1111101010
1111111010
0011100111
0101000000
0000001000
0100011101
1110111111
0101000001
0110100111
0101001100
1110100011
0001000101
1010111010
0101001100
0010111110
0101000000
0000000100
1011101111
1100011000
0110100010
0101001101
1001000101
1111100111
0101001001
0010111110
1101010001
1111100010
1111100011
0001001001
1010110111
1001011100
1101010000
0101001100
0010101110
1110110010
1100001000
1100000101
1110100011
0001011001
1110111110
1101011000
1101000100
1010110111
1100001001
1110110111
1110110011
0101001100
1100001001
1000001001
1101010100
1101010100
0100001001
0110111111
0111100110
1001001101
0011101110
1010111110
0100010001
0000010000
1001010100
0010111011
0110100011
0101000001
1101001101
1101001000
0100000000
0010111011
1000010100
1110111011
0010110110
1001011001
1100011000
1101000001
1000001001
0110110110
0111110010
0000010100
0100011100
1010110011
0011100011
0101000101
0010101011
0000010101
0100000100
1111100011
1110111011
1100011101
0001000101
0101011101
0011100010
1011110111
1110100010
1110100110
0101010001
1101011000
0100000100
0111101010
0111101011
1111101011
1101001001
0001010000
1110110110
0010100010
1011100010
0011100011
1010101111
1110100010
1110100010
1001011101
0001001001
1111100111
1101011000
0100000100
1011101111
1100010100
0110101011
1100000100
1000011001
0001010101
0010100110
0010110110
0100001100
0001000100
0000001001
1110101111
0111110110
1111100010
1001001000
1101011001
1111101011
1001000100
0000001100
1010111110
0001011001
0011100011
0000010000
0000010101
0000011000
0010110111
1101000101
1111110110
0101011100
1010100011
1110101110
0100000000
0001010000
1110101110
0000001101
0000011100
1101001000
1010111010
1101010101
1001010101
1001001101
1101011001
0000011000
0110101110
1101000101
0010101011
1100001001
1100011101
1100000001
0101000100
1001000000
0001001001
0010101111
0111100110
1011100110
0110111110
1000000001
0101011100
1111101110
0010110011
1001000001
1111110010
1001000001
0111111010
1001001101
1101010100
0110111010
0111100011
0100000000
1110110010
1110110010
1011100011
0000011101
1110101011
0111101111
0110111110
1111101011
0000001001
0100011001
1110111010
1110100111
1000010001
0011100111
1101000101
0111110010
1000000100
1101001001
1001010100
1100001000
1110111110
0100000101
0010100110
0111111010
1101010001
0110110111
1110101010
0111110010
1101000100
0011110011
0000011001
1010110110
0110111110
0011100011
0000001101
0110100011
1000000101
0101001001
0011111111
1101010001
1111111011
1000000101
0010110011
0011100111
0011101010
1111100011
0010110010
0011111011
1101000001
1001010000
1101010100
1110101111
1101010001
1010100111
0100011000
1100001001
0010101111
0101010100
1000010001
1000001001
1111101011
0010110011
1101011100
0101000001
1000010001
1001000000
1101001001
1001001101
0100000000
0010100111
1010100011
1101000001
1011100011
1100001000
1111110110
1011110111
0111100010
1101011001
0100001101
1111101111
0001010100
0011111011
1100001100
1011110111
1101011100
1100000100
0111111110
0000001100
0001010101
0110110011
1011110011
0011101010
1110110111
0111111011
0010111110
1001010000
1110100110
0101000101
0101000000
0100011100
1111101111
0010101010
0100010000
1110100011
1011110111
1000001000
0110100110
0100000101
1110101011
0101010101
0010101111
0001001101
1010111010
1110111010
1100010000
1111101110
0000010100
1110111011
0011110110
0001010000
0111101111
0000011100
0001011101
1011101110
0001010101
1010110111
0111100111
0110101111
1000001101
0010111010
0101000100
1100000100
1100010000
0001011001
1110110111
0001000100
0101010001
0101011100
0111100111
0010101010
0100011000
0011110110
0001001000
1010100111
0110101011
1000010101
0101001000
0100011001
1001010100
0100010000
1110100111
0011101010
0000010001
0100011100
0101010000
1001001101
0000001100
1111110011
0101000000
0111110011
1111111110
1010100011
0001001001
1111101010
1001010000
1110111010
0111110011
1101000101
0100001101
1010110011
1001011000
0011100010
1100010100
0110110110
1001011000
1111101110
1011110010
1100001100
1001000101
0111110110
0010100010
1110110010
1101001101
0100001101
0000011100
0110101011
1111111111
1110100110
1111111110
1110100111
1010101110
0111111010
1000011101
0100001101
0101000001
1110111111
1111110110
0101010001
1000011101
0011111011
1010111110
1010101111
0101001101
1111100011
0101001101
1100000001
1111101111
1110100111
0101001100
0110100111
0001001000
1010101010
0000001001
1111101010
0111110010
1111110111
0110100011
0100001101
0110111110
0111101011
0011101110
0001010000
0000010001
0010100110
1011111110
1100000000
1110101111
0110100111
0010111011
1101011001
1100011000
0111101110
1100011101
0001010100
0111110110
0100000001
0010100011
0111100110
1010100011
0100010001
1001000101
1111101011
1111111111
0111110011
1011110110
0110111010
1011100110
0110101110
0010101111
0101011000
1110111010
1110110110
0001010101
1100011100
1011101011
1100011001
0000001101
0001001000
1101001000
1000001001
1101011001
0110111010
0101000001
1111110011
0000001000
1100000000
0101001100
1000001001
1010110010
0001011000
1010101110
1111101010
1000000101
1110101111
0101011101
0000011100
0111100011
0011110110
1001000001
0001011100
0110100011
0111100111
0011111110
1101011101
1101011001
1110100011
0010110110
0111111010
1101011101
1110111110
1011101110
0010101011
1010111110
0101010001
0100001100
0001011001
0011101110
0111101011
1000010100
1001000001
1111100011
0100011100
0101000101
0000000000
0011111110
1011110011
1010111110
0100010000
1110110111
0001000000
0001001001
0110111011
1101011001
1010100111
0011111110
1111111011
0001001000
0001010001
1110110111
0110110010
1000010100
1111101111
0101010001
0111111010
0101011001
0110110111
1000010101
0000010100
0001000000
0010111111
0110100111
1011111111
1111110011
0100010101
0110101010
0000000000
0010110011
0110101011
1101011000
1101000001
1111100011
1000000000
1111101110
0101010000
0000011100
0011101011
1001001101
0011100110
0111111010
1111100110
0010100110
0011101111
1111100110
0011111010
1010100110
1011100110
0010110010
0000010000
1111100111
1111101011
0100000000
0001010000
0110110010
1100001101
0000001000
0100001100
1110111010
0100000000
1101001000
1111111111
1111111011
1111101011
0110111011
0111111111
0100000101
1101000001
1011110010
1001000100
1000010101
1100000101
1011101011
1111101110
0011101110
1110111110
1011101111
0110110111
0000010000
0001000100
1110101110
1011100010
1010100110
0001011101
0010101110
0110110010
1100010101
0000000101
1110100011
1001001001
0111100010
1011111111
0111111010
1011110011
0010101111
1001000000
1000001001
1010100011
0101010001
0100001100
1100011101
0000011001
1010111011
1011100010
0011100111
0011110110
0000010001
0000010100
0100011000
0110111010
0100000101
0101000101
0010101111
1100011001
1111110011
1111110011
0111111011
1101001001
0000010000
0001001100
0001010101
1010111010
1100010000
1100010101
1010111011
1110101011
1110111111
1101001101
1110111111
0001010100
0110101110
1101000000
1110100011
1000010101
0100011001
1110111111
0001001101
0011100011
1101010101
0100000000
0011110111
0110101010
1000001000
0000011001
1110101110
1101010000
0110101010
0110111111
0111100011
1011101011
1100010101
1011111110
0101011100
1101011101
1010100011
1101010100
0110111111
0111100011
1011100011
0100011100
0111100110
1011101011
0010100010
1110110011
1001001101
1001010100
0000001000
0011100111
0101000100
1101011000
0011101110
1001011101
1010111111
1101000000
0000001001
0000010101
1010101110
1000011100
0111111111
0111101110
1000001001
0110111011
0110100011
1010101010
1101000001
0110111011
0011110110
0101000001
0101001000
1110101111
1011110111
1111100111
0001000001
0100001000
1100010101
0110110110
1110101010
1101001000
0111100110
1000011100
0001011100
1101001100
1110110011
1101001101
0011100010
0100010101
1000011101
1111110111
0101011001
0000001001
0101011101
1000011101
1111110111
1000000101
1110111110
1010100010
0100001101
1111110110
1100011100
1010100110
1101001000
1010111010
0011100010
0011110011
1000000001
1100010100
1011110111
0110100011
1111111011
0000011001
0011101111
1111111011
1101011001
0101011000
0111111011
1111110010
1110111010
1101011001
0110101110
1110111011
0001011001
1010111110
1101011101
0111101011
1110100111
1001011001
0000011101
1101010000
1101011101
1100011000
0001001101
1101001100
1110101111
1000010101
1100001101
1110110110
0110110010
1001011100
0010101110
1110110110
0010100010
1000001000
1000001100
1011110010
0111111011
1101010101
1000000101
1101001000
1010110110
1010111111
1010100011
1101001000
1111111010
0111110111
0110100110
0101011000
1100011101
0111101011
1111111011
1111111011
1011111010
0000001000
0011100011
1010111010
0000000000
0000010100
1000010100
0111110011
0111100111
0101010001
0100000101
0101010101
0011110010
0001001000
1001000001
0101011101
1101000101
0001010001
0100011100
1000000101
0110110111
0010111111
1101001100
1101011100
0010100111
0100000101
0101001001
0100000000
0001000100
1101010101
1101001000
0010110110
0000010100
1011100010
1000010000
1011101111
0001010100
0000001100
1010110010
1000010000
1000001001
0101000101
1101010100
0011101110
0110110011
0101010101
1110110010
1110101010
0011111010
0001000001
0110100110
0100011001
0010101111
1001000101
0010111010
1001010001
0110101010
1101000000
1101001101
0110100011
1001010000
0110110011
1111101011
0110100011
1000000100
1110100110
1111100111
0010110111
1110111011
1111110110
0001010001
0001010100
1000010100
1101000100
1011100111
0110110111
0010110011
0111110111
0111101010
1001000100
0011101110
1001001001
0011101011
1101011000
0111111011
1100011001
0001010101
1001011101
1011101111
0011100110
0110100111
0111111110
1010100110
1001001101
0011110111
0101010001
1100010000
1101000000
0100011100
0100011100
0101000100
1101000100
0000010000
1001010101
1110111010
0101000100
0011101111
1110111010
0001011100
0110100110
0000011100
0101001100
1110101110
0100000001
1011111111
1111110011
0010111010
0110101011
1000000000
1011101010
0001001100
0110111111
1011101011
1011101010
1010111110
0001011000
0101010001
1011111010
1000011001
0101010000
0001001100
0110111110
0101011100
0101001100
1110100111
1011100110
1010100110
1110101110
1010110111
1010100111
0001000001
1100011000
0100000000
0011110011
1111110011
1100000101
1011000010
1100001000
1011111110
1011111011
0111110111
0101010000
1111100011
1011101010
1101000001
0010111111
1111111110
1011110010
0101011001
0010100110
1100011101
1110101010
1001011100
1110101011
1110101011
1110100010
0110111011
0110100010
0111101110
1001001101
0101010100
0101011100
0011110011
0000010001
1110101110
0001010100
1100011101
0111101010
1010111011
0100010100
1010101110
0100011000
0110110110
0011100011
0111100111
0011111011
1001001001
1111101010
0000011000
1111101011
0100010000
1100001100
0111101110
0100001101
0100001100
0011111111
0011110110
1101001000
1011111111
0011101011
1001011000
1110110011
0101000001
1110111010
0101010000
1111100011
0101000100
0101010101
0111111011
0110100111
1000010101
0110101010
0010100110
0110111011
0011100010
0100011100
1000011001
1101001101
0001011001
1011110110
0000001101
0001011101
0110101010
1111100110
0000011101
1111101011
0001000100
1010111011
1110101111
1010111010
0111100011
0010101110
0010101011
0110110011
0110101011
0011110111
1100011101
0111111010
1100011001
1110101010
1100011000
0101011001
1110101111
1110111111
1010110011
1101001000
0111101011
1001010000
0000010000
0011101110
1111100111
1000011100
0001000001
0101011000
1011111011
0111110010
1111101011
1001000100
0111110011
1001000000
0011100111
0111111111
1010111110
1000001001
1101011001
0100010000
1100010001
0111111010
0011110010
0100000001
1011110111
0001010001
1111111111
1000001100
0000010100
1001010100
0111110110
0011101111
1010111010
1101000001
1010101010
1001000100
1110111011
0101010000
1110101011
1000001101
1001011100
1010100011
1111110110
1110111011
0010111110
0110111110
1011111110
1101001001
1110111110
0000001101
1101011001
1000001000
0011100111
1100001001
1011101110
0110111011
0111110010
0111101111
1110111011
1110101111
0110101110
0101001000
1000001000
1101010000
1101010001
0001000001
1010110011
1110110010
1001011001
1001000100
0110101111
1011101010
0100011001
0100001001
1111110110
0100011000
1001000000
1011101111
1010110110
1111101011
1001011000
0101000100
0110110010
1011110110
1001010001
0110101110
1111111111
0111110010
0111110110
0010101110
0011110011
1110100010
1101001101
0100000000
1011100111
1111111111
0100011001
1100000101
1001000000
1100000000
0001010101
1101001000
1010110111
0111110011
1010110110
1110100111
1111101111
1110110011
1111101011
0110101111
1000010101
1111110110
1000001101
0011100010
0010110010
1010100011
1100001100
1011110010
1110101111
1101010101
1011111110
0001010101
1000001101
1000001001
0111101010
1100001101
0001010101
0100000100
1011110110
1010100011
0000011000
0111101011
0101011001
1110100110
1000011101
1111111011
0101001001
1110110011
1000000000
1000001000
0100010101
1101000100
1000001100
1101001100
1011110011
1001010101
0001011001
0110111110
0110100011
1111100111
1011101111
1110111111
0110110010
1010111010
1101001000
1101011100
0100000100
0011100110
1010111111
1011110010
0000010101
0010100010
1111111110
0110101111
0010100111
1101010100
0101000101
1110101110
0001001101
0100011101
0111111110
0000001100
1111110010
1111110010
1101000001
1111100111
0110110011
0101001100
0010110010
0111111111
1011110111
1011110011
1110101110
1100010000
1000000001
0011111111
1111110011
1000010100
1011111011
0101000101
0001000000
1000011101
1010100011
1011110010
1011100011
0101011000
0010100111
0000001100
0111100110
0111101010
0111100010
1110100111
1001011101
0110101011
0011110110
1010100111
0011100011
1001010101
1100001001
1110111010
1001000100
0001000000
1111110111
0001001000
1000011101
0111110010
0001010001
1101001100
0111100011
0001011101
0101000001
0100011001
0001000100
0100001101
0110110110
1000001100
0010110110
1101010101
1000001101
0101000000
1100010100
1110100011
1011101010
1011111111
0011100111
0011101011
1101001100
0110110111
0000011001
0101001100
1110110110
1000011101
1010101111
0110101011
1001001100
1001000100
0011100010
1001000001
0111100011
1010100111
0010111011
0111101111
0110111010
1100010100
0111111011
1111100111
0000011101
0111101010
0001001000
0100000001
0101010001
1101011001
1100011100
1011111011
0010101111
0011101110
0111101110
1110100010
0010111110
0010100011
1011110011
0010111111
1111101010
0110111010
1110100110
1000000100
0101000101
0010111110
0100000100
1110100010
0101000001
0001011001
0010100111
1001010101
1000011000
0010101110
0110110011
0100010100
1100010100
1011111011
1111110011
0100001000
0000001101
1110111011
1000011001
0100010100
1111110110
0100010000
1110101110
1111100110
0100010100
1000010100
1000001101
1101000001
0111111110
1001001100
1011111110
0110110010
1010100010
0000011000
0110110011
1111110010
1010101111
0001000100
1010111010
1011100110
1010111110
1100010000
1111100011
1100011101
1000000100
1101010100
1001001100
1000000001
0101000001
1010100110
1001010000
1100010000
1110111111
0010100110
0101011101
1111110011
1110111010
0010101110
1011110111
1100011101
0110111110
1001011100
1010111110
0100010101
0011110111
0001011000
0000011100
0001001100
1010110010
1011111111
0111100011
0101011101
1000011001
1100001000
1001000100
0011110010
0001011101
1111101010
0011110111
0100011100
1000000001
1010111010
1000010101
1000000000
1100000001
0011110110
0010100110
0010110011
0111100011
1110101011
1001010101
0000010001
0011100111
0001000100
0101011000
1010110011
1111100010
0110111111
0101010000
0011111111
0000000100
0101011100
1001010001
0000001101
0001000000
0111111110
0001011000
0010100011
0010111110
0000001000
1010111110
0011100010
0011111111
0011100011
1001010000
0010110111
1100011100
1110111111
0100000001
1000001101
0001011101
1110111111
1111101111
0011100111
0001000000
0111100011
0011100110
0011111111
1110110111
1010110010
0011101110
1011100011
1001000101
0101000001
0100001001
0101000001
1100000000
1001011100
0100000001
0010110110
0111111011
1100011000
0111100111
0011101011
0111101111
1000001100
1010100110
0010110111
1110101111
0101001001
0111100111
0001011101
1101011000
1011100011
0101001101
1011100111
1100011001
1101001001
1100001100
1010111010
0110110110
1011101011
0011110011
0100001000
0000001001
0101010101
1010110010
1101000101
1111110010
0011100010
1000001000
0111111111
0100001000
0011110110
1000010101
1000011101
1010110011
0111100011
0111101010
1011111011
1000011100
1000010001
1011110110
1001010100
0101010101
0100011000
0010101010
0010100011
0111111111
0010101110
0111110110
0111100110
1000000001
0011101110
0111111110
0100001001
1001010101
1111100010
1111110110
1011111010
1111100111
1100000001
0010100111
0000011101
0011111110
1101000100
0001001001
0011110110
0000010000
1001001101
0001010100
0000011000
0101001100
0001010001
1110100110
0000001000
1101000000
1000011101
1001001001
0111100011
0001011000
1101000101
0110100010
1100000101
1100011000
0000000001
0011100110
0011110010
1100000001
0101000000
1010110111
1111111011
1100000000
1000010001
1000011001
1001001001
0100010101
1101011101
1111101010
0001000000
0011100011
1000000101
1101010001
1110110111
1011110111
0011100011
0010110111
1011100110
1001010001
1001011001
1001010000
0100010000
1010101110
1011110011
0011110110
1101000101
1001010001
0111101010
0001010000
0011111110
0110110010
1000011101
0100011100
0001001000
1111100110
1001000100
0111110011
0101010001
1011100110
1010110110
0111111110
1110110010
0100010101
0011101011
1100011001
0110111111
1011100011
1100010100
0001001101
1001001000
1110111111
1000001101
1000010000
1100000100
0010110110
0110100110
0001000101
1011101111
1101000100
1111111011
1111101010
0011100010
0010100111
0011111010
0110110011
0101001001
0000001001
1101001001
0010100010
1000010000
1110101111
0101010000
0100001001
0101010100
1010101010
1101001001
0001000001
0100000001
1001000101
0000011100
0011101110
0110110010
1001001001
0011110010
1010110010
1000000000
0001001001
0001001101
1011100011
0111110010
1100000001
0110111010
1101011001
1110100011
0101011000
0001011001
1000000001
0110100111
1010110111
1110111011
1010100111
1000011101
0011110010
1011100010
0100011100
1011111011
0000000101
0011100011
0000010101
1110111010
1001001001
1000010000
0100011000
1001001000
0011101011
0100011100
1111101011
1101000000
0101001001
0101001100
1001010101
0101010000
1011101010
0000000101
0100010000
1101001100
0011101010
0100010000
0010100010
0011111110
1111110010
1011111011
1100001101
0000001100
1001001100
1010111110
1100011101
0011110010
1110110110
0110101111
0100001101
1000010100
0001001100
1010110111
0100011001
0001010001
0101001000
0101010101
1100001000
1010100110
0000010101
0110100110
1111100111
1110101010
1111100011
0111111110
1100001001
1001010101
1011110011
1001001101
0110101010
1011110111
1110110111
0010110010
1100000001
1100011001
0000001101
0100001101
0011100010
1110111010
1100000101
0111110111
1011100110
1111100111
1010111010
0010110010
1001001100
1011111111
0111111011
1101001001
1110101110
1010101010
0000010001
1100011101
1010101011
1000001000
1110111010
1100000101
1010101010
1001011001
1001010001
0010101010
0110110011
0011100010
1011101010
0110110011
0010100011
0011110011
1110100110
1111101111
0100010101
1111101111
1110100111
1000010101
1100010101
1100011101
0010111110
0010111111
0101000001
1100000101
1101010000
1101000001
0111101011
1110111110
1111100111
1010110110
0110101011
0000010101
0010110011
0100011000
1010111011
0100001000
1100000101
0101000000
1011101111
1000000001
1010110010
0101001101
0001000100
0011111111
0111101010
1110100011
1111111110
0100011001
0110101011
1111111011
1001001001
1111101010
1100000100
0010100110
1000011001
1011110011
1011110111
1011101010
1100001000
1011111111
0011111011
0010110010
0010110011
1100011101
1111100110
1100001100
1100011001
1100001000
0111101111
0001001001
0100010101
0011110111
1011101011
1111100010
1100011100
1011111110
1101011100
0011111111
1110110110
0001011000
0010101010
1010111111
1111110010
0000000000
0010110011
0111101011
1010110111
0011111011
1100011001
1010110011
1010110111
1101010000
0100000101
0101001001
0000001001
1001000101
1001000101
0011101110
0110101110
0011110110
0011111011
0111101110
0110100010
0000000000
1111111010
1000011101
0111110010
1100011001
0111111111
1101001100
1000010100
0011110011
1110101011
0011101111
0010111010
1011100110
0000001000
0101000000
0001011000
1000010001
1000010101
0010100011
1011110011
1100001001
1110111011
1110100010
1111100011
1001010001
0100001000
0001010100
0011110111
1111111011
0100011000
0100010001
0100011101
1111100111
0100000001
0100011001
1101000101
1000000100
0101000001
1110111110
0111110110
1010100111
0110111111
0010111111
1110111110
0000000000
0010110111
1110110011
1001001001
1100011101
0000011000
1010101010
0101010100
0011100010
1001011000
1011100110
0100000001
1001000000
0110110111
0001001100
0111111010
0110100110
1100001000
0010110111
1000001001
1100011000
1111111010
0111100010
1001000101
1010111111
0111111110
0110110010
1110100011
0100010000
1101011000
0000010001
1101001000
0001000001
1111111111
1101011000
1000011100
0101000100
0011101011
1000010000
1110110010
1110100111
0010100010
1011101111
1001010100
0001000000
0001000000
0100001000
1011101010
0110110111
0111100111
0111110110
0100000101
1110100011
1100011001
0100001000
0011111011
1001001100
0001010100
0100001001
1101000100
1001011100
0000000100
1111111010
1001010001
0110101010
0001000100
0010110010
0000011100
1101011100
0111111111
1111100111
1110100011
0000001001
1010111010
0100010100
1101011100
1010101010
0011100111
1000010101
1110110111
1001001001
1011111010
1001001001
0101010100
0010101011
1110111110
0010110111
1101001100
1101011101
1001011000
1010111111
1010111111
1100001000
0110110011
0010100111
1000011101
0011111010
1000000001
1011111111
1001010000
1010100110
1110101110
1000010000
1100001100
0010111110
0101011001
1011101111
0000000000
0101001001
1000010100
0111100110
0110110111
0001000100
0000010101
1011111111
1110110010
1101001100
1010100010
1111111011
0101000101
0010110110
0110110010
1111111011
1000010000
0101001000
0101000000
1111110011
1010101011
1100011000
0001001000
0100010100
0011101011
1111111110
1010110110
0100001001
1111101110
0001001100
1000011001
1110100111
1110110110
1110110110
1000000101
0011111111
1011100111
0011100110
1011100111
0110111110
0100010100
0011111110
1000001001
0110111010
0010100011
0000011001
0010100110
1011110011
1101010001
1011111110
1110111111
1100010001
0011101111
1101010101
1110110010
0111111111
0100011000
0111110111
1111110111
0010100110
1010110111
1001010001
1100010001
0000011100
0101000000
0011110010
1011111110
0110111111
0011101110
1101000100
0010101010
0101010100
1010110010
1100001100
1101000001
0100011000
1010111011
0011101110
1110101011
1001001000
0101011000
0101011000
0000010101
1011110011
0010101111
0010101011
0010101011
0111101111
1110101110
1010110111
1001000100
0001001100
1001001100
0011100011
0001011100
1011101011
0011110110
0100010000
0101000001
0010111111
1010111111
0001010101
0100000101
1111101011
0101010001
1001011101
1000001101
0011100111
0110110011
1100011101
1000010001
0111111110
0100001001
1110110110
0101001101
1001000000
1101000101
1111111110
0000001101
1010111011
1111111011
0110110111
0101000000
0010110111
1000010001
1001001101
1111100011
1100001000
1101011100
0000011100
0010110110
0110111010
1110100010
0110101010
1101000000
0101010101
0100011101
1110111110
0100011000
1010101011
0000000001
0011110110
0100010101
0110101010
1111111010
1100010001
0010101111
0101010000
0001000001
0111101110
1000001001
1100010001
1111110010
0111101011
0111100011
0011100011
0000010001
1011101111
1010101110
0111111110
0101011100
1110100011
0000000001
0011111011
1110100011
1001011000
1000011100
0000000001
0100011100
1111110011
0001010101
1111101110
1010110010
1001011001
0010101110
1101010101
1100011100
0010110111
0101001100
1001010000
1001011001
1110100111
0111100111
1110111110
1010100010
0010111111
1111100111
1111100011
1011110110
1100001001
1000000100
1110101111
0101001000
1110100111
0101011000
1001001000
0100010101
0111111010
1100001101
0011111111
1011100110
1110100111
1010110011
0110100011
0110111111
1010101011
1100011101
1110101011
0010101110
0101011100
0110111011
1010111110
1011110011
0011110110
1000010000
0110101010
1100001101
0101000000
0011101110
1100001000
0101010100
1001001001
1111111110
1010100111
1110100011
0111101011
1011110011
1101000101
1110110111
1011101010
1001000001
1000000101
0100010000
0011111010
0110111010
0000011101
1100001101
0101011100
0110101110
1101000101
1010110010
1001001101
1101000100
1101001100
0110111011
1001011101
1000010100
0100010100
0110110010
0011110111
0100000000
0111111011
0000000000
0010110011
1101011101
0011101010
1110110110
0011111010
1001011001
0110110110
1011100010
1101010101
1001001100
0001000100
1011100010
1000010101
0110101010
1111101010
1000000101
0110101111
1100011000
0010101010
1110111111
0011111010
1101010100
1000011100
0101000100
0000001001
1010110011
0110111010
0001011000
0101010000
1100001101
1101010001
1110100111
0101010101
1111111111
0110110011
0000010100
1101010000
0110100011
0100001101
0000010000
0010100011
1010110011
0011100111
0100001101
1110111011
0110101111
1111100010
0001010001
0101000101
1111100110
0111101010
1111101110
1011100011
0111110110
0101011000
1011101010
0010101111
0110111010
1100010001
1001011101
0000000000
1111111111
0001010101
1011100110
1011110110
1010101111
0101010100
1001000101
0111101010
0000010100
1111101110
1001010101
0111100111
1001001000
1111100011
1001011001
0000000001
1111100011
0111101011
1110111110
0001000001
1110100010
0011111010
1011101011
0100001101
1110100111
0110100110
1111110010
0111100111
1011111111
0011100110
0110101011
1110111110
0010111011
1010111110
0111101011
1110110011
1011100111
0001011100
0110110111
0101010001
1100010101
0111111011
0100001000
0100001100
0110110010
1011110111
0100000000
1101001100
0100001000
1000001001
0111110010
0010110010
1111100011
1111101011
0101000100
0101001000
1111111010
1001011100
0111110110
0010101011
1011100111
0011110111
0000011100
0011100010
1010101110
0000011001
1100011101
1001001000
0100011000
0100001001
0011111111
0010100111
0011101010
0010100010
0011111111
1010110010
0100001000
0011111011
1001011100
0101000000
0001010000
0110111010
1111100111
1010111111
0110111111
1110101011
0011111011
1110110011
0101000100
1010110110
1110111111
1011110111
0011101010
1010111111
0101010001
0001000000
0000000001
0110110011
0001010000
0000001001
0010100011
1111101110
0101000000
0000010100
1010110111
1011100010
0101011000
0001001101
1111110110
0001010001
1010111010
1011110011
1100000000
1101011001
1001010001
1101000101
0111100010
0100001101
0011111011
0010101111
0011110011
1010100010
1111101111
0111100010
0101010001
1011101111
0111100011
0001000000
1111111111
0010100010
1101001000
1011101010
1111111110
0101001001
1101001001
0110100110
0110100011
1111111010
1011111010
1101000001
0111110111
0011100011
0101001101
1101010100
1101001001
0101010001
0001011101
1100000101
0011101010
0000011100
0011100010
0101000100
1100001101
1111110010
1110101110
1001000101
0001001000
0110100111
1101000100
0100001001
0110100010
0111110010
0010110111
1111100010
0010101010
0101011001
1011100011
0111111110
0111100111
1000000001
1101011101
1110110010
0011110111
1111111110
0110100111
1011100111
0001011101
1011110011
1101001100
0100010000
0001000000
1100001000
0110101111
0101001100
1111100010
1000011100
0110111111
0100001101
0011111111
1101010000
0111101010
1101010001
0011101010
0110101010
1111101010
0111110110
1000010100
0101000100
1100011101
1110111111
1111100010
0001011000
0110111011
1111111010
1111111011
0111101011
1000010100
0111101011
0010110010
1110110010
0111100110
0110100010
0110110011
1010101110
0010110010
1111101110
1001000001
0111111010
1010111011
0110110111
0000000101
0000010000
1111111011
1010111111
0100010000
1100000100
1111100010
1001011000
0111110110
1010101011
0000001000
0010100011
0101010101
1101010100
1101000101
0101010101
1110100111
0101001000
0000010001
0101010100
0011111010
0110101110
1010111010
0110110011
1010111010
1000000101
0000010101
1100000100
1111100010
0110101010
0110110011
0010100011
1111110010
0000011100
1010101010
0011111011
0011110111
1101010101
1011101110
1100010000
1101001101
1110110111
1001011100
1000010001
1010100011
0010100011
0110101010
1000011100
0010110011
1111101010
1000010101
1101011101
1000011001
1100010001
1111100011
0111110110
0011101110
1101001101
1010110010
1111100010
0111101110
0011100010
1010101110
1001000100
0110101110
0011101010
0010111010
0111100010
0111100010
0001010100
0100001001
1000001100
1110110011
0110100110
0101001000
1001010001
1100001001
0101010000
1100011001
0110111111
1001000000
1010110011
0110110011
0011111110
1011111111
0110100011
0110110111
1011110111
1001001101
0001010001
0101010001
1000010101
0100000000
0011110011
1111100010
1110110011
1001001100
0101011100
1000000001
0010111011
1000000100
0001000100
1011110111
1000000000
1001010000
1100010100
0010101110
1111101010
1011101011
1100001001
1110100110
0110100011
1101011100
0001010000
0101011101
1011100111
0101011000
0111100010
1101011000
1110101010
0111100011
0010111111
0000000100
0110110111
0001011000
1101010001
0010111111
0011110111
0000011100
1000010000
0010101011
1010111110
1001000101
1110101011
0001011001
0100000100
0101000100
0011111011
0011100010
0111110110
0001000001
0100010000
1000000101
1010110011
1010101110
0011110011
1010101110
1001000000
0110100110
0100000001
0010111010
1111110011
0010110110
0000011101
0001000100
1101001100
1011100110
1100000100
0010110010
1000011001
0100011001
1000011001
0100011100
1101001100
1101001000
0101000001
1101011000
1001000101
0001010100
0111101110
1000010100
1101000001
0010111010
1010110111
0100001101
0010110010
1100010100
0111101010
1100000001
0101010001
1011100011
1110101010
0101010100
1110111010
1011100011
1010101110
1001000100
0000010101
0101000000
0010110111
0011100010
1110110110
1001011100
0010101011
0001010101
0111101010
1100000100
1100001000
0000010100
0001011101
1000001000
1111101011
1000001100
0010111110
0110110011
1101010100
1101010100
0011111110
0100000001
1011110110
0100001101
1010101110
0001010001
1011110110
1100011100
1010101011
0110100010
1010110010
0111111010
1000001001
0100011100
1000011000
1100001000
1000010000
0111101010
1010100011
1000001000
1100001100
0001000000
1101000100
1100001001
0111111110
0101011000
0101000001
1101000101
1101011101
0111111011
1010111111
1011100111
0111110011
0010101011
0001010001
0101010101
1010111011
0111111011
1000011100
1010100110
1101011000
1110100110
1101000000
0001001101
1001011100
0101010001
0000001101
1010111010
1010100111
1011101111
0010110111
1100000100
0000000001
0010101111
0100001100
0100001100
0011111011
0100000001
1111111011
0001010101
0100000000
1011100011
0110100010
0011110110
1010111110
0111110110
0110100110
0111111111
0110101111
0001010100
0101011001
1000011001
0101010001
0000000001
0101001101
0010110010
0011110011
0010110110
1111100011
0101011001
1100011101
0101010100
1010111010
0111101011
1111111111
0011111011
0011100110
1001010000
1110111111
0110100010
0100000000
0101011001
1000001001
1110110110
1001011000
1001010101
0010101110
1001011101
1011110111
0111110110
1010100110
1110110011
0000011101
1100011101
0101011001
0100011000
1000010000
0100010001
0111101011
1101001000
1110101111
1000010100
0010110111
0110100010
1011110011
0110110011
1111101111
0010100010
0010101111
1000011001
1001011000
1111100111
1000010100
0111110011
1100000100
0000011100
0001011100
0111100110
0011100111
0100001000
0010111011
0100001101
1010100110
0010110011
0010100110
0000001000
1010110111
1110111011
0110100011
1101011100
0101010000
0101011001
0011110111
0000011101
0111101010
1001010001
0101011000
0110100010
0100010101
0110101110
0101000101
0110101011
1000000101
1101011001
0010101111
0000011101
1100010000
1001011000
1011101110
0011111010
1111101010
1011101011
0111101011
1001001100
1010110110
0100011000
1110110011
0100000100
1110100111
1100011001
1010101110
1101000001
0100010101
1101001000
0010101111
1101010000
1100011101
1010100110
1010111010
0100001100
0000010001
0110100011
0111100010
0000011100
0011100111
0011110010
0111100011
0011111111
0101010001
0111100111
0011110110
0110110110
0010110011
0010111011
1000011101
1110100111
1010111110
1100001101
0100001101
0001011000
0100010101
0111111110
0010101010
1011111011
1010110011
0010101010
0000001001
1110100011
0110101111
0010101110
1101000000
1001011001
0110110111
1101000000
1110110010
1100011001
1010100011
0110111011
0010100110
1011101111
1101010001
1000010101
0110110011
1010110110
1100011001
1100010101
1101001101
0111100010
1001001101
1001001001
0010100111
0100000000
1000011101
0110101011
1111100110
1000011000
1111101010
1011110110
0111100011
1110110111
0100010101
1000011100
0010100011
0001010000
1110100111
1000000100
0111101011
1100000100
1100011101
1001001100
1001011001
1010110010
1110101011
0001011000
1001010100
1011111011
1001011000
0001001101
0010111010
0110111010
0011110010
0010101111
0001011000
1101011101
0011111010
0001011100
1010101111
1111110111
0010111111
0101000100
0010110111
1011110011
0001001000
1000000000
1011110111
1001010100
0010100010
1111101010
0100001001
1000000100
0110111011
0101000000
1001010101
0111111010
0100011000
0001000000
1010101111
0111111010
1011100010
1011100111
1101000101
0001010100
0100011101
0111111111
1101000101
1101001000
1100010101
0100011101
0001010101
1101001100
1111101110
1010111010
1111100011
1101000101
1010101110
1000011001
0100001101
0010100111
0011100010
1101010101
1101010100
0101001001
0011100010
0011101111
1000010001
1110110111
1011110110
0001010101
0001000000
1110101011
0010111111
1100011101
1100000000
0111110010
1101010000
0101001000
0100000101
1011111010
1110111110
0100011001
1110101110
1000001101
1101011000
0101001101
1000010001
0100000000
1011100110
1100011100
0110100011
0101010101
0100001100
1111110011
1111101111
1000000000
1101011100
0000001000
1001011001
1101000001
0011100110
1101010001
0100010101
0110101011
1100010101
1001010000
0111111111
0001010101
0110101010
1000011001
1010110110
1101010001
1010110011
0000010000
0110100111
0101001100
0010111011
1011111010
1011101011
0101001001
1111111011
1111110010
1111111111
1110100010
0010110011
1001000000
1000000101
1010111010
1111100111
0101010101
0010100111
1011110011
0000000101
1000001000
0100001100
1111101011
1110111011
1111111110
1101000000
1101001001
1011111011
1010100011
1001001000
0001001001
1101001100
1001010001
0111100110
1001000001
0000010001
1110101110
1001011000
1010101111
1101001001
0010101011
0011101010
0110111111
0101001000
0100001100
1011101011
1101011001
0101001000
0100011101
1010111010
1110110010
0101011101
0000001101
1111111111
1111100111
0011111010
0010110011
1111111010
0011110010
0000011000
1000000000
1111101011
1111101011
1010101010
1010110010
0110110010
1110100110
0010100110
1101001100
0101001000
0010101110
0000011100
0101000000
1101000100
1110111111
1111101111
0000011001
1110111010
1001011101
0111101110
1011110011
1111110011
0010100110
1010100011
1101010101
0101001000
1010101010
1100001001
0011101111
1010111011
1110111011
0001010101
0000001100
0110111010
0010111011
1000000001
1011111010
0110111010
1101010101
1010101111
1010111110
0110111111
1111101111
1101010100
1111110111
0110101110
1011100111
0100001100
1001001001
0011111010
1110100110
0000000100
1011100110
1001000101
0011100110
0011110110
1100011000
1111111010
0101001001
0111101011
0111111111
1001000000
1001000000
1111111110
0110101010
1101011100
0111110010
1100001101
1001011001
0001000100
0111110010
1011111011
1001000000
1010101110
0011101010
0101010001
0001000000
0110100110
1101001000
1110110011
1101011100
0100010001
1111100111
1010110110
1100011000
0111100110
0110110010
1011101010
1101001100
0000000000
1111111010
0100000100
0110111011
0010111111
1111111111
0011101011
1010100011
1010110010
1100011000
0011111110
0111111010
1000010101
1111101110
1111111010
1110110110
1110101011
0001010000
0101011001
0100000100
1000001100
0110110111
0111111011
1101000000
1110100111
1011100111
0110111111
0000000000
1111101111
1001011000
0110101010
1000001001
1100001100
1010100011
0110111010
0010110111
1011101010
1101000101
1010110011
0010110111
0100010001
0111111011
1000001001
0101001000
1001010001
0000001000
0100001101
0110110110
1000000100
0010111010
1101000000
0110101011
0111100010
0000011100
1101011100
0101001001
1100001101
0100000000
0000010000
1011100110
0100001001
0011111110
1101010101
0100011100
0110111111
0101000000
1101000101
0100001000
0001010101
0111101010
1111101010
1011110110
1101001101
1000011001
0011100011
0001011100
0011111110
1111100010
0001000000
1100010000
0101001000
1000000000
0101010100
1010101011
1100011101
1001010001
1000001100
0000000100
1001010100
1001000001
0111110010
0000011101
0010101110
0001000100
0011111111
1001010101
1101011100
1001011000
0011100110
0010111010
1100011001
1111110110
1110101111
0011100010
1101000100
1110111011
0111101011
0111110110
1100010000
1110100011
0110101011
1010111011
1110111111
1000010101
0001010100
0110101110
1111111011
1011100110
0010110010
0100011000
1100000000
1101011101
1010110110
0001000001
1100011001
1001001100
0101010001
0101011100
0101001001
0001000101
0100001000
1001001000
0000001100
1111101110
0011100010
0001010001
0111110010
0000001000
1100000101
1110110111
0001010100
0000011000
0010101011
0100001000
1001001100
1010101111
0001011000
0110111111
1011111110
1100011000
1011101110
1101011101
1010110110
1110111010
0101001100
0000010101
0010111111
0100010101
0111100111
1110111011
0000010000
0010111110
1011101011
1011110010
1001000001
1011110011
1110101110
1100001001
1001000101
0110100010
0101010001
1111100011
1110110011
0010100111
1001011100
1110100110
0010101110
1101011001
1000001101
0110111010
1111100111
1000010100
1101000000
1000001101
1111110110
1101001000
1100001100
1000010101
0010100011
1101010100
1101000000
1100011100
0110101111
0100010100
1011100111
0000000100
0011101010
1001010101
0010101010
1110101110
1110100110
0001011100
1011100111
1110100110
1101011101
1110100110
0101001001
0011101010
1010110010
1100000001
1010101110
1001000000
1011100111
0111100111
1000000100
0001000101
0100000001
1111111111
0111101010
0100001000
0011110011
0111110011
0111100110
0111110111
0101000010
1110110110
1001011000
1100001101
1001001001
1110100011
0011111010
0000010000
1110101010
0110100111
1010110010
0101010001
1011110011
1001010101
0010110111
1000000100
0000010101
1101001001
1111110110
1101010001
0110101110
1101001001
0011111010
0111100110
0100000100
1001010000
1011110110
0111110011
1101010100
0100001101
0110101010
1101001100
1010111011
1000011101
1110110011
1100001100
1101001100
1101000000
0101001001
0101010100
1010110111
1101011001
0101000001
0000000000
1111101111
0100001100
0010101111
0100001000
0000000100
0001010000
1000000101
1110101110
1001000000
0110101110
1110100010
1100010001
1110110111
1101000001
0111110010
0011110010
0111110010
1111100111
0100010000
1001010101
0111100010
0111110110
1110101011
0100000000
1101010000
1011111011
1111110011
1001010000
0101001000
1110101011
0000001100
0110100111
0101000000
0111111110
0010110111
0010100110
0111100010
1101010100
0001010101
1101000101
1001001100
1110111110
0111110011
0011110011
0101001101
0100000001
0100001101
1100010100
1000011001
0011100010
1110110111
0011101010
0000011001
1100001000
0001000100
0001010000
1111110011
0010111111
0100001101
0110101011
0001000100
1011111111
1000000101
0100010000
0111100110
0101011101
1110100011
0100010100
0010111010
0101011101
1010101010
0110100010
1000000100
1011101111
1111110111
0100001100
0101011000
1011111110
0000010101
0010111011
0011111110
0101001001
1100010000
0011110011
1000011001
0111100111
1001001100
1001000000
1101010100
0100000101
1101001100
0101001000
0110111011
1110110010
0001010100
1010111110
0110110010
1111111110
1001010101
1000001100
0011110010
1001001000
1011100111
1110111110
1011110010
1100000000
1010101110
0000011001
1011110011
1110100110
1100001101
0100010101
1110101011
1010100010
0101010000
0101011100
0000011101
1101000101
1100010001
0011111011
0000001000
0101010100
0010101111
1001011001
0011100011
0001001001
1101010001
1001001001
1110111110
0000011101
1111100010
1111110110
1100011101
1000001100
1100000000
1001010101
0101000001
1100000100
1010111111
0111110111
1001011001
1110100011
0100000001
0101011001
0100010001
1010101111
1010101010
0110111111
0110110011
1011101011
0110110110
0010101110
1011101010
0110111010
1010111110
1001000001
1000011100
0101001001
0000001100
0000001000
1001011000
0101011100
0000000001
1110110110
1101010000
1010100010
1110111011
1100001100
0001001001
0010100011
0110111010
1111111011
0110100111
0011111110
0000000001
1111100010
1110111110
1100001000
0011110111
0111101010
0001011101
1001001000
1011100010
0001010101
1000001100
1001001000
1000010001
1011111010
0111101110
1101000000
0001000101
0100011001
0000001101
1011110110
0011101110
1000011000
1100000100
0111011100
0100010001
0001000000
0000000001
0101010001
1111111111
0101001101
1001001100
1001000000
0101001001
0011100010
1010100011
1111111110
0111111010
0000011101
1001001100
0001001101
0111100011
0111100111
1101010001
1111101111
0000001000
0010111010
0101010001
0101010001
1000010101
0010101111
1101000001
1000001000
0110100111
1110110010
0101000000
0000010100
1101000101
1100011101
1010110010
1001010000
1011100110
0011111110
1111111111
1010111011
1001010001
0010111110
1100011001
0000001101
0110111111
0000011000
1111101111
1001011000
0110101111
1111110010
0100001000
0111100011
0100000000
1100000001
0000011001
0100011000
0100000100
1111100110
1110100110
1101001001
1000010000
1111101110
0101010000
1111101010
1010100011
1110111011
1111101111
1000000101
0000001000
1110111011
0000011101
1001000101
0011110110
0110111010
1000001100
0101000000
1101011001
1110101111
0111110010
1110101011
0010110010
1101011000
1011111011
1111111010
0000010101
0101011000
1100001000
0101011101
0100000001
1000001101
1101010100
1011111110
1111111011
0101001101
0000011101
1001010100
1001010100
1110110111
1011100110
1100001001
0100001100
0100010100
1100010101
0001000100
0111111111
0100001100
1000001001
1101000000
0001000000
1001001100
1000010000
0110101010
1111101010
1001000100
1100011101
1101011000
0111110110
1100000100
0111100111
0111100011
1011110110
0001000000
0101001001
1000010101
0001000100
0101000100
0001000100
0010111011
0101000001
1000001101
1010100010
1110101110
1100000100
1101000000
0110111111
1010111111
0010110011
0101010000
1001011101
0010100110
1100001000
0011100011
1011101010
1000011000
0111111111
0010100010
1001011100
1101011001
0100000000
0010101010
0101001001
1011101111
0011111011
1010111111
1000000101
1001011100
1100001101
0110111110
0110110110
0100010101
1010111011
1111111010
1010111110
1000000001
1000011100
1010111010
0000011101
1100000101
0101011101
0110101110
1110100110
1111100010
1000010001
1101001000
0101011101
0010100011
0110110010
1011111010
0000000100
0011101011
1011110110
1110100110
1001001001
0000001001
1011101110
0111101011
0111111111
1100000000
1011100110
0101010001
0011100110
0111110011
0000011100
0101000001
1101000101
0011101110
1111100110
0001011101
1000001000
1101011000
0100000001
1100000000
0000010101
1000001000
1100000100
0000011001
0110100010
0110110110
1010100111
0100011001
0010111011
0010101011
0100011000
1001011001
1101011100
1011110110
0000000001
1101011101
0101001001
1000011101
0010110010
1010101010
0101001000
1010100011
0010101010
0111111110
0011100110
0100000000
1000011101
1001010000
1111111111
0010111011
1111100111
0111101011
1110101110
0100010101
0100010101
0101011100
1001000100
0011111010
1100011100
0101000001
1010100010
1101000000
1011111111
1001011100
1010100110
1110100011
0010110010
0001000101
0100010101
1001001001
1100000101
0001001000
0000010001
1001011101
0100011100
1011110110
0100011101
0000010100
0011110011
0010111010
0110111011
1000000001
0110100110
1001010001
0001010100
0011111110
1000010101
0100010101
0100000001
1111111010
1100010001
0010110110
0110100011
0001001100
1000001100
0101010000
0111110010
0101010101
1110111011
0111100111
0111100110
0110101111
0110110110
0100000100
1000001100
1101001000
1100001001
0101001101
1010111111
0101010101
1010101011
0110111111
1101001001
1001011100
0000010101
1100010101
1111100011
0011110111
1011111111
1000001100
1011101110
1010110110
0011110011
0110111111
0000010100
0001011101
0101011100
0000001001
1011110010
1010100111
0100001100
0111111111
1001011100
1101010100
0100011101
0101011001
1010101111
1100001101
1110111011
0101011000
0111101011
1000011001
0001010001
0000010001
0101000100
1010100111
0101000000
1110110110
0001011000
1011101010
1111100010
0011100111
0000010101
0011110110
1111100010
0100011000
0110111011
0010111011
1010111011
0100010001
0010101110
1100001001
1010100011
1101011001
0101010101
1000000101
1000011001
0001011000
1000000100
1110101011
0010111010
0100001101
1101000001
1010100010
0101011001
1100010001
0001011100
1000011101
0111100110
0111111010
0101010100
1101011101
0111100011
0111111010
1011110010
1110101110
1000010001
0111101110
1110111011
0101011101
1010110110
0110101110
1110101111
0100000000
0111101111
1100000100
0001000001
0110111010
0110101011
1101011001
1000001001
0111111110
1100000100
0001000101
1110100010
1101010001
0000000000
1001001000
1000001100
1101011101
0001011100
1011101110
0010101011
1110101011
0111100111
0000010001
0010101111
0111100011
1000000000
0110100011
1101000101
0010111010
0111111010
0100000000
1001001101
1100010100
0101011100
1001001100
0010110111
0111111011
1100011101
0100001000
1011110011
0110100110
1000001000
0010100010
1110110111
0000011000
1000000001
1111111010
1011100111
1111100010
1011100010
0111111011
0000011001
1100011101
1101000101
0000011100
0110110110
0000011100
1011111010
0001001100
0110110110
1110100110
1011101010
1110111011
0110110010
0001000100
1011101011
1111101010
1000001101
1101011101
0110100011
0001011100
0110111110
1001000000
0101001101
1111101011
1011100110
0010110010
1001000100
1011110111
0011100010
1110111011
0001000100
1000000000
0111100111
0110110011
0001001000
1001011101
1101001101
1010101111
1100010000
0001001001
0100001000
0001010101
0101001001
1101010001
0101000101
0110101110
0100000100
0011110110
1100001101
0100010101
0101000100
1001000001
1010101110
0101011100
0010111111
1100010001
0101001100
1110111011
0100011100
0001011101
0001001000
0010111010
0011110010
1000000101
1101000001
1010110111
1110110110
1011101010
0111110010
1011101110
1100001000
1101010101
0000001001
0010101010
1111111011
1100001001
1101000101
1100000001
0110101111
0100000001
0110100010
0110110110
1100011101
1001001100
1110100011
0011111111
1011100111
0010111110
0110100011
1100010100
1000001100
0010110010
1010111111
1100000001
0100000000
1110111111
0100001100
0011100011
1000001100
1110111010
1010111011
0000000101
0010101110
1001000100
1011111010
0010100111
0100010000
0011101010
0011110111
0000001000
1101000100
1111101110
1101010100
0011111010
1100000001
1101011001
1101001001
0000000001
0110101010
1100011001
1110110111
0100000100
0110110111
1101011100
0110100011
1011111111
1110111010
1001000001
0001010100
0001001000
1111101110
0000011000
1110110010
1010111110
0001001101
1100001000
0000010100
1100011001
1001000101
1111111010
0101001100
1011100110
1101011000
0000000101
0111111110
0001011001
1001011100
0001000000
1111111011
1101001001
0011111110
1001011101
1001010001
0111111011
1111111111
0010111011
1101010101
0001000100
0101000101
1011110110
1001011101
0110100010
0010101111
0101001101
1110111111
1111101111
0111101011
0101010101
0000010001
1110101010
1011100010
0000001001
1010111110
1111101110
1110100110
1011110011
1001000001
1100010100
1010101111
1101000000
0011101011
0001010101
1010110011
1111111010
1111101011
0101010001
1110100110
1010111011
0000000000
0111100111
1100011100
1000000100
1001000100
1100000000
1000000101
0101001101
0100000100
0100001100
1000010000
1011111010
0100010100
0001000100
0001001101
1011100111
0010100011
0111100011
1101001001
1001011000
1101010001
0101000101
0110110111
1111100010
0011101111
1011100111
0111110011
0011110011
0100000100
0000010100
1011110111
0001000000
0100001000
1100011101
0011111110
1100000100
1111110011
1110101110
1111111111
0100000001
0111100110
1000011100
0010110010
1101001001
0010110110
1100010001
1011110110
0110111010
0010111111
1001001101
0110100011
0000000101
1101011000
0111101110
0000011100
1101000001
1110101111
1011111111
0010101011
1010110010
1110101011
0100011101
0001001101
1011100011
0000001101
0001000001
1001011101
1101001000
0010101011
1110100010
0001000100
0000001000
0111110010
0000001001
0001010001
0110111111
0010110110
1100001001
1101001100
1001001100
0010100011
0000000101
1010101111
1000001100
0001001000
1101010000
0100001101
1011100010
1101010001
1101010100
1000000101
1111101110
1011100010
1101010001
1000010101
1000011101
0010111011
1011100110
0001011000
1010110011
1110110010
0111101010
0011110010
1111101111
1010101010
0111110010
0000000001
1000000001
0011100010
1100010100
1111100111
1000010001
0100010001
0001010100
0100011001
1000011100
0000011100
1111101111
0011101111
1001010001
1101000001
1010110011
0001000001
1110100011
0111110010
1001011001
1110110011
0110110110
1000010001
0111110011
0111111111
0100001100
0101011100
1011101010
1001000001
0001001101
0000010000
1110110010
1111110110
0011110011
1100010000
0010110010
1001000100
0010110111
0100001101
0111100010
0101000001
0100001001
0010110010
0100010001
1011111010
0000011001
1001010101
1011101110
1101011001
0100011000
0010111010
1110101010
1011110111
0110111110
1100001100
1010101111
0011101111
1000010101
1110111111
0000011101
0011100011
1010100111
0111110010
1111111111
1100001101
0010101110
1011110010
1100000100
0010100011
0100000001
0000000100
0111110110
0100011100
1100001001
0010101011
1100001001
1000010000
0111100111
0000001101
1010100011
1000010001
0100000001
1110110010
1000001101
1111111110
0000010101
1101011000
0100010100
0111111010
1100000001
1111100110
1101001000
1010101011
0100001100
1111110110
1001000000
0100010001
1011111110
0111100111
1110101111
1000000000
0111111011
0001011001
1011100111
0011100110
0110100011
1110111011
0001000100
0100011001
1110111110
1111101011
0010111110
1111100110
0110110110
0001001101
0001011100
1010100110
0101011001
0111111111
1001011001
0100001001
1111111111
1110110111
1000001001
0000010101
0100000100
1010100111
0010110010
1010111010
0011110010
1111101010
1010100011
0001011101
0101001001
1111100111
0001010001
1110101011
0000011000
1110101111
0001011000
1100010100
0010101011
0100011101
1110101010
0010100010
0100011000
1001010100
0111110010
1100001000
1101001100
1001011000
0110100110
0000000001
0000011101
0001010100
1011100010
1110110110
1110111111
0011100011
1001000000
1111111010
1010101011
1100001101
1110100111
0110100011
0101001100
0100000100
1100000001
1110100010
1001011000
0111110110
0111111110
1000000000
0110110110
1010100010
0010110010
1001001001
1010111011
1000011101
0010100010
0111110011
1010110111
0011111110
1001011100
0100010001
0111100110
0101000100
0010110111
0000010100
1110100011
0101010101
0010110011
1101001001
0110111010
0110101111
0010100011
0011101010
0001010001
0001000100
0110110111
1111110010
0000001101
0111101010
1001011101
1110110111
0011111011
1011101010
1110100010
0011101111
1011111111
0010101111
1100001100
1101010100
0001011100
0011111110
1101010001
0000001001
1000011000
1100011001
0110100011
0100010101
1100011100
0010100111
0111111111
1100001101
1100001001
1010111010
1111111010
1100001001
0101001000
1000001001
0000010100
0111100111
1111110110
1010111010
0001000101
0001000000
0100000101
0100000101
1011101010
1011100111
0100000101
1101011001
1101001000
0110110011
0110110011
1100010101
1100010101
0000011101
1110111011
0110110111
0101000101
0010111111
1111111111
1011111011
1010101111
1100011000
0001011001
1001011101
1100010101
0001010000
0100011000
0010110111
0100001100
0110101011
0101001000
1000001000
0011101111
0001011101
0101000100
1010110111
1001001101
1001010000
0001011101
0001010001
1011100110
0001001001
0000000000
0001010001
0110100110
1100011101
0011111010
0001001100
1011110111
1110100011
0110111011
0011100111
1000000000
0001001000
1111100111
1010111110
0110101111
0010110111
1111101011
1001010001
0100000001
0111100010
1001011101
1111101010
1110101110
0100001001
1000000101
0100011000
0110110111
0010101010
1001010000
1000011100
0011101010
0111111011
1111111110
0000000100
1011100111
0001001001
0111111010
1100011001
1100010001
0011101011
1001011000
1011111110
0000000000
0111110110
1001010101
1111110111
0011110111
1110100110
0110100011
1111111110
0010101011
0110110011
1101000000
0111100010
0010101111
1000000000
0001010000
0101010001
0110111111
0101001001
0101000101
1010111010
1000011100
0111100010
0101000101
0110110010
1001001100
1101010100
0110101011
0101011100
1011100111
0111101011
1101011001
1101011101
1000010000
0110110110
0001001100
0110100011
1001000100
0001011101
1000011000
1010110011
1010100010
1010100010
0001011101
0001000001
1000010001
1110100011
0100001001
0101000000
1001010101
0010111111
0011100011
0111110110
0001000000
0011111011
0000001000
0111101110
1010101010
0000001100
0110100011
0011110110
0010101110
0001011000
0011111111
1101001000
1111100111
0010101011
1010110010
1001000100
1100011101
1110110011
0101000001
0110111110
1100000100
1010110111
0001001101
0010110011
0010100110
1000001001
1110111111
1011111011
0001010100
0000001100
0010100110
1011111010
1001001101
0011110111
1010100110
0000011001
0011101011
1111110111
0111101010
0101001000
1010111110
0101010101
0000001001
0101010101
0111101111
1111111011
0110111111
1110100111
1110110110
1100011100
1000011101
1100001100
1111100110
0101000100
0011101011
1111101110
1001011001
1111100010
1110110011
1001010100
0000000101
0110110010
1100001101
0011101011
1110100010
0100001000
1010110111
1110110010
1111110011
0110110110
0001001001
0001011100
1010110011
0101011100
0101011100
1001010000
1101000000
0011111010
1101010000
0011101110
1110111111
0000010001
1111111011
1111100111
1010111011
1101010101
0011111011
0010100010
1100000100
1010111110
0001001100
0110101110
0010111110
1001011001
0010101111
0010100110
1001000100
1100011000
0100000001
1000000100
1110100010
1110110110
1101001100
0010100111
0100011100
1100010001
0100001000
0111100111
0011101111
1001000100
0000010001
1010111110
1001000100
0101010000
0100000001
0111110111
1001010101
1001001101
1000010000
1100010000
1110110111
1100000001
1110110011
1111101010
0100011001
0110110111
1000010000
0100000101
0011101011
0111101010
1011100110
0000000000
1111110111
1000010000
0111110110
1001011000
1011110110
0000000101
0110110010
0000011000
0111111110
0101001000
0111100010
0000001001
0001000101
0101000001
0101000000
0011100111
0011100011
0110100111
1011100010
0000001101
0100010101
0001010000
1110100011
0101010000
1001001101
0001011001
1010111111
0011111111
0101000101
0011100110
1100000100
0001001101
0110100111
0100010100
0100011001
1100011100
0101010100
0000000000
1100001101
0100000001
1100010000
1001010101
1110110010
0000011000
1111101111
0001011001
0101000101
1110100110
0111100110
0011111011
1100010001
0000000101
1000000001
1011100110
1110111110
0011111110
1010111011
1100010000
1110100111
0100011101
0000010000
0100000000
1011110110
0010100111
1010100110
0010101010
0101011000
1000010001
0100000100
1100000100
1101000101
0101000100
1111111111
1001000100
1101001000
0100010001
0010101011
0010101010
0111110110
1100000101
1101011000
0000011100
1110110011
1001000001
0011110011
0101000000
0000011101
1000010100
1011100010
1110111010
1000011101
1010100110
0100011000
1100010000
1110100010
0101001000
1010111111
0100010000
0011110111
0011111010
0000011000
0111111010
0001001101
1001011101
1111100010
0011111010
1001000100
1010101110
1100001100
0001000100
0000010000
0100001101
1011100010
1010100010
0110111111
0111110011
1100011100
0111100010
1111101011
0101001000
1111100010
0111101011
1000001001
0111110010
1110100010
1101010101
0110110010
1101001001
0000000000
0001001000
0011100011
1100010101
0100010000
0011110010
1010100010
0011100110
1101000001
1110110011
0011101010
0100010000
0000011101
1111101010
0001001001
0111101110
1011110011
1010110010
0011100110
1010110010
1010100110
1110111010
1010101111
1100010100
1001000100
0000001001
1001010100
1101010000
1011101111
1001010101
0011101010
0000000001
0011101010
1011101010
0101011100
1001011001
1010100011
0011100011
1010111111
0010100111
1011100010
1000000001
1000010100
0100010001
1010111010
1111100111
0011111111
0001010000
1100000101
1000001001
0110111011
1010111110
1011100110
1111110010
0111101111
0000011001
0000010000
0001000100
1000010001
0110111010
1100011100
0011111011
0110111011
1001000001
1110110010
1101011000
1001011100
1011100110
1110101010
1010110010
0001001100
1000011101
0010111111
1001011001
0001010001
0111110010
0000011100
1001011100
0011111110
1100011101
1011101010
1011101010
1010110011
1100010000
0010100111
1010101110
0000000101
1100011100
0000011100
0110111010
1010111011
0110101010
1101010101
0100001101
0000001001
0010101110
1100000101
0111100110
0111110110
1000010100
1111100111
1001010000
0010110011
0011110011
0101010001
1011100111
1110100111
0100001101
1100000000
0101001100
0011111010
0100011101
1000010101
0001001101
1111111110
1101011101
0111101010
0101000100
0101010101
1110101110
1110110110
0110101110
0111111010
1011111110
0011110111
0110111111
1101011100
0001010000
1011100011
1101010000
0011110110
0000011101
0001011001
1101001000
0000000100
0111110111
1010110011
1001010001
1110111010
0110110011
1101000100
0011101111
0001001000
1010111110
1001010101
0010110010
1000001101
1100011101
1001011101
0011110011
0110110111
0010111110
0110110011
1010110111
1000001001
1101010100
0011110110
1001011000
1010101110
1000010100
0000010101
1111110110
1100011000
0100000000
1001001101
0111110111
0110111011
0010110111
1110100010
0110101010
0010100110
0010100110
0000001101
0010100010
0110101111
0111101110
0100000100
0000001101
1001000001
1100001101
0011111110
0010111010
0010101011
1110110011
0100010101
0011101110
1111101110
1110111011
1101010001
1100000000
1100000001
1101011001
1000001001
1000000100
0101001101
0010111110
0000001101
1000011100
0111101010
1000001001
0001000100
1100000000
0110110110
0000011001
0100001000
0101001001
0000001100
0111110111
0001001001
0010101011
0110111010
0011110111
1101011001
1010100110
0010101011
1101010000
0110111111
0000011001
0000001001
1110101111
0100000001
0101000100
1011100111
1110111011
1001010000
0010111111
1010110011
1101001001
1101011001
1010111111
0001001001
1100001000
1011110011
0001011101
0011110010
1010101010
1110110110
0111100111
0011101010
0000011000
1010100011
0100011000
1001000001
0111110110
0100000101
1010111111
0101010101
1111100011
1011100110
0000001100
1000011101
0001010001
1111111110
1100001100
1100011000
1100001100
1100011100
0001000001
1111101111
0100010000
1110110011
1110111111
1100011101
0111111010
0001001100
0011100010
1011100110
0010101011
1101001100
0101000100
0100010000
1001001000
1110100011
0100000000
0011110111
0010100110
1001011100
1100011000
1101000101
1011110010
0110110011
1000011000
0010101010
0111110111
0101010100
0010101010
0100000000
1001001001
0010101011
1000011000
1101001101
1110110110
0100010101
1011111111
1100010001
1110111110
0001000001
1100010001
0000001101
0111111111
1010100011
0100011000
0110101011
0111100111
1111100110
1011101110
0011110111
1001001001
0000001001
0000010101
1111111011
0011101110
1101001001
1111111111
1110100110
0101011100
0001011001
1111111011
0110110010
1100000001
0111111010
1111111111
0011111010
1101000001
1101010000
1010101010
0010111110
1010101110
1101000000
1001011100
1010110011
0000000100
1111111111
0101011000
0101010100
1000010001
0000011000
0000000101
0001000101
0110110111
1100001001
1111111110
0110110111
0001001000
1001010001
1011110110
0011100011
0110100010
0101011000
1001000001
1010100111
0001010101
1011101110
0101011101
0110101010
1111100110
0010100111
1100001000
0110100111
0110101111
0101011001
1111111111
1100011101
1100001001
1110100110
0100010101
1011100010
0001001000
0010101111
0000001001
0001001100
1010100111
0011110011
1110111110
1111101010
1010111110
1110111010
1011110010
0010110110
0010111011
1100010101
0100011001
0111110110
1010100110
1000010001
1101011101
0110101110
0111110111
0111111111
1111110010
1101010000
0111100111
0110101111
0101000000
0110110011
0100011100
0110111010
1001001000
1010111111
1111111111
0000000001
0010111111
1001001000
1011110111
0101001100
0101001001
0010100011
1101011001
1001001100
0010110110
0011110011
1111111010
1001011101
0110110111
0101011000
0101011100
0101010100
1011111011
1011101110
1000010001
1000000000
0010101010
1000000101
1010101010
1111111110
1110101111
1100001001
1110111111
0100011100
1000011101
0011100111
1010110011
0111100111
1011101110
1100001101
1001010101
0001001101
1101011101
1011100011
1001000100
1000001000
1111100010
1101001001
1010100010
1110101110
0111110011
1000001001
0001010101
1001001000
1010100011
0011100011
0011100110
1000011000
0111110111
0011100111
0101001001
1010110011
0011110011
1101011100
0001000100
1111101011
1001001101
0110100110
1011110011
0000000100
1001000001
0011110010
1001000100
1001000001
1110110110
1100011101
1000011101
0111110011
0101010101
0001001000
0110100011
1000000000
1101001101
1110111111
0101010001
1111110011
1100000000
0000011000
0110110011
1110100110
1110111111
1101011101
1001001100
1101001100
0001000000
0000001101
1011100110
1000001001
0110101110
0011100010
1011100110
1011100010
1101000100
1010100011
0001010100
0101011000
1110111010
0001001101
1111110011
0101000100
1101010101
1011100111
1001010101
0100011001
0010101110
1010110010
1011100010
1011101110
0000000100
0101011001
1101010101
0000001100
1000000001
0101010000
0000010101
1100010000
0100000000
1001001001
0100000101
1001001101
1011110011
1000011000
0000001100
1001010100
1000001101
0001001100
1110110111
0100010100
1010100010
1001011001
0100000101
1001001101
1011101110
0000001000
0001011101
0111110111
0100000100
1010111111
0000010000
0011110110
1100000001
1010111011
0011101110
0100001000
0100011100
0111100111
1001000000
1000011100
1010101111
0100011001
0010100110
1101001000
0111110010
0000010101
1111101011
1101000101
0000001100
1110100011
1100011001
0110110110
1111110110
1001000101
0101000100
1110111111
1111111010
0111101111
0000010001
0010100110
0100000000
1011111010
1111110010
1101010100
1000011101
0100010000
1001001001
0101011100
0001000101
0111101110
0111101111
0010111011
0011101111
0001001001
0100001101
1001001100
0010111011
0011110010
1011101011
1001001101
1001010101
1001001101
1000000101
1100010101
0011111111
1100011001
0100000101
1100001101
0001010101
0110100111
0010100111
0001001001
0001011000
1110101011
1010110011
1000001101
0100000101
0011111110
0001011100
0001001000
0000001101
1110110011
0000010100
0110110011
1001001100
0011101010
1000010101
1000011101
1101011000
0000010000
1110110110
0011101110
1110110111
0110100010
0100011101
1011110110
0011110111
1011100111
0100010101
1100000101
0110101011
1001011100
1101011000
1101001101
0101001000
0001011100
1011110011
0111110010
1101011001
1111100010
1011111010
1101000100
0110111011
0010100010
1101000001
1011110010
1100001001
1111100011
0011110111
1011100011
1000001001
1011100111
0110100111
0011110110
0111110010
0011100011
0111100111
0110110111
0110101010
0001001100
1010101111
1111100011
1110100011
1000000101
1001010100
1111101010
1100001101
1101001100
1100000100
0101010001
1000011101
1000001000
1100010001
0111100010
0101011101
1011110011
0101010100
1101000101
0001000001
0000011100
0000010101
0100000000
1011100110
1101001101
1101000100
0100000100
0110110111
1000001001
1010111010
0111100010
0110111010
0011110111
0100000001
0001001001
0001001000
0100000001
1000010100
0011100111
0100001000
1000000101
0111100110
0001001000
1101001100
0000011000
1000010100
0100010000
0111101111
1000001000
1110111011
0101001100
1101011001
0010101110
1010110011
0001011000
0000000000
0100001001
1001010000
0011101111
0000010001
0100000100
0111100010
0111100011
1111110011
1010100111
0101001001
0101010001
0011101110
1000010100
0010100110
1001011001
1000010001
0101001001
0110101111
1100010100
0001000100
0101001101
0000000101
1100011001
0011101010
0100001001
1000011100
1001010101
1100001100
0001000000
1100010001
1010111011
1110110011
1011101010
0101001100
0010100011
1100000100
1101001101
0100010001
0001011101
1100000100
1011111011
0101011000
1010111011
0001000001
1111110010
0111101110
0100000100
0011111111
1000011100
1110111011
1111110010
1100001000
0101010001
1010111111
1001010101
0100001101
0101000000
1111110010
0101001001
1000000000
0000000001
0011111110
0101001100
1110100010
1000010000
0001010101
0011111110
1000011000
1111100110
0111110011
0111101010
0010101110
0101001001
0011101011
0010110110
0011111111
1011111110
0011110010
0001000000
1111111011
0010100010
0001000100
0111110111
1100011100
0010110011
0011101010
1101010101
0010101010
1101010001
0111100111
0011100111
0101010101
0101001101
0100001000
1001010001
0010111010
1010110111
0010110011
1110100111
1100011101
1010101011
1111111110
1100000001
1000010001
0001011001
1101001101
0111101010
1001001101
0101011000
1011111111
1111100111
1000001100
1011110010
0111111111
1101010100
1010110010
1010101011
0011101110
0001001101
0001011101
1100001100
0111100010
1100000101
1101010100
1111100011
0000010001
0111101111
1110110111
0100011001
0000011100
0010111110
1011110010
0100010000
0010110010
0010110111
1100011000
0101010000
1001000001
0001010000
1111101110
1110111111
0010111111
1001001000
0000010100
0011111010
0001001001
1010101010
0010111010
1001000101
1011101010
0011110110
0101011100
0010100111
0101000101
0111110011
1100010100
1110100011
0001010100
0101011101
1001000001
1000010000
0101011100
0010101111
0110110011
0001010000
1100010000
1010101010
1110110010
0001000001
0000001101
0011100110
1010111011
1001001000
0100011100
0010100110
1011101110
1011111011
0001011101
1010101111
1100011100
1011100011
0010101111
1100011100
0101000000
1011100010
1010101010
0010101011
0000011001
1001010000
1010110010
0111100010
0110101111
1111101110
1000001001
0010100110
1000001000
1011110110
1111100010
1010110111
1111100111
0001011001
0101000001
0000011101
1000001101
0011101111
1011100111
0100001000
1111101010
1011111110
1101000101
0100011000
1000010001
0000000000
0100001001
0110111110
0011111110
0101000001
0110110011
1001011000
1001000100
0001000000
0010110011
1011110110
1111110110
0000011100
0100001000
0111110111
0101011101
0010101110
1111100110
1101011101
0110100111
1010110010
0011100111
0010101011
1110110111
0010110111
1100000101
0101011101
1000001100
0100001101
1011101110
1111101010
1111101010
1111111110
1010110011
1011101010
0100000001
1011101111
0111110110
1010110111
0111101010
1001000100
1110101010
0110111010
0011111011
0011110011
0010101110
0010100110
0010101110
1100001100
1101010001
0001000101
1011100011
1111101110
0000000100
1000001100
1001001101
0000000100
0010101110
1101011100
0000011100
0100011101
1101000100
1111110111
0111101011
0000000001
0001001001
0000011101
0111101011
1100011101
1101011000
1110101010
0110101011
0010110110
1000010101
0111101011
1111101010
1101000001
0001011001
0011100110
1100000001
0100000100
0011100011
1001000001
0001000001
0000011101
0001011001
1000000000
0100011000
0000011101
1110111010
1010101111
1110100110
0110110111
0001010001
1100010000
1101001101
1000010101
1010111111
0011111110
0110110111
0011110010
1110100011
1000010100
0101011001
1001011001
1110101010
0011110010
0001001100
1101000000
1101000101
1010100110
1100010101
1011110010
1011100110
1011101110
0000001100
0101001101
1100001100
1010110110
0111111110
0000000100
0001001000
1110101011
0101010101
0101011000
1000001100
1001001101
1111101111
0101010101
1111111011
0010110110
1001001001
1011100111
0000010101
1010111111
1101000100
0110100111
0110100111
1001010100
0001000001
1111100110
1011111011
1101010100
1110111110
1111101111
1011101110
1111101110
1001000001
1100011101
1111111111
1011110011
0110110111
1100000000
0110100110
0110100110
1010110111
0000010101
0101000000
0100010101
1001010100
1101000101
0110100111
1001000000
1110110010
1000001100
0101011000
0011110010
0010100110
1011101110
0101011000
0111110011
0010110010
0110100011
0011100110
1010100111
1101001100
1011100111
1000010100
0111101111
1001001001
1011100011
1100010101
1100001101
1010110110
0111101011
0110110010
1101010001
0011110110
0010110010
0010110010
1001000001
0111101110
1100010000
1010100110
1111110110
1101011000
1011110011
0001000001
0100010101
1110110110
1101010000
1110100111
0111101111
1111100010
1111100011
0000001101
0011101111
0111101011
1001000001
0010111010
0110110111
0100001001
1010111111
1110110110
0010100110
0000011001
1010100110
0011100111
1101000100
1010110011
0010101110
1001001000
1001011100
1100010001
0110101111
1101010000
1110110110
1000011101
1101000000
1010110010
1111111110
1000001000
0000000000
1100011101
0110100011
1101000001
1011101110
0000010001
0001011100
1100010101
0001011101
0111110010
1000000001
0101010101
1101010101
0010100110
0000011101
1000000100
0001011000
1101001001
1101001100
0001010100
1100010101
0100011101
0101001101
0011110011
0111110110
1001011101
0110100011
1100011100
1111100111
0000000101
1111101111
0010111010
1001010100
1001011100
0111100010
1101001100
1010111111
1000010000
1011101111
1110111010
1111101010
1100001001
1110100010
0001001000
0010100110
0001010101
0111111010
0000001101
0110110111
0111100010
1001011101
1011111011
0100000101
1000010101
1010101010
1100010001
1001010100
1111111011
0111110111
0101011001
1110101010
1010110010
0101001000
1000011001
1101000101
1110100111
0111101110
1011100111
0101010001
0101011101
1001011100
0100001001
1001000101
0011100111
0000010001
0100000100
1001011001
1101000100
0101010000
1100000101
1001011000
0011100010
0001001101
1001000000
0001010100
0111110110
0010110011
0110101011
1010101010
1011110011
1010100010
0110111011
1000000101
1110110011
1110101111
1011110111
1100000001
0001011001
0101010001
1110110110
1001001000
1010100111
0010101110
1010111110
0011101110
1101011001
0110110011
0100001001
1110100010
1000001101
1000001000
1001000000
0101001000
1001001001
1010110011
0000000000
1010100010
0100000000
0111100011
1101000001
1100001101
0011101010
1101001001
1111110010
1010110111
1101001100
0101000001
1101001000
0000011001
1000000100
0111100011
0100010101
1001001000
1100011100
1001011001
1101011001
1001011000
1100001001
0011111111
1110110111
1110100110
1011101010
0101011000
0000010100
1111100011
0111100110
0011100111
0011101110
0011111111
0001010101
0001001100
1011110010
0110101111
0011100011
0011101011
1111111010
0001010001
0011110011
0000001101
0010111110
0111110111
1101000101
0111110011
0010101110
1101001101
1100001000
0001001100
0101001000
1010110011
1110110110
0101010001
0110100010
0100001000
0111110110
1110100110
1001001100
0011111110
1101010001
0101011101
1001001000
1000011001
0010100011
1010111010
1011101011
0111100111
0101000100
0101000101
1110101110
1111101010
1000010100
1100001101
1000011101
0000000000
1010111110
0101011000
0100000001
0000001001
1100010101
1111100010
1110100011
0111101110
0110100111
1001000101
1001001001
1001010101
1001011100
0110101110
1000000101
0110101010
0001000001
0101010101
1011111010
1001010101
1001011000
1001001001
0001010000
0010111011
1100011100
0100001001
1000011001
1011100011
0100010101
0100010100
1011111010
0011100110
1110100011
1001000000
1110111011
1111101011
1111110111
0010101110
1110101110
1110100111
0101001000
0110111010
1001011000
0100011000
1010100110
1001010100
1100000001
1110110011
0010110011
0100011000
1011100010
0001000100
0111101111
0010110110
1001010001
1101011000
0101000101
0000000001
1110100111
0100000000
0101011100
0010100011
0101010001
1001001000
1110100110
1010100010
1100010001
0110100010
0001000000
0111111011
1100011001
1111110111
1011101111
0000000101
0010111010
1001000101
0101011000
1111100010
0100010101
1110101010
1111100011
0111101111
0101000100
0100010100
1101000101
0001001100
1111111010
1111100111
1010110011
0000000001
1011101011
0101010001
0111100111
1010111010
0100010101
0010111010
1011111010
0111111011
0110110011
1111101110
0001011000
0000001101
1100001000
1010111110
1001000001
1111111010
1110111011
0100000101
1001011100
1110110010
0111111110
0000000001
1010101011
1011100011
0011111111
1000001101
1001011001
0011101011
1110110111
0110111110
0100011100
1011110111
1010111110
0001001101
0000000100
1011110111
0110100011
0110100111
1010101111
1001001101
0111101010
1110111011
1110100111
0000000001
0111100110
1110110010
1001000100
1110100011
1001000101
1111101011
1000000001
0000001101
0010100110
1100011000
0111111011
0001000101
