827 172
844 610 72
547 685 949
780 290 133
902 140 672
452 485 346
112 750 638
829 946 475
940 327 408
591 196 654
769 651 358
251 145 106
216 174 583
629 954 128
158 495 435
239 36 634
154 14 990
496 598 578
162 43 959
390 715 590
762 632 65
729 729 546
414 641 409
18 754 389
674 442 472
898 371 400
351 1 603
79 226 636
465 541 505
804 860 659
262 846 196
728 976 233
128 230 811
649 885 483
741 935 669
721 450 455
998 951 162
145 495 646
814 681 46
708 103 695
949 477 783
759 544 909
502 929 321
231 246 531
213 897 479
962 412 229
540 341 324
874 292 818
358 865 65
559 776 41
69 42 329
556 536 121
920 495 803
68 174 317
73 253 151
685 832 591
326 87 796
924 358 987
173 261 969
418 548 262
924 811 345
31 305 400
208 757 596
582 992 647
566 529 379
921 550 861
433 468 835
86 876 404
643 185 853
457 79 225
701 967 572
171 509 622
323 697 264
226 714 875
116 515 474
514 4 663
823 35 960
835 787 578
203 518 883
308 348 462
240 612 206
657 407 919
345 349 577
464 814 696
404 189 943
9 664 600
141 133 883
766 999 36
342 939 370
705 510 13
251 445 620
853 30 668
333 673 115
422 50 556
156 80 873
4 441 224
234 387 972
397 267 871
645 501 421
474 751 397
693 707 265
996 588 699
278 528 614
168 613 80
279 189 330
312 145 176
219 265 832
731 707 390
582 389 299
152 487 910
404 170 159
830 638 445
542 758 84
54 291 556
990 643 366
548 822 722
53 74 179
162 664 121
2 776 717
912 871 67
36 247 752
553 428 974
443 808 916
22 666 53
795 174 494
168 729 736
722 829 988
505 924 549
804 228 879
76 766 408
835 641 893
165 339 536
116 683 670
59 350 988
455 693 214
453 118 278
711 657 277
426 550 949
315 153 739
885 340 256
475 181 630
831 313 249
518 602 512
958 865 680
850 527 908
550 349 961
157 629 25
231 879 400
947 383 233
383 837 722
128 886 11
960 961 399
768 290 368
324 575 110
732 878 714
479 335 977
398 314 251
829 709 770
592 526 11
821 655 613
962 917 715
462 607 528
202 408 218
760 361 119
9 563 285
557 21 20
850 13 523
553 120 527
485 251 113
647 719 769
60 21 43
797 654 390
453 613 595
914 367 683
337 740 942
558 646 38
683 463 460
706 500 941
381 937 688
521 505 720
206 362 17
94 359 194
367 32 807
512 931 445
312 132 473
490 383 286
878 39 325
863 158 824
551 862 536
757 503 268
272 795 912
457 116 473
910 853 952
91 740 319
795 594 804
650 375 706
107 171 333
714 514 996
254 576 694
52 323 203
736 93 671
439 550 188
271 836 904
141 217 583
908 388 682
72 219 189
285 290 50
149 323 22
514 335 22
913 384 848
342 153 989
571 788 116
215 477 313
105 526 314
264 381 688
342 359 751
214 589 395
980 948 253
73 460 357
774 77 739
333 97 351
289 61 822
873 322 43
739 219 255
223 388 855
627 799 70
509 535 331
627 759 679
314 417 262
219 668 555
876 310 717
303 760 842
560 966 549
410 2 783
707 47 523
228 853 11
433 595 529
337 692 438
339 883 531
555 810 683
893 917 729
651 17 498
864 492 519
243 953 643
397 439 219
903 403 704
658 733 6
749 333 900
905 262 142
801 583 763
798 228 234
805 94 713
688 251 959
8 313 582
283 605 386
933 938 945
869 107 431
727 319 212
920 600 440
779 241 168
86 495 160
166 979 178
218 168 210
1000 270 365
206 758 685
441 731 152
305 604 123
146 874 659
483 216 90
758 563 102
922 352 977
681 98 178
374 859 622
736 224 307
44 195 334
347 311 85
480 545 454
48 4 494
493 864 530
42 123 364
89 846 571
577 335 520
716 159 821
323 320 626
96 676 321
546 322 486
807 755 927
182 531 190
537 640 880
422 692 153
468 548 162
11 3 556
216 780 620
365 103 695
954 141 580
377 997 883
721 85 519
963 770 521
247 669 792
23 353 974
882 525 588
765 727 925
714 680 276
774 340 189
508 521 772
185 972 908
464 4 731
586 94 507
584 978 114
445 555 124
802 783 50
47 635 96
918 989 873
197 108 205
763 110 165
552 756 126
798 836 43
791 24 261
988 973 185
359 901 102
17 389 786
769 926 925
489 699 441
66 327 867
439 97 369
223 785 588
644 645 188
250 765 852
105 772 153
384 54 682
47 729 219
68 489 892
742 161 463
352 144 508
548 219 373
394 166 587
72 965 634
573 717 716
230 977 525
41 30 684
861 849 920
717 144 248
408 448 944
731 740 926
377 923 728
707 359 936
563 135 202
996 649 166
697 84 551
704 484 619
50 777 864
831 728 338
15 585 485
446 998 985
704 326 822
848 572 53
659 428 399
813 960 616
606 680 400
41 671 224
654 546 141
24 495 905
120 760 307
120 338 173
999 437 819
351 758 778
806 825 915
597 202 12
392 441 587
668 259 364
814 441 892
951 880 912
432 593 375
56 105 852
335 941 836
966 462 848
921 713 904
277 270 99
285 380 405
575 46 89
313 531 460
244 397 56
265 793 925
830 29 57
179 821 82
743 163 484
872 748 959
101 594 979
109 55 863
614 796 395
234 959 410
952 66 192
721 231 122
284 525 856
634 483 928
443 117 74
118 943 609
936 953 991
626 882 782
664 856 776
478 124 900
534 55 570
118 405 304
580 546 967
144 951 327
622 576 47
879 502 196
256 490 414
486 942 450
139 955 694
712 724 148
258 246 191
798 273 186
323 763 165
202 172 911
180 251 323
339 999 792
643 629 182
777 421 406
426 281 300
147 969 47
826 109 86
78 713 561
246 870 67
769 860 64
418 801 766
654 289 402
805 457 369
330 585 824
597 362 419
920 639 271
50 966 472
658 150 943
820 192 776
808 427 290
568 550 266
534 709 864
832 316 937
600 577 186
354 190 78
89 138 533
523 549 871
316 312 921
388 710 888
961 223 650
709 230 89
532 531 966
881 298 304
625 265 783
202 637 271
580 201 283
750 34 408
239 50 33
505 652 768
933 470 886
179 35 57
94 24 8
132 929 235
578 138 417
959 934 908
387 298 136
93 440 719
990 359 100
451 598 299
50 40 642
405 70 357
27 701 785
131 324 768
984 858 707
917 645 938
331 568 413
875 324 394
384 885 849
183 509 288
713 670 755
166 576 829
297 932 435
203 799 588
127 932 682
302 378 953
684 578 560
149 650 464
479 704 556
209 900 776
568 731 580
915 776 785
652 999 607
728 106 634
512 155 105
514 575 607
289 302 598
16 364 163
538 51 346
664 827 762
286 66 959
507 599 961
288 929 488
585 313 873
248 834 845
726 746 937
504 302 902
341 484 619
559 514 669
579 443 521
989 432 991
230 553 856
432 408 651
814 354 661
686 240 405
108 933 111
139 273 852
434 795 892
108 11 10
138 364 544
636 259 979
547 463 683
895 971 489
113 41 289
213 362 694
259 42 479
976 21 115
482 43 779
600 502 448
728 827 700
629 898 669
551 363 508
575 65 871
435 841 611
770 457 638
361 722 925
565 371 294
216 482 37
117 433 563
104 919 395
876 535 907
898 172 843
423 410 117
952 379 512
784 238 943
766 175 264
624 659 152
688 512 945
609 729 954
109 830 964
314 659 861
907 715 31
19 273 655
717 843 248
586 26 94
650 759 904
166 441 666
38 987 783
645 358 398
190 251 798
1000 64 816
448 868 153
982 625 249
176 297 997
137 218 877
585 12 119
435 480 574
795 983 375
636 638 429
777 171 293
351 268 394
206 288 298
435 240 573
841 14 521
959 763 813
653 651 358
593 358 169
133 436 935
216 309 237
63 536 474
735 428 135
208 202 790
965 177 937
688 887 493
130 922 992
62 137 634
987 376 733
230 603 479
370 531 844
505 829 690
703 223 19
397 65 216
162 430 700
926 214 625
509 167 998
237 708 414
628 15 760
223 329 983
744 383 342
889 859 297
308 453 480
954 318 552
487 798 41
760 799 280
171 876 573
71 593 217
996 491 479
886 647 444
11 290 656
115 923 208
85 119 899
98 422 866
511 83 744
209 120 163
285 128 926
751 977 507
947 391 998
654 232 494
866 230 749
701 580 5
846 449 402
610 249 672
614 111 641
648 652 954
693 272 230
508 273 588
392 965 132
702 652 454
425 831 447
237 295 962
571 324 849
50 707 435
118 687 146
58 193 742
44 47 322
117 258 374
700 235 171
348 573 509
102 715 1
962 33 753
727 601 877
401 146 613
103 160 170
496 216 273
673 477 470
466 838 988
714 165 461
146 752 152
693 159 402
181 752 694
45 643 567
544 554 923
108 977 422
987 373 10
147 846 912
821 956 338
337 844 933
713 678 235
497 137 444
961 578 605
783 387 77
241 198 857
731 337 364
47 657 203
48 341 608
280 182 311
934 56 348
974 627 651
790 957 77
288 722 605
685 610 589
625 88 525
420 699 694
494 940 261
582 408 466
473 985 704
787 602 898
450 918 640
940 154 989
624 612 484
664 754 99
68 290 697
830 183 850
598 461 447
466 925 663
3 876 407
412 229 720
766 698 986
695 476 289
198 996 877
663 53 45
864 829 907
614 898 455
77 238 954
736 510 729
710 371 3
500 981 747
447 92 532
821 71 471
281 953 319
529 26 581
532 401 183
57 224 666
644 364 73
850 776 693
618 414 569
587 168 404
917 422 470
479 722 59
282 263 928
396 558 918
945 510 7
692 888 33
538 772 87
100 618 725
279 814 667
371 476 670
570 579 239
411 10 602
122 541 801
982 135 595
449 563 594
450 952 759
690 428 665
223 900 719
352 656 871
290 249 982
737 844 138
809 841 148
828 75 675
362 854 340
968 972 386
38 195 730
575 841 109
579 741 328
233 485 652
986 665 393
141 754 135
661 831 175
621 184 979
740 62 538
857 201 266
193 249 281
14 469 290
74 329 117
663 88 873
383 333 787
660 388 462
20 631 921
409 3 122
608 111 748
442 629 80
214 85 217
964 387 738
459 315 355
287 674 686
936 905 676
779 235 248
610 924 798
191 993 232
208 368 922
585 588 502
931 661 354
386 717 765
932 447 404
761 402 350
162 578 343
530 772 574
994 325 795
119 190 241
212 357 275
360 264 96
579 173 373
686 685 408
531 227 317
430 281 604
225 854 405
603 918 373
975 446 1
339 975 424
511 100 666
263 309 777
601 420 272
132 18 590
839 575 29
534 124 461
488 268 311
999 708 994
947 913 230
684 567 883
767 62 566
721 740 358
911 35 838
645 414 901
610 530 393
63 699 711
563 718 955
538 85 522
382 662 160
679 264 847
28 700 41
105 253 14
864 186 888
46 893 459
178 343 566
388 226 17
867 773 522
633 90 421
737 806 683
607 212 781
829 223 305
926 463 618
162 349 960
972 952 42
672 647 910
858 693 507
42 236 999
48 207 652
91 125 925
427 364 213
463 93 541
421 428 650
673 671 472
741 115 610
280 704 958
360 609 590
871 599 457
120 374 600
436 929 904
299 136 858
104 825 34
334 985 568
847 54 445
793 341
465 19
543 483
453 68
392 96
545 791
344 45
195 685
654 291
65 663
99 354
745 139
784 81
275 377
706 452
590 131
491 142
149 686
192 700
775 244
438 244
265 25
271 578
259 432
563 1
65 269
705 722
176 172
689 557
22 676
490 247
34 344
693 575
56 155
321 160
779 734
408 509
216 314
522 390
273 694
549 220
782 366
328 252
487 401
745 689
246 387
24 184
765 448
500 693
723 30
405 824
507 681
729 269
814 154
386 460
653 210
167 701
525 735
205 502
319 287
277 563
274 72
674 418
241 93
749 501
388 278
65 258
677 362
681 96
702 595
720 103
591 459
134 632
815 288
558 665
18 187
814 176
2 627
198 379
793 480
164 49
789 676
118 252
783 463
347 462
32 538
595 269
598 119
69 314
709 224
520 678
504 310
558 786
819 444
104 301
220 650
754 280
758 226
122 309
546 373
694 34
55 176
430 305
583 561
95 70
87 752
763 359
159 62
678 48
170 591
174 302
137 634
651 589
489 217
614 452
146 233
696 689
638 798
778 193
478 118
49 624
382 558
797 782
305 680
624 186
379 320
577 709
682 629
146 810
77 587
747 529
645 148
429 174
53 5
108 590
162 160
771 365
52 68
90 627
574 464
364 716
609 698
721 749
85 368
569 587
28 723
121 158
226 493
321 85
88 493
550 589
146 224
820 250
92 29
494 2
151 731
441 489
188 117
726 688
154 736
184 536
404 328
603 387
92 453
540 618
667 390
151 255
307 617
319 370
710 728
370 753
555 182
