540 985
595 499 118
277 165 413
966 145 656
337 157 566
555 358 878
129 168 984
764 869 343
366 480 670
641 77 102
214 854 98
392 132 368
212 433 376
61 864 947
264 497 444
955 102 578
852 695 152
834 680 911
567 224 547
857 1 671
957 443 863
230 698 860
159 350 386
723 131 232
407 472 447
564 666 22
295 691 670
431 216 237
27 864 850
916 44 32
92 912 450
109 880 616
279 7 234
623 371 723
542 524 883
26 991 969
909 656 288
158 797 589
991 451 547
991 933 41
522 902 936
978 747 774
553 12 504
808 62 650
209 562 393
131 627 827
927 17 228
760 546 507
872 937 887
388 23 924
8 929 412
129 836 647
360 989 338
307 373 72
874 168 843
86 796 668
191 482 31
171 767 982
3 475 711
516 943 310
807 272 460
988 242 547
792 838 417
34 460 268
142 53 798
703 418 241
72 744 495
855 455 687
166 218 845
189 490 796
319 779 667
610 592 520
53 172 476
607 598 78
374 527 500
217 459 697
300 178 684
325 556 602
23 374 930
421 607 81
82 115 48
106 68 898
204 591 827
834 865 107
280 760 832
228 845 235
935 437 35
842 952 669
708 308 184
262 522 190
921 215 302
481 9 267
265 297 72
336 494 31
582 576 374
384 290 763
379 684 556
363 702 727
221 559 210
204 1 273
262 941 580
440 302 972
826 806 306
413 949 683
46 410 723
704 72 982
861 557 430
818 161 4
685 203 929
436 155 466
338 902 606
802 790 651
698 670 603
356 328 296
306 673 329
707 192 667
711 282 344
241 108 335
855 375 857
533 766 850
384 158 604
422 363 30
697 984 683
606 197 572
961 82 895
512 593 35
102 727 594
661 379 256
551 674 588
76 441 6
595 179 178
921 670 159
692 800 117
32 984 604
366 854 463
401 652 594
853 888 476
550 169 614
774 512 406
763 226 659
261 12 753
734 848 938
56 627 561
648 48 945
449 184 384
675 529 511
746 263 701
332 242 447
628 942 818
35 857 739
545 349 165
377 567 244
787 425 682
841 386 359
492 717 623
987 475 202
416 155 887
885 882 575
472 962 539
115 430 920
969 649 55
417 282 484
845 155 833
102 972 626
952 227 104
35 536 460
373 555 515
125 54 462
26 135 231
248 391 951
834 191 813
765 838 975
530 110 19
829 324 490
431 228 18
574 580 892
502 499 192
670 553 286
676 777 647
870 286 16
567 41 607
833 501 415
869 455 968
157 513 297
811 660 66
929 256 975
993 207 664
601 203 435
645 76 250
526 920 187
405 994 603
481 915 213
121 920 572
506 97 867
40 752 95
708 189 985
842 871 926
739 735 844
630 67 324
473 849 334
806 590 140
494 972 168
800 851 601
743 115 983
926 391 311
872 894 594
649 738 217
788 35 523
465 78 330
221 896 901
40 471 608
424 820 836
425 613 365
163 198 788
387 526 424
321 166 323
610 951 61
334 372 632
896 852 792
310 126 833
472 542 16
915 174 375
419 445 314
176 955 86
135 871 371
687 830 978
717 184 202
194 201 516
395 274 237
928 467 645
154 256 172
46 855 714
328 670 748
632 231 953
320 570 509
592 19 883
649 721 581
360 63 379
381 604 510
163 219 998
739 18 478
240 948 468
823 178 278
506 644 598
688 256 270
18 942 600
203 128 471
118 693 57
383 42 801
998 278 282
265 494 446
701 299 91
385 408 15
197 849 252
221 541 694
118 908 35
172 566 340
553 218 41
133 413 28
584 606 835
522 374 655
8 558 230
447 328 618
914 72 250
8 925 621
887 1000 490
339 134 830
3 949 411
713 531 366
211 21 660
859 42 610
66 62 277
867 413 405
536 511 59
808 337 635
300 303 603
494 61 673
388 772 813
222 344 572
179 183 475
810 902 424
995 726 163
469 364 83
187 66 186
737 490 585
547 995 329
336 393 161
717 128 76
271 342 600
558 692 833
335 174 116
30 246 38
303 707 828
117 656 655
919 982 574
215 434 734
918 141 258
602 656 980
511 927 838
501 697 111
504 741 273
683 690 29
939 124 220
441 955 481
665 825 93
324 48 811
731 60 606
407 363 396
611 969 695
331 985 627
843 259 552
752 682 666
20 506 929
724 613 165
875 958 422
546 187 748
782 997 973
989 587 599
422 466 450
20 438 714
608 214 109
824 988 457
420 147 90
909 488 854
306 511 146
422 887 776
914 127 41
597 703 583
11 157 808
401 557 438
6 891 595
72 248 136
37 360 766
863 733 958
854 26 628
936 794 448
861 717 8
412 280 323
601 444 640
257 906 818
957 558 230
286 83 408
794 946 98
821 104 653
820 406 293
33 450 527
451 789 399
912 351 755
227 695 979
939 857 452
933 726 145
852 959 244
415 798 453
47 819 689
666 597 255
788 516 682
28 860 835
603 141 810
142 645 858
618 934 116
190 685 696
812 265 952
136 420 728
83 393 565
696 259 53
311 718 688
507 933 722
791 884 764
671 466 373
64 29 835
641 896 960
460 268 484
582 634 144
870 252 142
660 334 41
747 680 172
50 346 91
666 789 665
197 424 862
335 621 86
605 722 732
837 293 770
759 191 703
531 466 770
541 343 400
417 103 913
747 907 650
579 770 602
868 689 174
757 769 196
157 327 377
208 631 981
623 582 611
876 124 466
299 529 642
918 644 783
961 678 535
180 6 274
82 20 983
199 656 733
656 654 669
225 433 667
259 791 893
312 455 459
109 840 701
745 643 4
696 894 464
633 899 135
334 175 651
824 726 524
570 367 555
495 501 166
221 725 918
100 312 224
308 764 866
75 710 172
473 184 492
784 506 514
830 37 355
434 827 247
234 302 108
555 243 750
621 405 134
526 531 739
583 846 168
592 60 21
505 714 266
938 385 36
521 609 3
197 236 836
68 55 690
791 782 9
335 307 558
438 659 468
863 428 794
851 805 533
370 701 115
817 257 802
542 498 284
143 759 695
977 412 501
666 342 54
848 466 207
438 935 177
148 265 19
279 705 294
818 925 564
803 422 971
411 496 499
819 115 987
772 91 402
842 902 455
366 524 355
285 988 32
625 183 786
740 8 148
700 216 864
528 3 680
689 807 361
133 896 542
551 61 921
98 696 198
536 511 323
247 790 18
476 8 946
351 35 493
509 244 612
887 165 20
966 731 932
702 660 664
382 91 335
725 990 579
673 529 249
160 852 609
369 490 217
70 196 377
969 805 603
142 520 653
515 651 861
964 463 398
419 506 124
82 939 180
507 78 456
26 939 332
505 194 117
91 474 675
878 502 588
282 552 2
952 569 193
148 456 179
347 385 894
377 434 436
979 136 849
211 978 137
917 514 698
432 193 455
24 709 216
172 74 742
310 193 949
587 984 407
967 984 199
878 966 279
985 80 232
276 351 51
777 231 912
819 984 853
21 861 81
326 299 997
597 784 148
778 381 252
286 581 587
524 147 133
770 923 159
822 601 477
525 749 203
946 891 437
938 360 297
14 287 118
302 961 172
41 259 597
986 114 189
261 419 998
159 551 538
782 518 398
926 77 532
617 842 516
214 298 64
601 861 352
345 835 81
950 151 536
785 410 60
7 972 175
112 735 996
851 750 54
781 569 63
362 875 447
46 292 329
953 658 712
882 349 664
767 212 598
350 369
84 537
245 531
272 515
292 85
373 393
355 517
181 306
501 75
513 392
537 107
128 223
513 410
31 245
182 233
416 172
226 228
483 259
235 400
39 161
129 234
298 153
199 534
456 529
238 345
501 95
249 343
164 91
436 458
337 190
433 389
395 28
342 253
326 151
249 396
275 366
122 497
83 436
4 149
208 190
216 445
480 460
233 22
8 224
75 264
458 454
93 435
355 286
538 249
182 309
175 510
39 273
455 98
441 464
234 275
113 310
151 248
60 439
90 151
384 257
150 532
348 356
124 112
48 223
11 195
118 410
253 422
504 382
533 122
287 439
143 379
249 331
201 505
372 501
498 443
461 107
146 63
230 436
320 359
508 518
527 115
506 57
336 13
148 342
154 24
529 209
257 293
286 159
196 305
216 333
151 480
166 48
218 408
432 110
256 144
357 335
300 530
6 334
379 361
429 4
136 520
523 84
139 25
83 110
491 186
528 231
416 248
251 503
134 487
27 363
340 76
458 75
289 247
423 297
134 464
526 316
391 502
482 490
337 512
500 134
31 62
537 535
454 138
224 368
502 540
289 266
48 361
255 201
19 438
184 538
2 346
288 86
73 75
301 82
144 93
289 169
458 436
62 154
55 171
297 459
467 4
68 359
489 221
305 437
252 279
357 418
214 537
537 287
412 153
372 500
391 328
55 302
314 261
391 275
361 29
203 265
96 334
420 538
342 147
519 279
222 314
338 372
442 43
375 69
479 202
471 325
162 441
453 138
446 91
453 2
255 382
213 489
101 510
411 252
99 352
249 223
529 264
132 212
282 363
293 38
98 158
195 264
253 240
355 215
54 328
367 387
262 397
143 275
198 37
339 488
392 371
339 442
319 412
173 191
34 381
388 390
234 195
39 309
225 494
441 167
491 163
212 279
332 363
490 511
424 105
83 350
94 36
278 31
158 402
432 392
15 382
178 83
477 139
411 52
320 2
444 17
476 489
323 505
367 282
245 502
74 168
315 447
352 279
517 94
505 511
286 71
256 353
277 283
381 105
472 330
520 481
355 462
197 288
357 529
354 124
480 251
536 69
72 469
14 532
200 504
452 97
24 172
449 174
488 145
506 493
12 466
61 225
238 92
534 34
512 443
217 184
531 462
346 377
417 414
300 424
379 459
251 234
475 343
35 249
427 465
330 304
181 8
477 240
110 33
216 246
499 484
81 55
146 83
181 258
42 514
243 122
198 273
443 198
526 289
436 78
379 316
35 169
306 8
494 157
389 472
193 73
306 143
333 519
258 419
452 530
235 491
58 190
110 45
147 495
358 161
246 202
387 381
264 84
208 287
531 185
517 141
448 473
501 48
105 422
58 469
19 273
4 175
421 325
510 404
507 83
289 191
397 464
343 124
353 17
37 67
180 374
213 25
494 92
461 327
289 523
530 381
338 337
366 25
61 197
463 25
436 377
369 324
23 248
119 341
343 37
155 322
170 438
22 363
92 161
433 385
66 415
119 395
246 200
480 177
96 156
463 128
80 1
45 163
178 247
308 104
304 358
453 68
192 528
43 375
319 61
469 201
31 440
99 500
350 257
170 159
104 225
40 197
257 4
102 156
353 40
193 158
490 534
68 507
506 160
171 165
342 382
194 379
188 128
108 299
162 8
521 168
244 461
241 200
70 16
158 191
472 295
486 78
221 157
238 401
152 175
409 314
134 42
71 179
41 267
342 232
314 341
452 355
377 63
94 14
360 155
459 492
455 384
399 489
399 293
493 241
374 420
526 69
273 452
303 302
59 431
67 64
23 497
431 120
453 510
156 198
230 208
428 300
535 67
81 385
310 332
392 491
189 295
404 414
109 456
21 203
165 490
45 161
192 103
126 95
38 345
446 320
459 452
161 538
263 65
227 184
437 397
140 480
128 376
230 277
537 179
62 486
91 486
427 237
393 323
70 73
495 145
232 461
498 382
335 418
91 505
445 381
348 80
275 71
4 444
460 363
157 536
464 27
77 410
413 35
510 465
233 329
297 12
14 531
164 114
113 193
160 219
351 64
160 246
291 332
323 78
326 259
506 523
102 279
164 451
464 64
68 518
145 199
178 405
533 244
319 248
195 350
285 416
230 158
483 314
115 107
359 274
125 289
463 540
400 193
163 23
62 486
54 193
230 292
272 156
411 176
526 76
113 109
54 307
433 169
71 92
392 285
387 184
280 301
448 432
382 493
150 420
329 55
520 474
138 314
259 169
350 245
369 91
396 450
375 388
64 287
224 152
80 505
415 188
495 200
201 266
109 207
501 125
61 134
478 114
455 539
401 529
214 21
12 516
243 385
380 91
91 448
268 427
389 231
216 459
250 300
475 390
164 516
65 467
232 340
17 291
216 74
284 75
385 63
512 283
222 83
474 465
11 126
413 187
167 307
165 260
502 40
453 220
127 431
164 516
180 227
52 167
57 324
135 71
445 443
192 209
205 175
148 440
299 339
210 310
20 341
538 288
498 521
55 141
43 40
297 207
324 125
155 465
375 96
114 218
161 429
500 57
49 413
198 278
147 306
219 424
26 114
43 337
346 124
197 356
339 87
201 520
272 145
394 334
308 270
81 414
269 514
413 495
32 338
445 407
519 391
17 163
79 349
180 221
43 282
207 57
518 133
185 447
385 96
146 288
47 366
221 189
282 197
333 431
145 205
507 401
448 515
18 5
170 431
274 455
103 274
170 272
483 481
394 61
537 533
154 457
261 108
233 267
207 302
282 29
149 42
514 186
261 121
340 357
304 362
68 536
336 501
85 414
347 467
31 437
146 515
186 252
159 345
129 26
368 270
11 210
453 253
218 9
414 257
267 15
387 508
251 206
497 313
137 158
408 235
113 447
536 365
398 382
58 344
385 264
37 515
253 521
490 486
385 178
43 503
109 296
238 432
221 163
459 52
92 280
29 450
442 419
445 260
311 402
477 389
30 92
251 211
367 450
151 350
401 58
145 532
28 79
401 78
444 54
49 1
428 420
514 3
220 170
195 18
180 491
124 400
151 22
340 338
337 490
109 400
529 419
359 22
87 460
96 67
483 475
278 417
484 507
99 294
502 147
229 270
349 320
528 402
504 138
91 78
319 271
302 252
253 531
269 291
222 87
344 418
210 303
193 218
368 376
173 139
317 46
315 380
174 286
52 130
285 265
161 205
273 391
520 295
473 294
535 455
86 449
60 423
134 353
423 410
181 239
247 83
203 291
113 184
248 539
124 248
183 298
259 134
100 466
150 304
134 114
114 108
445 32
520 238
314 29
294 12
386 360
201 353
14 259
52 123
442 434
240 345
105 361
446 13
383 538
493 15
39 533
157 380
473 462
172 272
470 211
513 432
335 216
64 397
153 41
75 488
156 523
256 419
151 67
145 214
310 29
419 124
480 290
184 306
510 459
309 447
86 116
12 151
308 206
339 383
325 461
414 75
538 494
109 332
10 286
437 186
37 306
270 527
298 437
427 66
34 197
346 254
194 231
183 404
50 406
489 412
344 31
130 340
193 496
134 511
476 116
44 472
409 117
341 525
32 503
163 181
527 6
15 30
487 80
243 531
268 344
77 111
308 308
78 388
232 424
404 425
259 24
36 56
157 375
484 425
42 471
479 82
276 209
292 60
48 287
443 136
170 393
208 32
536 111
486 510
151 58
405 465
266 371
192 143
89 342
308 167
180 493
323 365
41 90
174 357
421 92
255 448
536 191
112 319
252 336
530 102
182 262
175 414
382 224
20 84
286 428
188 528
342 285
203 18
231 502
464 100
99 20
275 322
95 73
528 361
121 463
522 216
410 241
145 43
533 251
113 423
182 376
264 415
245 207
52 41
377 508
242 218
333 38
36 18
497 216
108 521
162 77
43 45
82 430
19 265
445 440
306 300
399 471
456 28
248 148
205 175
79 368
32 113
499 327
37 220
508 318
156 419
171 473
288 144
182 69
158 318
301 195
335 335
89 236
33 483
143 63
382 91
501 326
215 287
497 261
350 389
212 153
393 51
264 191
165 369
239 331
128 1
22 81
60 233
78 299
378 312
427 500
507 473
163 167
38 151
112 366
100 328
307 459
490 402
274 331
119 236
227 342
207 86
531 361
13 49
468 328
203 164
250 216
41 102
390 509
89 109
442 413
401 489
107 324
287 103
392 270
113 114
268 76
47 65
347 311
339 283
366 231
8 498
306 530
367 517
313 330
488 226
33 127
427 392
227 302
393 102
534 443
15 194
497 488
94 23
457 84
465 84
104 81
350 22
55 50
405 166
200 202
400 497
393 50
473 434
332 463
71 491
156 18
353 280
307 323
26 311
358 170
388 234
82 177
167 401
323 356
311 261
280 151
288 6
468 328
140 165
400 306
108 427
231 227
199 49
400 363
266 437
400 219
194 79
385 223
66 366
532 40
346 83
204 67
432 333
416 288
67 120
233 60
