965 334
335 815 565
270 626 750
601 420 63
763 50 785
764 257 888
891 156 89
823 755 877
693 648 359
210 789 521
81 626 486
945 678 839
718 677 103
968 633 773
516 263 111
927 204 540
203 195 79
360 726 918
300 939 162
184 251 999
616 93 12
299 434 552
654 305 553
531 41 855
400 680 652
2 343 659
832 862 274
21 91 871
871 931 366
716 715 133
783 551 150
272 112 902
66 317 478
221 200 959
707 857 708
729 284 30
20 541 556
235 620 558
591 473 741
39 984 879
929 585 475
761 288 321
852 564 223
496 46 939
908 978 829
198 403 439
461 237 4
813 712 49
235 988 516
660 990 289
986 36 819
867 160 581
999 137 776
852 536 426
975 708 628
419 567 988
799 405 397
439 81 52
4 162 502
929 816 210
68 921 868
540 385 20
757 211 754
734 468 838
197 170 160
279 560 930
529 677 807
888 839 690
186 865 721
806 69 260
790 210 287
919 927 158
651 482 754
108 58 10
129 490 134
368 561 436
512 295 764
960 204 666
424 464 272
188 334 811
136 365 459
596 509 59
130 58 890
183 368 14
269 116 406
649 4 740
611 179 293
467 575 749
492 890 473
872 386 501
939 11 248
357 265 193
856 902 21
776 28 682
205 340 189
221 787 698
206 271 804
629 646 805
779 300 745
152 163 138
312 556 432
125 772 850
70 272 847
527 384 313
507 19 715
867 993 835
681 597 348
680 806 81
371 661 862
854 994 852
701 870 338
26 382 265
652 142 565
769 722 151
812 556 535
219 505 245
297 432 878
842 174 767
577 911 468
956 154 778
952 631 728
629 832 238
203 520 929
505 707 908
994 476 40
137 638 625
368 856 182
507 188 978
877 20 779
743 954 80
334 336 602
56 978 374
307 400 937
280 354 393
722 441 789
672 548 728
538 797 150
166 127 781
115 452 504
488 446 138
356 659 210
56 527 135
333 785 434
961 776 291
135 896 288
9 389 330
832 546 234
359 365 143
796 980 705
392 175 298
169 487 994
612 255 555
722 669 176
823 381 7
742 129 448
605 447 483
922 962 421
309 558 400
669 313 173
698 696 246
890 610 868
814 516 572
235 432 888
904 203 351
868 636 37
808 325 144
39 504 362
345 466 651
927 199 460
646 179 206
479 255 890
616 136 936
171 873 456
351 363 634
447 560 472
32 228 98
535 82 358
286 255 166
447 180 124
964 212 837
221 681 94
634 757 949
67 219 974
261 78 673
386 571 139
597 384 385
780 366 805
698 942 359
352 841 796
638 549 87
156 39 171
385 357 511
726 376 543
713 645 120
947 20 989
465 15 603
836 41 747
492 199 464
558 58 5
354 106 587
938 657 836
946 949 448
165 102 34
721 964 553
824 848 985
26 948 726
483 380 965
239 307 917
806 332 695
87 735 722
112 170 571
304 276 712
148 725 517
528 683 632
616 204 720
783 391 970
416 801 631
647 865 163
323 911 560
198 39 719
660 31 942
411 1 998
509 448 566
968 733 60
23 166 541
392 92 548
389 141 232
698 452 740
562 510 219
100 439 495
856 424 718
299 797 711
571 907 94
475 149 938
390 538 408
738 626 807
372 119 452
458 12 569
569 964 288
118 564 68
83 822 953
893 965 734
619 789 194
693 871 967
513 386 574
994 422 684
791 360 864
952 115 33
884 543 271
301 225 221
829 941 530
891 3 947
447 998 794
45 92 758
592 294 672
816 519 437
487 492 861
908 817 856
794 242 761
715 348 289
191 474 230
257 766 487
284 619 590
725 33 15
635 725 146
703 588 356
241 666 653
259 866 9
406 158 241
693 722 149
90 567 25
574 847 967
718 41 6
742 425 386
537 284 822
219 580 330
388 623 386
225 271 480
936 361 535
426 360 811
263 990 8
904 255 472
473 247 914
729 792 691
912 965 312
507 325 262
782 240 688
560 740 562
110 483 639
683 388 52
248 611 744
780 86 515
585 288 587
890 898 759
787 898 500
655 264 260
769 616 737
96 553 783
302 150 408
988 613 208
742 965 464
109 686 441
885 240 384
558 701 934
271 771 749
444 28 831
704 391 545
8 819 426
614 772 208
972 399 100
612 7 252
788 520 313
840 324 644
183 235 978
175 477 768
150 216 992
760 109 65
108 469 310
358 902 215
608 866 276
250 306 411
423 766 441
537 664 142
6 83 760
602 157 994
391 909 543
835 854 72
585 521 668
901 131 433
469 804 490
837 854 266
702 258 299
92 436 282
401 657 886
98 76 398
486 164 978
855 567 399
462 644 548
994 822 729
398 717 446
862 546 40
899 797 480
649 976 975
462 939 612
407 252 58
666 541 461
904 720 61
100 114 545
557 820 11
939 322 967
120 593 820
552 451 914
429 41 81
600 286 494
28 938 474
816 441 818
649 891 915
456 215 112
838 765 954
283 21 417
327 118 676
582 870 133
535 323 281
688 801 210
697 340 454
185 473 954
145 885 457
271 134 178
493 778 850
668 907 745
366 914 161
868 225 358
868 344 258
574 937 749
185 534 505
153 775 107
61 979 122
33 62 336
970 327 911
602 55 806
473 276 968
477 422 456
397 584 983
753 198 908
54 905 602
332 676 99
553 743 156
626 154 736
206 121 470
709 486 809
731 321 51
670 186 594
832 706 730
796 437 704
147 660 447
298 379 677
492 260 188
854 304 135
603 578 267
671 995 534
417 93 88
343 993 246
453 314 734
690 863 962
640 830 975
838 116 722
460 848 568
51 974 7
648 139 716
261 517 516
991 914 344
136 285 839
243 980 248
644 920 945
748 539 624
594 60 890
533 856 525
165 737 257
737 313 317
932 445 259
866 311 468
799 76 914
691 281 961
345 418 48
615 885 713
565 867 92
761 409 467
773 406 28
181 693 428
391 646 428
991 387 596
712 641 23
299 321 544
894 740 212
566 710 425
456 71 970
219 740 150
26 501 223
784 806 150
622 327 830
802 522 649
45 842 760
703 185 823
959 206 549
931 117 185
271 345 666
453 138 807
451 987 453
339 464 18
730 547 631
459 304 844
127 851 545
116 597 500
517 472 723
76 878 822
276 685 977
932 177 163
947 248 520
945 554 749
823 676 408
709 917 383
236 177 258
357 216 978
273 178 756
260 93 547
529 814 586
336 167 411
159 721 487
436 331 783
154 852 493
583 112 914
946 11 650
435 826 976
785 173 508
584 644 205
86 177 182
914 837 501
742 855 91
896 749 221
828 173 884
231 640 122
523 620 917
455 898 441
426 747 44
76 164 22
391 90 252
56 430 170
527 377 335
559 278 671
702 426 580
460 992 238
498 949 32
730 246 883
421 763 391
710 306 375
915 365 173
971 769 463
192 822 568
262 899 11
670 766 640
91 994 82
270 225 538
224 311 493
301 952 698
409 963 89
849 567 160
84 292 656
189 719 60
438 390 835
305 92 797
286 237 921
342 849 495
497 833 179
408 739 611
725 225 412
525 620 219
930 35 931
398 834 222
222 67 275
787 280 570
289 194 301
484 603 560
265 586 453
525 439 580
886 727 602
531 315 85
832 440 482
636 842 922
544 70 574
156 828 950
325 444 130
397 325 118
897 41 144
735 861 528
891 570 13
417 840 886
918 211 580
542 278 292
106 32 498
28 310 247
57 447 915
465 567 655
253 249 251
487 456 86
545 937 103
466 889 345
190 396 45
912 857 87
567 674 194
881 945 952
494 580 947
815 905 864
17 967 62
799 146 405
592 536 570
825 836 85
408 624 900
284 329 155
629 738 332
110 970 443
660 363 663
188 921 277
183 529 198
517 711 279
76 920 712
532 455 822
24 193 876
341 74 543
249 316 194
351 772 113
914 696 83
116 352 365
123 601 189
165 872 841
711 721 804
113 160 970
152 122 5
976 140 960
264 444 597
292 519 6
178 58 539
400 854 323
321 329 817
771 748 603
63 420 609
894 735 49
417 410 109
236 651 273
361 450 455
506 741 929
484 800 499
569 435 153
13 320 410
24 563 916
243 363 465
373 266 693
206 407 370
629 775 357
552 357 929
153 246 652
658 725 938
508 313 438
405 725 201
563 84 480
906 778 386
861 984 948
572 950 738
372 867 9
52 115 742
786 718 391
38 111 523
688 880 762
347 65 822
251 153 909
782 411 61
719 793 570
611 777 110
753 322 550
605 281 855
280 116 842
631 579 437
445 856 272
342 635 945
867 647 723
277 117 480
960 148 19
993 904 138
669 304 791
343 311 486
938 973 555
402 12 621
318 493 189
666 527 20
926 179 963
497 350 846
107 266 911
640 620 137
617 726 62
66 455 111
38 928 758
975 365 849
529 814 134
157 191 263
564 67 706
514 185 51
522 970 688
77 345 936
924 585 965
814 518 893
505 940 668
947 187 414
916 135 991
860 349 829
627 145 855
57 378 901
54 782 449
451 315 856
805 740 818
1 874 978
261 408 725
429 591 885
540 905 58
390 568 726
610 766 298
695 544 800
947 44 704
88 11 281
516 907 723
524 286 938
354 74 849
739 644 378
865 600 310
537 183 694
395 413 702
246 203 34
64 520 279
312 953 915
686 498 419
766 411 272
337 523 452
431 908 54
301 724 409
555 275 876
65 125 49
815 736 575
838 848 262
415 29 863
337 894 892
744 512 850
485 57 650
300 425 975
765 538 856
858 400 534
649 180 986
301 793 886
263 569 916
795 914 551
365 427 86
682 236 338
524 110 954
94 953 821
367 324 109
174 925 900
988 1 211
240 320 693
786 57 470
298 939 794
237 599 528
763 506 197
590 104 454
474 17 159
462 335 888
158 82 970
925 938 879
461 342 737
982 877 47
25 186 228
13 318 637
31 380 880
948 209 282
666 262 382
107 701 114
801 499 587
262 623 518
565 280 185
116 765 577
438 277 940
125 782 945
350 988 104
995 537 12
173 465 433
901 995 486
791 195 587
688 981 672
675 123 884
616 37 451
814 507 174
198 500 774
120 144 945
873 529 244
390 915 393
2 140 986
224 444 181
827 470 96
755 72 456
825 415 901
706 934 915
122 151 385
24 845 387
760 978 797
554 360 623
511 438 237
963 213 877
788 111 762
536 786 741
887 925 729
430 217 814
970 693 425
353 678 809
522 678 675
566 487 195
814 700 946
547 3 407
798 90 870
93 6 27
342 60 756
715 460 290
115 291 265
690 541 482
845 53 590
249 801 751
23 469 310
814 196 520
483 583 558
216 915 376
473 726 652
959 711 129
129 609 300
41 689 188
96 44 183
574 696 492
16 300 413
854 832 492
123 197 461
635 635 438
25 815 306
298 533 86
320 614 289
397 578 470
293 210 817
278 163 867
88 719 58
133 881 185
332 902 633
915 633 99
31 52 306
842 425 941
287 345 80
781 298 206
471 836 714
436 448 288
337 53 950
811 702 722
244 475 683
716 701 145
439 703 18
482 702 202
647 17 732
784 214 379
110 578 666
322 194 707
885 482 33
674 299 71
852 404 189
509 956 863
591 639 688
400 114 377
123 790 675
189 60 188
514 410 972
667 339 408
67 302 937
309 460 268
198 363 980
722 308 232
295 70 111
333 355 269
761 336 283
398 981 474
429 20 676
161 253 528
995 742 920
181 267 128
545 570 63
480 527 172
818 427 197
841 638 516
432 374 782
407 869 874
549 950 265
137 949 704
79 897 105
109 390 88
35 739 8
501 983 517
268 530 77
511 756 625
267 306 456
796 385 614
817 963 388
171 263 281
683 599 940
87 637 628
303 216 897
903 201 923
532 610 987
597 119 978
286 276 14
626 794 365
91 414 400
439 128 424
615 542 904
111 891 225
255 611 289
492 22 323
725 710 568
511 276 148
303 366 459
476 472 433
926 283 826
486 505 336
363 286 722
495 300 151
956 511 88
875 639 228
529 983 395
61 546 821
640 983 966
34 121 961
168 872 84
726 512 574
756 910 605
507 415 284
429 207 312
977 223 922
638 584 770
339 931 865
27 10 422
694 811 766
138 529 574
136 60 964
301 110 273
495 516 545
446 366 37
384 462 848
964 378 760
569 513 983
981 200 417
728 606 914
405 467 701
454 642 376
191 455 375
567 561 677
778 207 71
948 163 632
102 875 143
403 755 110
631 716 314
764 390 911
953 282 343
888 954 879
300 785 388
422 936 592
858 279 926
14 923 846
136 401 848
586 33 803
498 55 723
665 465 172
754 45 965
86 606 893
41 428 157
153 595 857
159 17 438
237 64 308
73 188 922
650 581 661
105 20 922
676 125 558
154 657 899
876 52 919
188 114 763
661 260 266
581 960 476
450 653 248
433 307 985
862 923 476
500 397 279
277 269 870
789 60 774
489 51 779
182 923 672
952 71 443
97 987 825
444 720 516
893 22 784
819 131 117
578 605 605
480 11 366
105 444 700
434 883 62
417 922 65
180 354 853
485 445 301
669 399 276
209 422 48
609 653 834
160 720 695
15 48 848
526 583 785
478 649 576
995 63 269
602 87 537
842 331 478
291 238 534
528 235
70 798
719 664
743 367
65 823
232 614
582 193
247 374
705 888
148 918
636 415
57 919
303 299
365 251
543 679
587 324
130 80
214 810
86 429
784 255
333 46
469 345
32 126
722 198
292 648
279 616
270 13
746 705
196 422
338 574
423 677
415 934
498 97
559 11
341 272
902 665
116 261
940 869
286 289
599 610
961 475
839 815
888 13
448 297
30 138
381 659
895 182
866 414
177 298
309 703
260 634
656 347
18 229
146 217
300 959
705 525
140 236
332 616
113 21
325 345
675 901
461 65
89 730
643 208
879 390
741 947
832 878
87 334
128 745
114 810
557 703
660 693
392 468
536 636
867 255
642 8
333 837
27 88
217 75
930 407
865 418
589 452
750 223
423 168
208 397
183 232
934 888
241 537
273 156
795 135
719 736
796 182
216 557
893 800
32 5
169 314
80 885
583 713
618 177
961 258
303 954
617 730
619 215
957 302
585 387
378 705
877 512
502 147
457 283
153 723
954 698
11 21
892 499
764 682
438 166
749 738
646 621
920 93
320 426
614 124
311 642
173 929
635 444
590 515
961 672
212 508
482 593
910 888
821 852
179 132
16 903
163 584
938 159
102 784
654 430
514 456
709 549
333 721
528 960
59 439
357 136
851 745
785 625
67 111
759 444
758 710
898 555
564 55
72 376
560 338
110 121
640 386
716 676
946 302
304 532
869 652
685 48
25 820
616 613
585 14
77 484
625 251
46 375
908 815
561 523
134 925
686 215
449 159
753 142
152 676
374 928
515 560
408 462
492 314
98 113
42 563
173 945
498 319
939 587
366 778
834 67
548 37
621 479
890 878
433 149
353 643
112 663
449 770
645 270
963 761
332 155
403 349
871 897
762 264
817 729
454 175
92 810
767 53
647 787
918 607
134 864
943 862
731 249
937 773
356 740
806 562
891 380
338 301
348 99
368 135
482 943
432 947
497 176
671 862
145 72
729 441
6 303
923 894
719 679
408 801
245 433
402 366
486 564
345 690
14 939
462 879
123 506
682 772
912 714
576 680
12 559
780 506
481 480
611 389
949 235
304 467
663 490
331 723
914 46
102 934
398 154
627 147
819 404
627 875
62 854
693 831
845 714
560 850
570 366
395 164
292 369
859 380
373 230
22 891
129 706
192 127
817 717
917 278
830 381
944 190
381 926
578 745
145 751
104 457
578 139
802 172
668 376
70 619
274 620
591 911
392 962
166 418
492 753
535 58
657 908
182 906
334 574
786 63
223 896
72 310
106 325
375 44
236 620
70 112
728 812
919 138
124 297
564 270
381 757
580 853
486 522
774 785
299 717
367 113
179 818
344 101
467 501
687 326
455 138
731 359
281 59
246 290
63 864
558 615
585 245
50 448
778 824
551 87
796 493
122 610
267 409
562 351
714 446
364 482
67 467
330 465
135 575
511 962
695 91
561 922
5 840
676 790
80 513
824 267
617 655
575 115
303 219
440 247
561 36
566 385
282 609
720 166
639 348
737 188
