77
40 25 64956
34 20 541862
9 4 836201
17 15 809421
49 3 659178
58 9 855176
6 1 456269
15 11 812146
10 2 903070
50 15 982038
12 1 347420
59 18 56513
29 4 891754
11 3 439067
54 35 151175
13 2 571254
68 34 183360
3 1 607912
44 32 352740
60 27 890134
24 2 895225
39 29 51922
43 23 356141
19 17 42087
61 49 860111
30 10 765553
55 21 106751
38 17 605234
33 19 391331
75 21 127331
63 53 679452
76 17 562696
48 26 366329
23 2 43783
25 8 504810
45 13 87162
57 34 632055
73 64 55043
74 38 622322
27 23 455136
52 51 302762
70 54 602751
37 14 226977
62 14 242387
21 15 641856
14 3 771815
2 1 362314
66 36 358002
35 33 417935
18 12 772653
5 3 361442
36 11 654817
56 31 259212
46 12 356036
64 55 311362
31 1 562949
72 9 231637
67 3 997030
47 36 933737
51 14 631434
7 4 665832
65 23 265999
20 18 361783
8 6 89053
26 23 727977
53 3 460159
42 29 628531
71 64 731314
32 7 915809
16 10 188796
69 27 727431
22 8 601215
77 19 331385
28 6 128718
41 13 864063
4 3 483647
