1000
274 165 347303
356 299 375039
246 206 777805
756 591 331410
629 35 299179
997 259 373583
948 516 858122
290 32 997939
77 19 518320
779 688 540679
617 108 689677
249 13 393844
70 54 33017
519 446 346135
116 52 625566
545 41 568536
96 24 777586
829 297 292984
289 182 921385
440 191 416682
962 589 807400
503 369 953188
54 35 31292
226 210 456949
837 449 229068
463 80 259737
321 140 193420
110 17 150155
857 38 728052
539 227 986074
27 23 845809
847 337 961727
809 179 69594
25 8 609006
589 279 852069
785 509 476139
872 577 979547
97 78 362783
826 8 37321
268 92 550315
1000 864 728633
676 342 447356
908 78 787872
10 2 773536
225 31 231321
765 98 558872
487 33 137106
95 89 806254
201 2 364806
182 9 508808
687 498 575467
215 87 123710
58 9 417132
114 22 5481
540 65 772633
635 469 958332
331 286 911390
877 180 651288
770 142 31665
899 80 294362
973 376 591888
9 4 684152
481 430 352619
186 39 508108
514 176 376093
253 25 643951
341 74 523041
255 148 326474
29 4 133123
152 117 266601
297 100 79892
551 396 976529
275 235 210338
98 91 950612
871 238 294632
147 65 358242
206 27 270209
118 22 803874
926 350 29603
316 276 957441
988 440 514761
674 322 971915
536 396 359473
266 199 953784
419 407 646280
903 414 804616
330 50 580195
987 781 897042
99 6 211759
661 210 664856
223 160 794475
109 47 607392
129 119 458068
692 197 116799
18 12 520417
441 241 237687
277 95 476465
927 495 690627
184 58 466242
669 518 810031
132 118 628643
281 86 583981
666 105 226092
286 73 848806
427 293 524076
409 292 419470
108 86 269155
2 1 877307
691 106 209457
740 304 771127
653 193 570511
273 9 203475
947 768 589821
940 624 303935
459 54 199867
390 13 569112
295 176 839996
227 102 842305
898 723 297752
544 45 608757
454 128 618049
920 134 80348
531 361 919160
101 99 295004
914 303 698945
65 23 802929
911 686 900372
712 345 193600
43 23 984085
853 478 588904
783 519 84550
387 268 290843
348 173 62268
323 76 57644
288 274 181391
505 313 561192
918 754 343126
210 8 44714
922 427 141523
23 2 660394
513 178 123242
928 98 455958
358 303 914520
477 203 707364
381 352 646945
183 115 595750
256 66 394058
212 176 453663
559 344 456137
171 112 723029
542 520 947322
737 45 705703
343 46 87315
679 487 499425
584 103 312218
548 170 290382
894 182 639701
83 30 472525
437 421 959747
460 176 306215
599 528 366793
24 2 164256
863 291 151791
727 283 663756
364 302 979020
522 435 702948
301 207 476991
137 21 104025
658 64 293600
944 33 679016
878 16 811063
984 237 887727
66 36 780395
436 313 482815
841 4 747133
645 507 584946
322 119 597685
230 19 567295
476 205 192285
412 234 236875
326 189 290734
120 114 713090
82 65 532552
733 452 429223
140 95 525478
355 167 509352
64 55 542032
681 165 541110
292 23 652690
448 407 979
327 106 507950
836 797 102253
219 65 721550
318 215 998378
939 361 488956
311 241 583748
42 29 524181
160 139 389719
368 299 592955
943 499 31224
902 207 466891
891 140 545929
881 624 416911
774 569 274250
702 52 546036
833 806 396210
942 301 772222
854 664 548415
867 389 466234
216 113 985738
786 464 117364
403 395 17374
495 154 867179
504 281 835018
315 163 173762
855 801 744117
447 68 889592
367 84 744562
905 789 998746
329 209 980373
966 623 579448
142 128 310916
416 159 303189
309 258 286673
69 27 32610
960 317 592967
565 408 869870
996 361 720258
904 156 210007
139 97 198852
474 80 154820
527 285 689606
705 234 38294
204 105 948940
713 613 341979
190 185 422204
418 140 799749
714 272 336944
812 611 999003
596 468 971786
370 236 873135
954 469 87368
378 225 546640
808 623 875480
832 381 206912
199 101 162477
265 185 874601
424 246 440850
577 209 601995
217 165 726782
191 173 926969
189 182 781161
261 106 566917
300 224 695839
731 211 281977
819 179 128019
122 14 655111
333 319 304309
930 438 406467
835 321 437319
668 623 632656
520 98 356652
179 93 806488
798 439 182273
750 105 615553
747 399 660785
619 562 532764
361 193 431876
607 185 328671
313 98 816760
340 179 33045
640 112 858195
112 99 166356
238 119 413943
618 563 101232
270 268 135223
695 652 542382
89 22 234409
688 61 657083
582 81 582525
213 138 136094
320 67 155981
689 415 524204
6 1 327540
50 15 489403
725 718 369316
471 465 75416
709 485 232947
426 322 282365
912 430 150518
998 511 97981
352 53 178897
334 170 660866
71 64 845709
264 55 624377
552 156 81451
153 109 275660
784 107 308665
452 90 81233
464 328 614562
612 37 221441
585 195 652746
760 48 658155
144 14 225179
723 254 224617
789 304 845273
299 87 707668
229 51 135101
848 682 476916
524 203 640832
821 642 332218
509 239 570358
736 438 656050
925 903 746525
623 100 551475
449 285 148982
824 803 202905
462 101 690387
933 596 587252
248 70 193714
745 336 302274
287 60 4233
597 70 539995
604 255 759906
177 71 792492
146 57 85033
616 518 703206
752 582 359172
631 27 790199
414 289 468706
667 581 483002
895 106 976151
919 305 199659
642 56 487719
236 172 770845
591 471 141408
423 122 621295
4 3 763182
626 135 146940
558 303 682793
538 242 661074
47 36 855153
384 196 471142
553 36 725629
842 737 602501
500 206 198384
534 39 882510
574 193 789421
492 266 774367
572 192 839853
382 62 383053
258 8 940687
442 87 600792
888 395 916335
728 339 797277
828 580 689849
405 218 252750
868 357 930047
13 2 217696
975 933 685962
869 702 105091
648 194 899182
843 650 797271
296 230 471457
404 183 708445
490 386 105998
278 124 89388
467 408 624420
665 458 685989
399 248 305716
605 217 894696
169 38 182331
982 467 730952
672 506 176444
790 284 626685
634 74 31507
615 247 172377
200 90 775109
787 55 860286
435 389 261979
569 259 416269
915 596 143985
562 83 723041
652 162 451466
627 542 373182
498 134 402982
102 4 916228
977 455 41815
155 48 215785
614 350 734224
254 205 906085
136 98 357567
608 294 733743
625 448 176220
729 42 970537
337 38 622786
453 242 80151
79 27 601215
890 439 284886
73 64 968295
74 38 992075
677 643 80109
644 68 990169
107 95 892212
406 196 820695
347 152 758306
716 46 980737
14 3 551030
87 77 806317
621 79 402076
610 332 325761
980 859 499839
239 30 613668
175 172 816351
415 267 816306
242 62 689187
600 584 87284
84 56 773232
49 3 637903
897 306 968826
568 297 906811
11 3 836634
317 240 975863
788 552 429858
421 78 269500
483 361 476205
690 654 418479
231 198 192250
193 96 50842
910 438 306874
88 45 333789
205 189 256103
176 66 483809
556 379 257176
636 613 68878
457 68 991058
588 483 857406
163 104 510562
127 77 700785
566 16 685480
563 487 250370
164 37 826422
161 146 105497
391 302 675994
768 312 804451
797 214 183223
379 41 730431
143 36 213339
260 88 258170
839 500 707084
178 131 656190
983 132 900452
234 3 499974
609 44 139871
262 197 423445
117 70 489523
831 113 545576
721 273 248096
775 434 22057
170 150 345671
507 466 567589
715 108 251071
489 484 198144
541 402 200038
744 319 669032
533 248 120437
844 490 751943
546 134 188247
929 259 749757
133 13 70460
683 193 743309
611 268 530665
21 15 330518
581 558 489938
397 241 265926
859 43 690858
764 654 571978
291 54 232762
543 370 256393
233 97 372400
995 694 193809
60 27 866170
755 91 421137
570 259 473364
776 458 253258
900 533 692063
350 94 489088
641 441 301490
967 697 220853
794 205 602740
706 217 422359
422 132 394347
567 302 784505
303 184 832847
703 291 47104
386 17 883171
123 22 942879
150 105 422597
952 281 158533
845 46 662339
53 3 810196
518 212 929712
383 30 952086
717 329 4215
693 607 567403
100 30 881584
602 219 182726
865 819 8433
304 300 354137
601 499 418343
825 651 72526
793 59 951269
813 799 151032
711 354 381307
710 637 561097
651 132 535179
488 28 598981
408 1 461336
173 122 652854
438 103 1568
909 357 485026
965 801 505516
376 328 82298
772 2 20453
51 14 583124
811 726 47529
269 41 68123
211 20 824990
512 382 136902
75 21 414406
203 47 684358
530 411 479252
630 322 45700
3 1 660030
104 100 541770
257 17 525716
580 397 143488
646 241 701328
876 805 922331
810 346 303662
496 340 377809
698 346 84606
366 206 2576
654 394 429495
838 407 921455
425 126 303374
456 423 42533
32 7 788103
380 157 213241
499 482 397516
883 276 638585
896 811 420220
564 27 91311
792 283 1733
959 782 770065
138 111 535285
188 98 957688
285 117 843277
884 711 270419
243 4 592215
267 231 871645
917 546 299450
135 46 706764
360 148 10188
458 388 477708
232 182 527719
444 232 454443
468 71 172671
67 3 739286
680 63 663539
708 156 569476
174 133 975009
222 214 630001
767 559 266879
41 13 241230
126 70 42856
989 917 860215
972 456 246835
656 170 559333
805 582 628938
632 137 852069
849 754 501497
228 128 959112
593 68 45830
470 460 811357
955 947 89537
363 218 272284
827 234 621019
428 420 789732
19 17 699068
655 414 34152
759 59 704335
208 8 429541
858 489 652193
55 21 39511
92 3 255530
451 198 855084
814 265 686378
624 308 97401
411 404 815480
78 56 279083
657 606 533719
528 93 805249
771 406 955659
782 45 177721
128 20 338603
362 17 645064
450 338 12662
214 153 144206
628 552 938858
465 411 270601
807 779 210707
497 382 449737
866 507 14050
473 408 14564
525 17 999806
613 221 365610
662 264 363359
840 182 939100
660 299 330776
741 262 298904
510 49 464756
643 309 77592
371 173 728069
913 800 722076
395 87 610681
719 382 609125
76 17 361070
167 47 39332
650 349 787656
374 308 830834
353 181 179136
106 63 767105
157 105 768062
93 88 808787
369 320 709547
294 250 360554
801 396 757120
195 25 117759
306 228 607460
791 653 419574
992 332 735668
560 261 837458
57 34 606499
485 393 471333
880 463 645124
407 344 641483
561 363 868837
446 78 9304
633 229 821343
338 192 942415
166 129 572139
351 316 333973
479 179 684855
357 272 653733
202 134 84601
803 28 31684
431 122 814916
590 409 3960
493 152 909081
310 200 906421
15 11 952383
312 47 418520
985 661 744790
916 487 803928
592 373 1000
37 14 552121
502 122 653505
549 188 52802
647 343 379521
761 718 515890
704 473 142959
766 669 346799
393 50 171792
818 265 517311
696 175 358584
185 176 560186
722 714 442849
455 66 949055
529 3 450618
398 16 77607
742 457 283393
250 114 374199
284 250 430996
638 334 663770
659 377 532932
822 62 124366
874 828 762668
319 216 302621
298 231 661121
344 155 892303
245 152 463466
673 216 834270
115 79 479633
870 398 446058
675 658 335674
639 291 168366
979 272 77971
583 217 796275
486 478 960525
466 403 659587
103 68 564843
970 812 34145
754 216 276952
701 424 572023
134 71 152638
282 277 938512
934 316 183572
961 583 796039
720 283 567992
35 33 773823
815 553 815421
165 29 952853
938 514 198470
802 309 471891
433 251 265812
806 360 395239
480 107 520732
354 76 517075
26 23 859741
159 104 817317
726 698 207408
932 640 313386
131 34 897441
373 193 764383
746 148 908349
856 52 869928
91 29 400236
550 176 202757
34 20 117057
664 60 189569
817 663 272848
158 1 473324
781 125 752063
571 79 496268
272 144 907040
224 133 530320
862 787 598014
72 9 292933
149 141 656502
396 57 789452
931 47 68681
38 17 515916
820 168 502767
324 306 970212
429 172 677421
494 289 36516
336 50 744361
921 761 748028
52 51 207166
420 138 710004
575 278 299020
732 367 421726
991 319 173713
346 84 677321
259 96 742142
906 872 267320
937 685 537603
302 12 50259
594 177 954349
850 100 202331
748 699 414513
873 247 234851
796 573 119945
649 320 964670
516 476 42046
780 749 580596
48 26 527174
439 49 867833
800 650 155153
700 158 983519
39 29 75871
670 193 263690
283 18 363924
735 334 720932
145 58 648462
532 160 610323
61 49 685622
852 603 821864
5 3 450517
637 119 312730
889 34 685866
521 199 923442
923 645 534457
372 25 689223
168 2 810789
111 108 637997
885 85 838017
893 469 317354
314 47 131748
816 383 718121
511 293 28347
879 446 284019
375 261 863012
20 18 678746
56 31 78520
90 15 844087
247 53 873767
389 88 885463
30 10 325963
154 129 277810
573 290 358518
271 179 525853
699 141 111117
777 252 702208
8 6 534554
994 810 79945
263 145 792028
901 34 884642
795 705 333922
308 1 661729
244 18 502936
753 6 116351
85 18 614048
198 113 682956
734 652 907364
124 37 305889
59 18 613163
119 4 539989
887 11 847275
941 107 550580
860 559 989854
251 36 299180
434 230 88984
804 210 193866
81 72 758808
598 475 925797
678 314 870749
220 21 389593
392 379 348091
130 77 830968
576 511 88301
587 446 340859
963 726 338989
151 118 515519
197 175 384450
16 10 20910
31 1 417690
432 371 73018
12 1 745560
762 4 273810
400 270 813103
686 443 502606
586 263 551024
958 53 298605
935 73 437920
523 483 303170
339 142 129870
886 813 521386
45 13 606179
968 840 713473
180 77 221115
148 127 584790
94 45 7347
237 178 426204
749 30 199364
953 618 790626
949 193 219983
892 344 173445
478 405 913401
413 321 53476
484 48 645816
365 241 306452
469 418 486382
694 145 524821
537 13 565494
951 132 693573
936 332 856253
834 667 928660
578 490 868756
172 36 907640
620 179 564931
40 25 272866
882 482 492191
739 30 920048
763 315 906079
957 175 788196
305 207 589227
401 332 600661
445 41 125174
738 477 21796
332 79 477006
907 362 634098
875 780 203633
730 1 23312
17 15 94051
335 237 266679
293 107 826237
969 471 853114
606 346 317384
192 99 473720
924 229 637706
501 338 564566
33 19 93216
187 51 150060
443 232 46925
44 32 766783
707 113 394322
461 285 462896
86 57 825023
221 74 988850
547 189 306760
724 335 678529
235 6 836827
971 589 169810
526 493 45617
851 750 958853
945 547 959332
758 247 724834
80 70 30592
68 34 697347
36 11 798108
946 141 540366
385 208 607467
990 269 824679
517 209 762446
757 372 873187
22 8 403564
28 6 35263
830 159 225349
864 632 531026
307 244 427267
981 827 958528
345 337 493202
861 786 989873
207 52 871090
417 381 58497
671 574 183947
682 67 178105
974 375 68992
508 315 306367
121 37 251142
685 494 230089
113 80 263415
7 4 462103
62 14 617122
554 94 492450
218 206 100582
162 10 579919
950 859 571199
388 56 844585
557 29 1119
241 22 893454
978 72 522689
196 107 795944
209 21 70074
125 17 437152
280 10 43345
328 127 639438
663 370 653072
181 154 542963
325 195 638043
697 177 570410
279 163 136897
999 924 163484
579 395 169297
349 201 959924
956 63 596655
491 255 644498
773 209 682342
506 285 888516
535 451 560448
359 332 12210
472 450 822356
976 410 314072
482 77 415904
402 118 869497
276 162 299863
986 55 172306
394 365 364284
63 53 118990
684 462 616560
46 12 996216
751 368 172425
993 732 212597
799 407 43875
778 134 38195
342 172 504827
105 13 801693
964 173 821242
555 38 329105
252 216 156046
769 227 844563
194 128 676543
156 121 539075
743 79 273345
595 232 704140
622 206 500869
515 205 283487
377 249 934357
603 30 990048
240 228 956128
430 148 915038
823 366 272146
410 247 227081
475 4 400744
718 139 720287
846 606 103299
141 14 493480
