4396
3098 2392 562484
1048 755 372250
2073 1196 812710
1127 1062 947129
647 343 474455
2356 2345 170569
1966 673 709570
1584 532 847998
1257 671 153068
1645 146 36011
1054 190 265819
319 216 495571
428 420 412291
3498 958 446845
3943 1008 625921
1665 509 391942
1011 109 624267
1402 1001 105787
1780 1333 163624
1413 893 8679
464 328 451292
1727 1718 394410
2799 479 98343
314 47 914571
158 1 949679
1690 328 584783
442 87 323834
1112 551 603211
341 74 651104
2682 1770 733558
1914 791 533696
2069 1765 638466
651 132 851955
2337 46 152493
2833 573 526462
3512 2256 89491
1218 383 683404
696 175 611142
2699 855 219
4396 1190 931168
159 104 364789
120 114 927256
1719 1113 977506
735 334 722132
761 718 873372
575 278 518846
2957 1591 691139
4070 3316 227482
501 338 550802
3791 780 470999
557 29 63442
2930 1887 85604
1262 881 536333
2221 1016 658628
3900 573 712006
790 284 198245
4395 4342 682023
1042 650 256942
1551 824 167483
1889 975 619543
3465 484 19293
549 188 889853
243 4 995248
1952 315 959734
4291 2122 921169
2788 2196 809441
1276 843 587978
292 23 213378
2115 1020 492233
966 623 840525
4002 3699 763728
4352 1333 373377
2345 360 629229
1214 873 684023
3892 3308 194733
1697 1316 735547
3274 238 534925
1245 1045 465114
4107 2601 318129
189 182 960316
3441 400 861912
1397 162 930997
1492 830 728720
1361 958 333270
752 582 477414
578 490 832009
3902 2120 660449
3904 3398 368925
1072 642 571120
3380 2555 108254
1178 924 626208
880 463 867369
4051 939 794130
1616 1577 361726
492 266 990445
4134 1167 576343
4028 1581 490640
672 506 679352
3068 891 56459
1360 412 789960
1598 1413 247758
3896 2256 741343
1171 946 816673
824 803 65056
2028 771 472598
3734 1550 218953
2270 1004 229308
3846 3724 550600
525 17 192982
3144 2739 486417
3046 680 416204
2532 1228 864557
2888 2664 12703
604 255 814869
2592 37 18786
1594 1506 248447
1650 367 970600
2163 270 499064
744 319 396537
1440 1130 211507
1109 867 681161
2124 801 978593
4344 2261 328362
2849 2307 677953
605 217 731648
1408 1270 502650
2247 1770 421365
698 346 267623
220 21 590127
3993 774 953010
1880 1248 103807
1640 1520 50596
1676 1568 995356
2006 1327 50747
2908 2829 22799
2448 659 685629
263 145 919087
3936 1124 397453
2852 1060 251536
615 247 556860
4252 3553 305400
4377 774 154465
1390 744 618130
363 218 937772
419 407 861927
1330 1044 207863
1939 1396 258249
1005 999 182366
3605 3358 566481
1168 858 615121
3609 427 35020
3092 1236 332647
2151 1303 545522
2690 866 660661
2777 198 240408
1505 810 44448
2018 755 507942
3044 1342 909871
3907 318 880778
2634 2475 864037
2170 2130 38446
4275 2681 515853
1233 813 145704
2245 1345 564758
1319 896 81777
2209 2090 684129
3325 329 456857
71 64 867289
3995 2389 298297
1278 1001 99395
315 163 155112
2939 1437 92821
2498 2300 184562
1797 1014 768332
2143 1150 349573
27 23 421305
4204 4159 512110
792 283 246428
3259 783 306436
2242 358 889971
3248 176 444771
3035 2602 55636
1941 91 705052
3191 2183 131962
198 113 2987
688 61 477917
4 3 539818
742 457 330885
2943 453 169988
973 376 969631
224 133 430699
2580 576 919505
1100 1081 410574
2070 1573 816843
760 48 354053
1758 1111 690910
1248 588 195919
3238 671 927826
3064 1006 367935
3005 144 322226
2675 1250 249138
624 308 157419
1959 988 946500
3021 558 224342
1813 145 837508
1002 949 350545
3710 450 599781
2400 1514 87252
499 482 465526
969 471 15810
2015 1008 746132
1328 390 497087
650 349 381469
3959 988 903106
2459 1201 37737
4181 489 183339
3255 1285 263221
3102 2616 964886
2829 807 934880
3805 148 432112
820 168 746458
3737 3616 504585
3685 244 663897
2628 2479 522667
3132 167 172749
892 344 999595
805 582 271703
257 17 31293
3808 2721 266486
1246 307 115276
3573 1772 863554
950 859 457226
958 53 326620
3952 97 775109
180 77 425061
2425 293 31740
3285 2441 285678
326 189 716592
521 199 405168
2809 1042 951550
1225 496 857469
155 48 37739
313 98 371127
327 106 693121
269 41 556288
3221 252 98458
2024 1091 194993
3631 2008 46266
879 446 390415
1851 150 994210
336 50 312123
1082 610 970337
381 352 608040
517 209 675566
2003 288 482450
1182 294 485620
3905 770 674542
4371 1309 996717
1729 894 910620
4284 1044 42674
2396 1656 465956
926 350 532817
3219 1308 582048
4174 2486 886177
674 322 878710
2395 360 235986
2119 2051 757130
1715 726 613640
4274 1411 245105
931 47 212714
1884 1512 562344
176 66 495349
2241 1608 157446
1856 692 786775
2158 531 829743
4392 496 411257
1723 1681 810763
1311 123 47964
3182 1619 549750
329 209 458471
3114 1173 176185
2872 1999 551231
4213 3182 638009
3311 2808 938713
434 230 365295
2564 232 14284
2047 378 253720
1992 939 638827
2579 1910 960174
600 584 853521
4278 14 911958
105 13 679869
3069 379 464859
361 193 95841
916 487 499867
1822 1244 48629
172 36 75072
2261 1752 1809
4168 1770 225714
1156 242 566715
4273 3526 868300
4126 642 297918
182 9 398668
929 259 734588
3488 1841 758926
2882 293 10052
3336 805 657595
3089 519 115431
3662 3654 259070
4093 809 852424
3459 2639 972983
3755 2298 848371
3174 2791 135540
2705 942 475824
1111 915 90013
420 138 344791
2385 310 290670
1852 1207 230693
1139 108 265130
927 495 503440
859 43 575822
4222 3833 826328
4079 1084 414852
4147 1498 14303
2300 2076 693850
1222 313 799674
1740 66 288114
1724 491 656776
3348 275 165371
4249 4101 679810
1582 761 386400
2347 1523 665876
2173 247 31231
4385 1541 576620
2547 2229 903388
1370 901 183184
756 591 971543
2286 1086 51060
599 528 535771
3790 332 898764
288 274 742745
2279 1209 918111
1460 1382 353973
1901 919 662749
261 106 27326
1337 188 593458
2533 1742 118244
3556 3467 698075
2928 1941 769253
558 303 565560
4156 2099 465929
2763 687 200867
565 408 983759
2437 674 316929
3033 833 769447
1838 993 193430
2856 166 598049
520 98 43358
440 191 665062
1320 453 277273
545 41 544742
349 201 84326
2077 802 874705
2187 2058 606099
3644 1744 79050
2765 2738 540596
1313 450 920281
1887 1291 307890
3663 2405 90464
666 105 13414
1252 471 225296
1247 580 548903
593 68 441500
1151 457 120415
2055 730 338286
3958 3223 719269
1158 1083 497625
1279 521 2183
7 4 834640
559 344 71653
3246 1905 106261
576 511 987014
3364 1638 401715
1975 161 317797
734 652 181040
3487 103 934220
4124 160 955006
2036 1592 772324
3055 701 542577
421 78 564044
1701 264 559990
686 443 429672
1012 883 270145
3898 805 146300
2307 437 537223
845 46 871353
968 840 535150
3785 575 310678
3143 2115 664001
758 247 204579
2062 1494 941673
2358 1683 306138
3295 1175 83544
249 13 351608
1560 1210 840392
3468 2647 672907
580 397 815204
422 132 399179
1477 871 948805
3464 61 170989
2458 963 271199
3691 845 425910
1679 1155 912253
4127 92 543181
4295 2503 181674
2843 466 877333
325 195 986417
1912 1783 112761
1831 980 288904
1610 445 29513
334 170 296265
2326 1581 535300
2281 1181 691169
1009 142 680630
4199 3648 802252
713 613 971012
2297 2161 525825
4283 3849 123845
3475 1213 388201
1902 860 120403
1344 28 43862
3559 1723 49058
1825 856 820402
1398 69 418193
2728 2068 162486
3038 2953 676479
4303 862 442844
3420 3197 319968
1907 1694 397526
151 118 520144
2205 522 736000
1455 807 488870
118 22 23507
620 179 383053
1096 953 426844
2861 1736 878479
1207 860 351405
3152 628 691571
3566 1801 298643
2088 830 43337
2207 171 41352
2528 2109 581635
3390 1164 966057
3166 2081 468870
134 71 20650
4012 3173 807873
3212 1119 616136
252 216 165694
1578 135 687103
1068 273 589303
1739 116 612478
416 159 799658
4257 1250 241752
2387 1883 646191
2754 2399 101756
4304 1090 307722
1459 524 885031
88 45 1917
1153 315 766680
1890 8 857056
1703 117 265476
1414 1067 238003
3546 1113 392588
3260 2974 457586
3193 2930 381740
1174 72 579754
641 441 875317
1829 1423 590156
1559 437 892925
4307 3899 623743
1569 1525 711061
1129 1091 513083
205 189 238779
4290 2843 547348
3516 3461 480657
2824 1160 989203
310 200 717582
543 370 861707
4117 3043 106932
3962 1501 675754
2848 350 398402
2691 1926 253711
1466 518 876842
1427 562 614747
1285 807 134213
817 663 979147
656 170 531782
796 573 172741
45 13 270380
3545 310 955696
347 152 217020
410 247 286729
2130 856 806447
2377 2149 628596
2899 943 175464
914 303 982543
4102 1080 875944
3398 845 929165
3580 1670 239109
1530 668 998914
4255 3770 60888
1534 381 227770
1350 741 671543
2287 497 69263
1538 1461 893219
3163 2382 834235
18 12 528962
2271 1025 866218
1188 878 453007
2975 1 779732
212 176 331600
1644 705 235529
1682 622 506248
1270 319 310029
1354 779 24495
863 291 202919
4182 1892 968671
240 228 303669
3135 2949 969232
2689 1345 4162
1114 708 450502
1175 609 758042
3 1 668169
1162 758 888093
570 259 811414
2267 590 749459
3836 2814 167124
728 339 16319
1991 741 829065
550 176 67959
4162 3671 870606
505 313 509363
3013 2290 513600
743 79 301347
977 455 191545
2768 1639 564550
3798 908 322047
3061 2804 462648
2688 773 556026
2524 1478 15307
2924 1373 236204
3932 885 34266
3592 1613 718044
1663 586 114138
4350 188 195347
1848 1621 453234
2500 2288 724299
1596 912 732173
3974 1144 490597
731 211 119277
3966 591 192922
3107 2968 258178
3626 1316 477364
1074 868 778555
1846 1203 943358
2200 253 212828
3800 2580 540601
695 652 483793
1893 1455 591696
1147 197 689729
609 44 836686
2408 1326 101991
687 498 42191
1099 681 216733
131 34 604020
3133 190 947514
2023 1851 817243
3957 3124 124190
1163 174 762703
984 237 180299
955 947 443387
4188 1056 140855
3010 1114 221861
801 396 464607
2701 1143 515929
2083 1612 886045
1965 1750 795874
2671 1839 909117
2506 106 884993
1970 1336 97933
3147 2844 78487
2257 1493 780019
1503 403 61605
3604 840 634756
4098 607 708342
1542 1224 77521
985 661 916891
1872 1154 925380
812 611 43224
408 1 471020
2805 2658 15325
1617 1084 537302
1810 1070 898040
1721 1283 798941
2027 901 237320
514 176 943747
2179 615 892149
1547 345 963968
4061 1205 10910
2877 2859 149977
450 338 241619
3458 2166 265717
2879 2426 927109
727 283 965613
1672 1061 161018
1969 1507 26722
3500 2508 927685
2067 1684 398355
3810 1413 685174
4356 1337 889006
3281 381 560782
3723 604 500967
168 2 510582
2876 696 105224
3267 1640 354096
2041 1956 688392
1237 555 969997
3926 1349 151710
36 11 735713
1181 884 610199
1653 1544 997556
1415 371 946919
3387 860 244026
44 32 398908
1673 1661 899653
4190 3339 940953
2225 1111 146490
3548 3226 625762
1103 666 247297
66 36 195571
1375 165 27777
4302 3832 607286
840 182 738060
2161 416 110133
3020 1890 81366
122 14 419372
3627 1221 950188
583 217 916387
3058 2528 235747
1448 1136 807419
2893 2504 451598
359 332 618694
1291 719 533236
2640 1328 578524
800 650 808896
1018 492 289003
716 46 896379
723 254 20750
3702 2155 910648
2495 417 352353
2317 1839 466766
1834 1490 771796
1249 1147 292939
3373 1176 681983
2687 32 745639
2743 619 325429
63 53 775223
451 198 746588
964 173 445795
4157 2529 536316
720 283 844186
3590 1826 890901
1607 1280 912069
3054 3 348790
498 134 925881
1050 327 283019
2056 30 933168
2895 1695 966711
4069 2882 49466
3875 1377 474850
2122 799 27888
703 291 734933
2505 760 538026
2284 1691 276740
2753 2257 598385
217 165 789546
4317 2410 235255
323 76 699868
739 30 758214
1289 831 444502
2991 2688 324087
712 345 176219
2878 256 31588
4123 2807 187324
2139 86 316704
260 88 137398
2295 573 391717
810 346 349376
730 1 476813
3721 841 288933
876 805 858501
555 38 385360
1023 56 162879
1900 1554 734885
2252 1860 595240
3318 407 48856
1260 286 427866
2762 2001 241144
2831 1381 396818
3455 3034 279243
3467 2964 679076
612 37 123360
3229 2285 684845
2049 72 13537
2552 675 209098
250 114 121704
3954 3528 923143
2014 132 62227
3977 2335 619035
3382 2864 433627
108 86 540178
367 84 368673
2721 2608 760330
2945 1850 40074
2836 2615 206178
4114 712 328525
1142 910 376240
1173 82 985354
3621 1111 391922
1909 774 38046
772 2 712712
2197 191 335668
3634 656 93472
1395 64 413662
1756 229 218161
2319 1068 943332
883 276 928876
1787 1455 367516
1868 796 594159
1189 858 553978
992 332 593660
591 471 596074
584 103 299115
4339 412 592412
3513 1550 310747
2177 639 846815
3684 2963 715054
1494 1331 8434
1948 143 918198
3802 3574 48215
826 8 62186
3795 2123 473448
384 196 279262
348 173 798574
2333 507 853298
3095 2753 633328
3445 1479 137481
1769 1246 521673
851 750 22716
3239 2815 752573
3416 2621 875984
2983 2417 522253
690 654 853030
1735 1009 410761
3972 1225 99378
1387 215 331174
3146 2591 940974
2413 1619 426641
3338 1478 553488
178 131 753730
3029 1680 953145
3834 1596 321811
2946 2597 212591
1648 73 428947
2013 215 806093
418 140 528662
4373 703 188025
3729 966 743696
3047 2251 804119
33 19 810146
2915 1734 750460
3104 2842 159284
3741 3219 713830
1145 758 75076
3714 14 768682
1024 445 917822
1076 919 218541
2240 1020 823628
4066 838 732567
3051 2437 947567
2770 1319 174277
2330 1605 144015
2222 1069 471679
2556 1593 529167
979 272 380649
3824 401 990949
3588 2330 585085
444 232 411433
235 6 55160
1926 106 142379
2646 2588 546068
3946 3435 994634
1546 914 14903
1726 1279 179650
1956 136 247850
1781 213 336774
2655 2339 918284
165 29 15183
2914 522 35528
2065 1007 973299
3890 3183 951940
1265 1030 90745
1945 1155 699547
3264 2901 338028
171 112 257870
516 476 447086
4141 373 820022
460 176 506319
1321 306 391677
3864 2582 882270
993 732 72846
3194 2729 965248
1476 1434 156682
3112 2224 395454
1347 381 857853
1220 1058 898659
866 507 440272
1757 463 182087
3887 3380 823040
1940 1165 622566
1143 312 622671
3109 1833 775541
1865 1850 645433
3175 2344 604725
2355 2095 565993
2636 2634 518728
1464 616 999021
1238 1057 155012
2145 806 339559
959 782 280518
113 80 295558
2391 427 44552
2379 545 164981
1906 796 399734
333 319 63442
1064 607 221694
139 97 134370
1501 1434 492647
3156 2786 324803
1442 1305 198499
3772 828 504610
2617 591 385959
1342 764 741678
2299 1664 562874
3349 810 502732
3595 2848 244620
2363 1061 985996
616 518 456202
2885 223 772955
1410 826 137199
3149 1768 132795
1478 490 914397
3891 3760 236337
2118 114 316460
247 53 830269
1087 226 436674
114 22 149263
3370 2071 650340
2952 2059 267704
1060 29 958923
2661 403 304543
2859 611 247867
1967 1327 428789
4082 674 161040
1684 249 886123
2591 1695 624730
2911 2578 638178
2367 1022 301994
3969 1470 219875
3992 3348 740141
1226 133 996304
2806 2555 774265
1885 1673 867546
3227 1201 605990
903 414 435125
785 509 226591
2816 1969 181705
925 903 443640
1669 576 727659
1367 787 492482
4321 2959 199691
1849 749 544030
1790 754 852335
305 207 95182
374 308 314592
2453 1951 384594
3550 462 646754
2795 1472 681265
2388 2284 485738
2125 513 256662
368 299 869900
934 316 133149
2582 2077 935219
2678 432 305646
1032 191 492180
2814 1852 864458
2263 1781 994660
1088 835 315235
2708 2552 332425
2633 870 150641
2325 1801 438095
1149 220 932866
562 83 984221
3268 388 642641
2120 1595 96039
2720 1746 151835
2237 1048 445605
3217 2050 235502
75 21 759171
1915 356 340995
1623 1016 517914
3012 2504 349389
3759 3664 785247
3430 1875 748306
2364 2052 592218
2681 1033 856506
787 55 901082
3277 1150 3046
2530 2229 364520
446 78 449346
1227 283 409209
3262 361 874398
1339 487 90792
1913 1908 396473
1277 163 498979
1817 1117 118879
4234 1793 848100
4072 3707 358390
2230 469 384354
1383 227 100691
3597 506 815113
901 34 33938
3250 1720 989288
389 88 664677
190 185 809194
4232 567 358124
2860 1834 951112
1976 798 3846
3985 1640 145469
1026 721 592167
3339 1294 397049
145 58 594475
945 547 937369
3249 2742 317610
2627 1216 641559
453 242 663181
1938 579 399422
784 107 133792
2386 1003 606946
3983 1238 791272
2496 619 365901
3789 1257 964470
1200 1183 157116
441 241 443964
2039 887 746380
4203 3530 908064
3360 412 666927
1564 389 883343
662 264 37155
1007 982 926356
4024 1545 803429
1323 1239 981417
1490 610 478561
1284 998 814541
4180 3118 22574
1711 821 515094
3184 1587 555384
2921 1907 71497
3228 2034 179389
3004 2966 320616
2256 411 376253
1275 400 801099
3071 1975 177323
1385 646 777970
4125 2016 777577
3727 2592 964442
759 59 509683
112 99 216270
2587 221 142683
2315 458 7872
4285 2138 57717
1434 695 514200
4035 345 793427
1911 941 530124
2274 1658 821428
2752 2124 760241
2693 381 605496
1164 1095 1425
383 30 124567
4242 3468 682109
127 77 778195
1529 1371 579236
1553 1451 534891
715 108 426981
4152 2978 409746
2948 1419 693218
1268 328 189087
1895 480 434454
2756 2550 776198
741 262 755368
2867 1417 218183
1264 511 49728
3830 1185 92261
2838 372 963161
3578 1379 811034
1089 139 450967
2534 204 586377
4003 1244 355163
1159 302 210612
2426 1829 513430
2922 326 836271
1377 145 639578
209 21 864533
3501 2005 307639
267 231 320377
4379 4164 919044
2044 589 832223
2354 684 538172
3279 1014 742316
2181 1850 704652
3736 3404 866716
1267 369 809257
300 224 546291
2169 1008 793255
2653 2607 843382
302 12 146760
3893 2625 66522
2474 2019 565393
433 251 670717
4084 454 518628
1738 205 813972
2702 2080 433417
2017 696 973989
4145 3442 833422
2565 1735 3958
2972 1532 226385
2308 1100 154757
3511 2042 60251
3669 2913 573433
3746 250 540655
2960 2455 518169
2832 1037 707683
1106 704 865276
590 409 527855
1135 630 361984
3161 796 678340
1025 932 249151
3070 3034 209311
998 511 56063
2853 367 572701
3075 1136 474793
841 4 867601
2644 2621 546109
1634 298 765972
194 128 994755
3374 2210 804700
449 285 364421
3276 2579 802960
1126 1031 826811
1255 1033 373659
1380 831 634951
4058 1915 943424
1317 300 931171
344 155 721709
2112 1890 982423
1555 1046 844690
4184 98 872943
31 1 207987
119 4 853996
3963 775 390716
568 297 126650
228 128 69845
318 215 868002
1619 958 228599
4164 2313 793089
2068 960 415422
264 55 128441
2233 1236 762111
1751 937 802214
2572 2088 817115
1799 461 697619
3063 2288 738645
1775 1547 327982
4090 3661 809376
1761 713 866618
1209 1106 395452
4078 3048 696964
1950 1898 446275
3263 2215 460952
3672 529 137727
1803 1309 341172
3598 1388 13439
1924 1284 5501
322 119 288298
1931 532 244721
1961 419 934931
3883 999 957341
1078 138 82253
1205 447 766224
2469 1328 88768
3247 2156 23503
2652 1134 790844
2412 1899 972106
3292 1010 800974
1994 1964 677455
2071 519 971025
1821 761 263038
2786 507 833991
2970 2339 596797
807 779 32936
991 319 216429
3784 3208 918842
3389 292 74268
2105 614 412834
4215 656 587068
2480 888 638010
3074 1053 546515
1345 1216 907939
561 363 273461
245 152 81437
669 518 543088
1382 1011 878805
2535 996 212934
4214 3725 976445
1850 1106 917088
4265 2846 761826
2224 1406 824384
3386 1958 45627
362 17 303288
2761 113 428157
1983 527 248793
646 241 678647
847 337 116143
3709 3079 852890
2727 450 399403
2492 1320 24728
321 140 58465
3315 2360 557170
3938 1749 998388
2409 604 911626
3275 1662 538062
2305 1753 433984
1307 1230 263380
2657 2244 414331
911 686 165272
2081 875 986502
1394 145 133585
1148 260 898014
2160 777 773257
2659 2191 179401
29 4 330390
4247 4143 575593
755 91 941003
3937 2983 735568
277 95 674543
2996 212 576214
1388 426 358958
2722 126 652521
3405 640 205199
149 141 655461
951 132 90598
2907 1300 782820
1183 406 711371
4073 565 707544
3207 2340 890187
256 66 249047
3244 1741 683741
2773 2368 17461
1609 25 817623
3157 1808 947416
4160 1605 933409
2144 26 212808
692 197 643306
2796 1407 890054
1714 865 729115
3885 1039 447199
1760 299 353545
204 105 996352
76 17 638063
1658 1019 439244
3947 2509 39707
13 2 711020
1944 1698 680935
1318 829 615975
2811 2546 64811
2976 820 370226
2744 1906 5617
1386 760 595401
3024 1953 433065
534 39 394366
4046 3110 424159
2294 2009 384465
1300 778 949225
2570 450 868418
3456 1323 75429
3065 1742 309091
770 142 347619
1978 1382 473265
1520 1042 372958
648 194 135396
2774 1708 34097
2739 560 149317
3666 206 275015
4368 800 705664
898 723 909012
4219 2648 118906
3829 2019 352450
1532 1172 175461
2904 1558 327407
3037 2954 673745
1995 644 498389
3388 142 64389
1717 1668 918665
836 797 764110
3134 1830 447657
1908 1393 227863
2141 218 244687
1021 493 299514
1767 1570 180427
3821 2270 347542
3956 3720 95889
1832 1468 83234
2487 1878 147374
2172 583 576128
2057 1424 43905
2157 393 134485
2674 2296 342439
1951 698 823961
2529 2470 345015
2249 2014 230506
1707 1129 33200
2128 572 171238
1283 442 481711
1154 1146 446968
2188 1958 281189
3224 1598 340018
2499 2227 284425
152 117 852701
2155 1618 370250
3351 1089 775500
2116 2111 887816
621 79 748024
376 328 483395
886 813 397895
1963 675 743060
468 71 421742
4233 940 443739
4340 3272 389433
1297 1 407096
3418 1267 185640
963 726 576894
1689 308 98941
1928 1411 223972
455 66 894931
3799 2066 346302
2232 1965 268529
2573 887 492140
484 48 946719
1496 727 241234
2881 2446 160377
4239 1484 269704
2269 2088 789313
1340 192 630354
2445 755 964857
2193 698 981458
4229 2340 204402
3290 2317 351484
1543 832 149535
2597 670 56971
3008 2830 936301
1384 1224 263154
1132 796 372567
581 558 788630
3765 2886 450548
2844 715 700026
2185 1216 435092
2898 2124 893050
456 423 687052
2913 1419 566269
4144 3930 609614
3393 1128 365861
2700 1650 287101
2194 463 329160
78 56 937663
2226 2145 31972
1036 217 667091
1862 354 621518
1365 599 645285
2280 979 876716
2472 2081 754655
222 214 31460
1695 955 691779
40 25 203668
733 452 80055
779 688 505156
1515 324 308959
1461 846 598105
2593 2113 541873
981 827 452939
2988 629 116805
1071 889 917720
974 375 392812
20 18 75386
2 1 401219
4128 1080 347223
1692 604 125384
3711 2481 44217
3042 2149 607788
3539 1853 119677
65 23 868521
1122 307 886671
3688 1167 415701
1081 52 498326
3949 3897 557111
304 300 847915
4094 1871 871834
115 79 621840
4091 1773 608289
691 106 268191
3820 414 711706
2601 2119 766016
3452 31 55062
3935 1210 151007
1993 1861 100919
3788 923 857949
4347 2693 371274
466 403 205446
2434 1037 236055
701 424 119876
3444 2729 339831
1517 1163 50642
2650 1236 919014
3981 1042 412275
3172 1502 874457
1315 1288 512995
1778 542 244946
995 694 542862
4110 1434 356401
443 232 495808
3823 2870 878541
2162 2144 544861
2664 1457 743875
920 134 236498
3028 2399 800270
954 469 683787
3408 2132 155864
1110 1100 9126
1699 622 731344
3381 3012 724648
1259 152 523453
2553 2381 919663
203 47 909586
3094 192 742824
2964 833 166402
2342 680 408642
2117 1349 986710
2075 1568 56355
2021 1548 335164
586 263 166297
1288 964 346210
3839 2036 869715
4154 532 333187
2938 891 111633
846 606 346049
2817 2219 875225
1566 1414 146165
749 30 652972
3509 2771 563715
2551 370 725688
79 27 778609
4333 1966 983503
3106 2461 195513
3300 376 694232
30 10 363420
1491 1388 494468
1217 1204 450490
1108 902 332356
3394 2715 811104
2891 66 416122
1925 79 524321
496 340 733293
4282 726 362920
986 55 289216
936 332 953292
4119 1048 891877
491 255 843621
3305 2162 951310
1989 1797 257310
3271 1529 542692
3855 2369 723852
1732 1222 550204
2712 2261 962878
2129 1496 185031
2986 1695 336854
597 70 101000
3392 2791 558743
82 65 208652
1118 63 52798
3918 2439 685013
1125 20 548310
2331 1481 842199
3955 1939 525063
3023 1690 388839
2431 1053 779503
1968 945 206128
2102 995 763060
1847 373 717608
1937 1880 682648
2956 179 257858
1017 610 814157
1094 123 43173
3294 1619 338827
3754 3233 604254
982 467 189793
4178 301 526545
2626 125 575560
39 29 345142
1981 517 987134
1794 1341 620545
3603 639 577169
1590 167 267874
1955 1377 791482
4288 118 308655
3128 1926 587821
3495 3148 323231
4170 2079 762030
2040 1527 887480
3015 946 154342
574 193 488970
2210 1742 617462
437 421 395102
829 297 18635
1493 543 242538
2955 1753 165235
2604 7 931462
2335 1412 804079
3889 3830 347940
1863 312 476681
3806 3680 75579
4206 3863 991272
2051 1310 353988
4237 3601 278049
1215 326 235433
2541 766 441168
3764 3296 406715
1811 688 179880
3185 2640 152291
3914 3902 265351
3367 3242 896411
4140 202 802701
2227 1532 563293
4341 1631 530735
828 580 557660
3085 1570 257415
657 606 764019
2982 656 93678
4083 406 138075
1933 1608 554701
324 306 325408
1580 62 777264
834 667 810902
1141 359 492380
1823 1603 5704
3738 153 263779
3828 3061 131377
1016 638 123125
83 30 234734
11 3 748217
3534 567 467060
2875 1469 23837
2100 45 818046
592 373 594346
3103 2343 983690
4086 1926 719515
775 434 159813
2318 2220 435823
3230 1895 904516
2619 104 654461
185 176 283380
4394 3146 431688
1875 526 452180
3160 1123 899795
116 52 71970
3960 3751 331574
814 265 686674
3180 1523 793842
1327 249 609606
3941 645 756738
183 115 370619
1705 1163 60530
1671 194 992576
4320 3017 733812
4272 4016 90989
5 3 409713
842 737 851985
2096 1385 554461
1092 391 567916
1841 1463 968206
28 6 809247
3777 1573 527310
3903 1519 638240
541 402 745775
4286 1353 372914
1782 465 760990
2012 1370 557077
1086 442 542587
1190 710 194234
1422 240 458024
4349 2500 199609
919 305 80288
1600 1459 440454
2165 864 79883
487 33 515298
4006 2561 291535
3596 2258 133582
2815 2234 305960
136 98 75013
3280 2071 702075
652 162 298858
3093 994 900519
3680 2002 132800
3503 1120 450910
3996 3766 386841
2422 626 410227
3179 316 358417
1066 656 247092
2828 1573 58107
3223 2826 888825
1985 1179 564188
452 90 866301
3856 2578 954647
3049 183 136685
258 8 434281
3265 923 612863
3586 3340 797142
1107 278 967365
1234 471 146147
3682 2743 38530
3510 1850 280198
3950 2054 534268
2676 2361 539419
3884 570 778642
3557 555 674904
2334 399 684496
3440 1951 734083
1793 839 136513
2909 2520 7779
67 3 601924
142 128 95604
1028 81 912482
3819 3328 750495
2966 1162 834079
2463 1680 263976
2776 2073 911631
3017 715 766186
822 62 887339
1298 734 787904
3183 1933 769444
3048 1050 250182
2219 1695 119544
298 231 728512
3948 1712 612290
2680 1244 214296
1412 629 782742
1166 1160 929934
3862 1224 740941
1755 553 453099
4022 1635 740766
317 240 644598
2520 1219 320431
3622 3202 988267
2973 2769 508842
537 13 25897
2302 1771 216274
3865 3201 89259
3236 210 668952
343 46 902329
3720 279 349545
3231 860 99680
4331 1335 418635
162 10 684959
3816 1368 369896
3645 1703 286883
1742 358 397289
2810 1138 486838
1310 474 708423
2244 1949 271987
4259 2263 67806
504 281 408637
813 799 145348
3668 2830 552368
2376 2127 662808
3747 471 716440
2099 861 371998
1953 975 178785
4221 1253 620682
3474 2132 407055
3809 97 100378
4228 563 914159
1768 641 364713
2949 1064 124430
649 320 421378
166 129 969000
3869 2019 859058
4351 703 291811
3148 644 132577
705 234 993149
3421 1229 56929
3825 2086 410180
2171 2107 605640
137 21 959877
2944 1166 805819
4202 2261 375878
3616 3239 393932
2684 1142 601336
2082 761 91910
3517 246 157095
2384 1466 899973
2086 65 129460
1051 1048 741516
3278 2532 104389
4306 2627 590609
1962 908 365371
458 388 695003
3840 787 878116
1686 298 522255
3027 3001 133298
3870 1573 373255
3108 601 5933
2775 884 32421
4067 1497 800868
1309 244 235431
2189 523 319465
507 466 36347
1791 347 182206
3242 2134 945620
1585 1403 602954
3067 1714 576189
2857 1895 648976
1203 134 337390
4200 2028 51426
1379 965 819613
493 152 26258
952 281 704406
3536 2090 653994
3375 1502 122062
2234 1117 147293
1812 803 306932
1117 339 837564
603 30 817546
2789 2372 836461
2058 617 102067
2131 603 777242
2731 1158 499213
3843 793 362470
1169 578 374144
3076 1778 418213
1704 82 646935
2152 948 861068
1668 414 777615
577 209 524774
3787 71 249262
1134 427 686601
2641 1268 734743
1531 1481 203401
2053 297 874714
2947 227 212907
2901 1760 213072
941 107 75677
3139 1904 253736
2202 159 755620
3436 747 111996
4112 1796 732565
3460 2387 215592
3733 1184 591240
3329 2237 778843
665 458 117706
1624 1516 292014
129 119 810706
4386 3038 802293
3643 2908 560246
230 19 581396
3705 1091 3551
3461 1875 164757
1346 213 987195
471 465 377911
1554 1084 264177
2296 440 552904
1708 557 494234
3569 2558 381046
173 122 389102
3524 1073 490978
3479 1884 747388
2479 1424 899510
352 53 224671
2370 1409 226105
2978 2610 510061
757 372 373280
763 315 729969
2192 33 571239
3105 1750 877468
2912 1485 955681
1161 514 218999
937 685 742604
2668 1142 698268
3414 713 708393
2251 161 609062
3778 525 355403
582 81 928870
3173 2170 205101
2298 1298 979479
2390 582 126920
500 206 178900
448 407 104741
473 408 452297
3638 3007 188720
1923 590 345384
1097 662 104335
1121 874 165789
1878 415 680242
961 583 278083
2433 2264 857642
3999 925 598936
2238 360 959550
4310 3787 344878
3486 3348 437116
1243 350 955684
278 124 800397
369 320 569621
694 145 274188
736 438 642127
2030 1838 981080
1338 493 448455
1920 763 486952
270 268 737995
1304 408 347231
4279 3011 596855
1287 508 198433
3906 2366 888556
1664 434 905828
1592 1017 653118
184 58 726154
4054 838 379693
3894 1611 364462
2481 2170 434583
3425 2121 56956
1184 909 18667
1552 896 607367
1341 7 960993
2350 335 443413
459 54 755048
710 637 674365
2462 853 828960
856 52 678965
3130 1064 710218
3715 3658 680613
234 3 35517
265 185 428800
3760 2646 791130
2309 248 435731
2519 616 17602
2842 1670 497822
2546 758 519942
1606 475 610596
544 45 406942
844 490 732350
1400 1249 509470
2622 537 156660
98 91 480295
2443 264 375118
3470 3129 543834
821 642 432680
2927 1017 776083
811 726 189253
1587 523 300947
3018 1585 354789
2361 1702 697405
1472 976 576666
2812 548 298822
2758 113 872471
2610 982 928743
2159 809 272778
2288 216 770772
1558 248 693292
2979 2606 449842
1516 245 203478
660 299 313541
4016 1645 842198
2094 1136 941223
2537 1376 135874
2043 362 689728
3718 943 124684
4060 2470 700594
3538 1739 593687
1416 660 112276
1874 1262 64265
2098 442 451234
179 93 595106
3492 2008 974131
2598 525 194572
3256 1077 29675
536 396 687986
3497 160 674673
1643 236 506006
683 193 830563
2637 168 266590
2275 1591 760265
447 68 148783
4197 366 515784
1484 646 558717
3200 1396 95961
2941 2119 839458
2669 2561 390585
1809 1637 357357
3059 675 289953
878 16 815100
875 780 359800
1567 1096 653
2578 346 661320
1776 1595 359697
3334 3090 362222
2203 834 448770
518 212 919446
50 15 70839
4049 2991 512295
290 32 158454
816 383 956923
2780 1552 866569
2254 892 6994
675 658 701844
2950 1036 103431
3443 1523 658981
3921 1978 489667
2491 637 601037
2525 9 686192
2146 1148 837422
819 179 818608
2329 1130 677526
3002 36 112784
3309 31 520779
337 38 645175
2010 1204 141735
307 244 39012
2262 60 603623
4367 1553 859351
3177 495 574782
2320 1836 953101
429 172 296111
3587 3292 345458
3060 2076 269082
2934 2136 667859
902 207 3030
3725 2190 453202
2418 575 981313
2156 2101 471773
1406 669 172372
636 613 782880
1549 192 967035
2654 968 319098
3783 1328 589219
87 77 739758
3131 1623 115668
524 203 756124
1133 106 442497
1488 256 701231
495 154 174557
2614 100 387159
2673 2560 513329
560 261 240250
91 29 901612
1540 485 84582
2265 969 296250
157 105 732235
3581 3056 995096
4208 2423 640231
1301 412 762214
1990 41 91649
1575 935 657213
43 23 902746
3817 2601 247172
3412 1205 15137
3696 1623 611006
1743 635 520038
3195 269 654822
953 618 932433
2951 693 205886
2142 1879 483604
3192 649 469028
2923 1878 697054
1541 1110 972582
2734 1399 220241
2549 584 465751
3164 3055 784247
3209 2502 110690
3683 2257 936433
1102 476 132383
2571 1899 298287
871 238 421668
4149 3459 957287
1052 448 19934
3030 444 322943
818 265 207392
4017 722 998029
2213 1406 315066
147 65 757890
3204 1173 966478
4153 3466 270306
4146 824 992415
3502 913 792952
1437 1144 547819
4358 1147 779399
2920 364 826299
248 70 991619
4359 4237 610296
3629 2142 550273
1157 437 859584
2585 1361 696429
3481 1865 252729
69 27 270139
1867 592 149990
2968 1362 777632
2399 1617 368119
3908 3036 183745
3354 3013 391590
1916 75 129708
1659 208 168063
939 361 343238
1765 1267 330303
3961 1072 863620
2850 2076 275553
3151 351 205342
3750 731 54389
655 414 181441
4105 1835 492466
3303 440 62789
4289 2031 628109
4057 226 303262
2154 1414 49035
571 79 23446
2383 680 534995
4014 535 912571
1059 681 945991
1958 128 401876
2971 1330 918932
3101 3085 981530
4189 3000 418376
486 478 560101
2825 1000 176228
2217 1554 238053
3792 571 528627
3299 955 193746
3576 3029 95066
2113 959 500262
2531 2082 397743
2965 1132 231049
1946 798 276558
3138 2486 845325
2905 1153 820074
3857 165 657051
2009 1111 623522
1392 1366 481965
664 60 941973
2741 881 278270
1602 698 459382
2022 907 235839
2880 2093 316323
480 107 892236
280 10 784306
630 322 931166
2504 1261 24845
3003 2188 946626
1000 864 99905
3086 1091 479690
156 121 729361
2290 650 508994
854 664 974032
1982 272 865829
1130 306 877295
3732 561 881937
3812 1678 956563
41 13 486585
2732 2585 971178
2639 28 344154
3881 3021 362368
1206 614 486064
3636 239 221709
1601 325 303657
2747 1747 597970
1123 1068 953114
2536 288 838884
704 473 994801
2178 653 613703
2045 1312 477931
706 217 739454
3041 2836 468486
3541 2045 932066
1523 267 793530
1772 849 92978
1764 1086 212388
62 14 59946
2455 597 673603
3537 1523 661655
1187 962 424998
1710 1097 218857
2822 851 927205
1899 242 728394
3350 712 595792
4250 3968 844270
3136 2117 994661
2834 946 847531
975 933 768198
2218 1164 566860
3053 2557 193065
241 22 503584
4120 342 116498
3661 1571 413656
2321 793 497726
488 28 858705
255 148 295841
1927 322 749295
894 182 780435
2314 1147 883883
339 142 168071
1879 1066 113518
2183 2159 452668
2629 844 197470
1877 59 955639
3396 2721 573304
2797 2107 81968
2785 1573 316383
3724 3241 636620
211 20 393203
2663 2294 675275
1527 1360 32550
1614 984 730947
1662 1445 376395
1798 1330 542541
406 196 755184
3326 1134 368382
573 290 11374
2410 1735 380056
225 31 236670
533 248 34882
23 2 744270
4142 2710 963062
2568 1820 256085
400 270 84154
3858 2267 532451
1608 1361 738257
215 87 694396
1216 395 599986
1770 1258 76774
2714 5 800185
971 589 309121
711 354 35613
4376 134 531991
3968 889 988962
1565 1241 700084
607 185 581327
3763 2909 596664
3422 332 408547
2085 544 949674
2497 2117 632772
1435 701 220303
2550 1118 419064
645 507 774140
4387 654 216855
2594 1079 973160
2953 609 242177
2248 954 607429
2046 1641 936460
3137 2099 295249
2106 1505 48448
4262 2400 323239
3676 2080 774535
3006 556 404188
2793 1924 63967
532 160 410055
724 335 802130
3346 2062 405920
388 56 101416
2977 1339 5645
2378 1407 110363
3083 1047 363128
3775 1403 630667
3531 603 355941
3909 952 343475
1430 17 583491
1586 1015 171548
2348 2116 969408
794 205 8848
1744 1351 4706
38 17 226130
2253 1319 3220
4010 3003 748684
1657 1519 606525
2631 476 951369
2204 1697 832407
1574 492 446116
3986 3777 591999
364 302 120897
642 56 129992
372 25 940602
187 51 919445
2427 894 528221
2621 2496 596775
2992 2695 963028
2590 931 58355
133 13 908708
3575 1351 870328
355 167 167515
117 70 932303
2544 1450 110019
1801 562 760068
1196 1060 26652
2584 2240 987364
3484 2282 777545
751 368 247319
2123 1348 950410
3257 2278 33520
1322 128 390570
2919 1041 98563
2467 1839 756026
2567 717 625655
2509 639 358525
2025 1201 440156
3491 2740 775909
221 74 442878
4305 949 336958
910 438 327610
231 198 611178
4316 2231 699088
867 389 222285
1572 673 829626
2206 1177 232329
1766 908 994812
93 88 587629
1681 1334 303037
3358 153 660137
2042 1034 589397
3671 2884 506502
673 216 818279
653 193 251731
2168 1917 893105
4260 543 239715
1393 976 361633
1258 640 112117
2341 1653 633898
4158 2111 793588
579 395 257368
3876 254 893409
283 18 338272
2374 719 148877
2405 1070 617020
3378 1288 293515
2186 1502 396534
1473 1073 484005
4129 1154 754434
1136 636 262286
233 97 761872
246 206 204184
823 366 623778
1085 944 111591
1637 142 713435
1824 513 706662
3188 3175 165849
2616 2290 259512
2093 1359 712133
3660 1395 529650
3916 1264 156969
1105 416 747399
4372 3646 992641
289 182 462915
3769 3655 158740
2447 1469 111741
4097 1168 477508
1295 1238 755142
375 261 810725
2827 2199 922919
1507 430 390795
3446 3347 217227
3599 947 190951
3140 988 805816
96 24 164947
3457 348 385732
778 134 167019
3797 537 880965
2903 2615 371039
1612 707 975497
1972 1924 618246
3751 957 708423
2545 1118 98037
2981 2486 777686
1457 1323 714065
965 801 947165
644 68 199521
3118 2355 199563
1292 30 579879
1881 1759 775432
3838 1826 924081
1104 1050 831531
2513 635 502635
1830 1792 960877
1504 914 474487
379 41 561757
3831 1756 40320
1229 276 950038
439 49 81738
2984 937 357358
3333 101 285902
3480 1627 705905
3110 388 331718
4245 2669 310286
1343 507 707524
676 342 400911
3659 2015 68039
4089 3824 796623
1522 75 921552
4231 1226 439847
962 589 100850
2942 2916 736745
3493 1633 300137
2599 116 953105
401 332 774828
503 369 911224
629 35 896966
1332 14 292043
2540 1883 834529
2963 1904 471996
226 210 658404
3141 382 551671
3296 1216 337790
3234 448 54488
658 64 923907
3245 2019 600155
2933 603 513848
4207 2268 699539
426 322 691561
3572 1158 790815
4034 1730 989315
357 272 183899
3650 1917 303902
767 559 435347
232 182 479195
330 50 160317
3861 235 386543
2595 718 828391
1039 678 940158
1065 323 644590
398 16 522860
3786 57 37169
1044 37 766768
3181 2612 333317
268 92 763242
1061 1039 205994
467 408 359542
1785 728 120446
891 140 391041
917 546 404209
3449 71 859227
1519 768 473273
3079 816 490062
2577 2083 857863
980 859 613294
143 36 741305
2918 150 506674
309 258 692241
311 241 186050
3674 1075 594534
4345 1636 130001
3485 2474 996441
3454 7 952941
2214 1332 513803
1436 652 752341
417 381 456397
907 362 583178
1454 1093 836504
4220 3729 727528
2672 1982 867071
3991 561 77623
3463 1950 108705
266 199 242238
1627 205 401763
2516 1576 695063
395 87 992670
3624 1878 985161
1806 407 305876
946 141 692049
1439 1394 33641
2417 448 302146
3679 2471 974160
667 581 790928
2703 304 490755
2229 232 952487
1979 1586 109111
928 98 875841
601 499 162191
3328 3097 965879
1366 102 893264
2419 546 617495
539 227 917845
2328 2178 198904
1137 912 140291
4348 3577 965194
2324 653 291904
2630 198 922545
4183 131 34272
2647 887 55444
4296 1117 295328
2557 1049 760816
1883 59 342935
2484 1892 340275
2733 155 452009
1859 609 881798
3447 1611 694974
3942 176 873898
1974 273 796786
634 74 219974
994 810 753359
148 127 15871
4240 1488 908280
1371 1078 74250
15 11 128870
85 18 612158
49 3 440985
188 98 777838
4375 690 447943
1374 239 527221
3504 444 52633
4246 212 580050
1230 1 390102
3116 2553 367094
639 291 678687
2167 1191 141212
2382 502 875678
618 563 487833
2560 890 411961
861 786 669364
4329 3792 415819
56 31 613175
3363 1573 671508
1266 906 920390
2787 2479 67567
1429 186 282608
1399 1148 304453
3570 2171 262020
3310 478 743937
3940 3425 854950
3201 1859 456708
2539 2016 379746
3872 2191 387225
218 206 720063
3525 1257 48939
3678 1949 522264
1647 511 431669
1185 190 167
857 38 320379
1090 858 843747
4026 8 482104
791 653 532812
3251 2361 973783
12 1 805956
3471 2274 31525
275 235 495712
668 623 515399
2470 885 58367
1368 1266 710440
2618 550 902682
2883 219 622198
242 62 800477
1363 684 833486
4074 526 20725
4315 1203 630580
3818 3478 752939
2441 2182 866952
382 62 571824
2322 32 670837
3407 2089 443193
4299 3684 775532
1067 859 593612
1093 716 988881
554 94 751323
3496 1802 482676
4384 4314 48146
1561 1055 36802
1652 57 122924
2038 887 42301
3269 1162 261194
1119 1054 78249
4177 1896 656966
1497 738 354120
3337 1019 905157
825 651 952073
2312 1918 405707
331 286 844541
1638 1362 369620
783 519 437194
908 78 902368
1091 490 363427
1462 378 765838
4270 599 172855
944 33 236268
3011 2257 341481
3490 444 900878
3121 1842 630977
3571 106 16221
1047 66 745313
4133 2194 987826
1731 129 86778
2697 1643 471203
1996 480 453055
469 418 674333
123 22 653530
1272 857 21364
2466 1348 5599
2478 1220 614582
223 160 918270
2460 2074 723910
3170 1399 876668
1621 291 265128
4103 1407 67492
3489 2785 611480
2108 323 479097
2826 1172 998880
2291 1457 224944
3694 1196 577897
1038 566 903324
4050 954 16914
3845 183 824234
3833 3339 774655
3469 2366 567886
2607 774 233715
2656 2284 328573
3187 2873 977122
2501 2212 430429
858 489 759808
1199 1065 563642
1348 986 740510
2310 1686 401530
2190 1938 681462
1894 1251 909651
566 16 857221
3553 386 134459
1947 774 52504
1195 384 725280
3970 3533 702122
2648 2281 38554
3577 1815 728429
1808 1721 16286
3202 259 60135
3000 1992 709172
3535 1942 191103
475 4 139115
2000 686 988632
2503 391 126667
3314 366 793757
1421 952 658955
3583 1903 633821
3270 332 9476
3979 1373 352986
111 108 943910
2985 1681 725532
3619 642 493546
2999 937 702539
1446 1164 823175
4198 853 394237
1359 982 187305
481 430 896589
1241 767 596063
3518 2390 650797
3807 696 516115
4276 3226 690813
3014 2838 449600
3429 1659 196252
3203 2198 159327
896 811 279806
2779 1315 398818
2865 2182 705662
2958 507 903909
2643 1537 647670
2473 154 602722
4151 2484 913742
3804 891 37668
1680 255 810705
1828 243 805950
1917 1512 600518
3233 2454 35644
284 250 578877
3322 444 684186
3542 3254 931944
2464 1235 204404
1438 500 565868
121 37 176382
935 73 725368
4363 57 197365
637 119 746774
4335 1060 954069
2608 59 746175
4297 2994 553613
850 100 141108
3282 2634 393776
1040 395 261002
2937 2398 238765
2548 801 392134
345 337 514881
956 63 839593
1120 549 401963
529 3 344397
2574 1117 272481
3031 2779 577073
4309 177 294977
2019 646 714130
2685 2024 742346
4055 774 503291
1826 1174 665356
4042 3463 44893
489 484 340957
4244 3658 793954
1355 217 992078
3197 1486 399551
717 329 392605
2635 1407 430985
3291 2157 547884
1633 1064 603721
1593 269 498098
52 51 148178
4328 2074 74481
2360 1690 570002
177 71 840424
415 267 51624
3045 2933 390857
46 12 435957
3397 729 349677
1458 898 812470
4101 911 315527
3313 326 823505
399 248 513943
2755 128 993005
2871 1731 783904
2398 2337 572551
3272 2972 573723
1700 57 293890
831 113 599661
3007 2938 767679
722 714 805271
906 872 192814
365 241 704749
3082 2003 439780
1618 1079 449673
432 371 864685
4238 1798 734784
3508 1617 253923
1037 137 988885
1468 874 165695
3335 1219 81325
3165 1741 720048
1670 1462 612931
2866 563 964330
2276 1207 407325
3084 95 713921
3853 3078 361535
3034 139 696246
1095 162 382366
482 77 258449
4130 2887 194839
3359 424 884656
3640 1507 670689
1942 551 201310
1677 708 771392
2738 2503 782311
1563 771 306556
1303 74 370475
3344 1077 318994
635 469 237362
3984 1180 736681
508 315 375615
2369 1588 16200
3951 2320 135336
611 268 250053
4268 3954 141796
3529 2022 81345
1418 942 901350
1789 1641 307986
3214 3145 511017
195 25 339585
2987 1079 771085
4393 2556 348150
2052 1055 55713
57 34 271920
2477 622 998721
2340 1830 332793
3628 2977 349346
2416 739 702106
2719 651 633195
2313 1093 807755
2729 1041 969287
795 705 289389
719 382 620600
3748 270 984763
25 8 207150
4334 712 822846
135 46 704280
170 150 182401
4374 3050 871802
2993 530 993925
1896 398 32511
59 18 93942
2791 1577 795857
542 520 745245
2266 99 244072
4007 601 381014
3066 2802 311711
4212 2925 748805
3611 3288 716045
773 209 384965
1240 1123 70674
1628 262 165729
407 344 380208
2759 2727 680711
2502 1681 638813
4077 3480 531449
3692 915 479894
3980 2621 457030
2344 502 83509
3205 1247 94009
2686 181 121030
3658 3386 932240
2527 1260 13015
4096 3539 622575
2749 1162 407118
3342 3085 472982
90 15 573759
3585 1566 607569
3756 2635 884734
2612 773 962030
2740 2340 224562
99 6 905908
632 137 27819
3222 3115 397522
4390 4304 853878
3340 823 24406
2835 1658 221166
3308 2681 868064
3356 1493 673940
3273 68 175893
921 761 848290
387 268 42712
2109 2099 334685
380 157 10166
2264 604 820714
3757 578 7712
1489 195 61026
768 312 757279
3641 1369 523689
990 269 851459
526 493 796283
138 111 303836
3385 1624 371079
2846 2085 359149
2802 679 41281
1599 6 747230
3971 357 354483
4005 1603 266737
2380 393 822867
2103 210 628407
3563 2340 594971
2718 787 759620
424 246 787797
1165 441 24224
2511 1309 8181
1155 1149 227967
3126 2766 131372
14 3 191092
4131 1099 815994
2212 809 114721
3056 438 229380
3312 1613 326322
2440 1815 401126
1526 683 696331
4032 3511 944714
1745 601 659454
3078 2738 549370
3434 3201 341762
2304 1197 383218
3025 2855 296736
546 134 875066
2072 974 347632
1888 1659 611250
4269 514 596228
2150 1309 27183
3080 944 739043
753 6 240453
2397 451 427129
827 234 882277
3293 2595 872204
3771 890 814314
4085 3901 759090
340 179 378926
4263 2906 740418
2889 576 33250
1263 968 139848
1204 873 420382
3052 2181 53181
3442 2929 711989
3642 960 695349
2136 466 345421
2586 1779 440539
237 178 251565
3327 1184 247643
643 309 237784
4388 2014 971934
3507 3269 593498
435 389 849083
229 51 553760
3077 2382 546027
2220 135 262605
2235 168 417278
3967 1208 100681
1417 312 857037
1605 703 441052
3419 1931 155888
24 2 399037
1754 103 708017
4314 3180 778532
764 654 313408
3155 1889 617126
2847 254 969896
1500 184 135362
622 206 309825
2925 910 249719
3697 1728 727655
1352 1111 770841
2521 1876 222060
1423 1193 49316
3321 138 486474
3712 647 628240
2485 2047 263836
3243 35 42406
3124 1591 859789
2514 1727 384913
2059 1174 321616
4011 3146 813880
1224 481 768273
1152 651 148107
2707 1660 656620
815 553 516060
4059 1594 792990
3879 195 145393
4015 290 917112
2461 1151 203671
1428 583 662107
3863 460 569209
3582 461 538400
470 460 388657
4256 800 174807
627 542 583709
4267 533 297011
776 458 363958
3533 1502 193155
2231 996 129501
1651 292 187108
3019 380 365943
201 2 562870
2818 292 472315
3647 3301 643788
26 23 18057
3178 1388 479336
3345 1473 414654
373 193 539302
37 14 223813
3499 1135 564919
3472 2151 193904
3522 2451 788497
4009 1887 283591
4364 4273 871333
1356 686 559519
3803 514 624850
769 227 71279
3871 863 527768
774 569 12512
6 1 936527
457 68 783523
3215 2886 157977
4044 3031 715655
3462 1696 444821
2311 1458 916427
3319 91 742741
1261 689 340400
4287 1065 803602
1140 117 655059
2063 1860 837151
396 57 674938
3653 1972 893788
1055 500 482541
873 247 425772
625 448 623815
3739 2312 759593
1730 1300 144268
1046 860 194262
2581 17 169277
3320 1949 990164
1827 1157 897194
2746 466 53785
4342 822 839368
276 162 743007
161 146 491779
1802 1089 278169
1172 1149 469334
999 924 667499
55 21 319704
1409 1364 406426
3930 948 793753
1210 1119 48322
2283 1588 294189
2830 759 368839
1524 1463 196680
1391 808 947149
1537 726 273675
4326 122 320556
403 395 394846
2840 2711 531486
2807 1932 938815
3880 2041 244283
1299 92 307801
296 230 78184
1274 1213 336089
2278 1921 383307
2182 1483 53629
3391 2178 426050
431 122 391086
494 289 259028
2362 1655 717583
3218 576 33767
762 4 55702
1043 644 195124
2198 603 402139
2223 959 261561
2008 1348 912430
2084 1535 291181
35 33 504814
2998 1038 942073
1160 615 863575
3372 2723 874085
1364 1041 888156
1842 67 36305
1057 1055 593334
3365 990 13541
2114 782 183099
3561 550 455498
3483 2419 348018
843 650 93531
3433 3234 787942
1357 1206 582614
10 2 263929
1353 519 418776
1029 908 873531
3912 2425 792264
2371 1361 328955
3477 2844 33298
1101 1038 280669
806 360 612375
2662 812 703341
1649 608 545122
506 285 833907
1013 402 814814
1033 450 288776
2239 1534 519559
436 313 752104
4143 1554 180703
564 27 714119
2127 876 583650
1691 977 856745
3072 2756 653243
1796 1665 385069
1805 232 328632
654 394 389353
714 272 764220
3317 478 167676
3081 1726 18036
1098 769 249376
2839 1080 750860
2050 1546 721727
335 237 421218
2475 936 349576
3703 205 171642
1335 203 435265
1597 1433 477556
684 462 555743
1973 890 200764
3931 3778 972308
2372 2361 766401
777 252 485736
1807 1160 109608
3574 3568 785995
3717 2890 585985
3920 3743 860074
2517 2204 41594
1763 391 782208
4389 1127 961362
3169 386 744687
239 30 966097
808 623 370831
3867 3378 523511
1814 1752 861382
160 139 85618
279 163 871768
1839 1073 247956
4132 1085 598081
3849 2646 757699
86 57 358529
614 350 424882
2436 171 533560
4063 2821 825297
4068 3814 442290
3158 1884 714305
3530 3183 55108
4048 1741 949707
1999 197 79512
2706 1237 941265
3944 2189 294213
4277 2158 257349
3283 1433 570211
587 446 213208
2352 2324 60637
2184 995 403382
3779 180 489479
4021 2144 638448
4043 1235 86834
3001 1573 957113
1506 125 383678
3125 1426 276566
2054 1878 24304
3651 2197 65040
485 393 51140
2711 1401 976748
519 446 549637
1003 962 993052
3400 845 71386
4040 692 222583
3811 1496 866147
2990 2096 138663
202 134 910789
1197 733 934562
2886 594 642881
1728 758 234395
2201 329 575628
106 63 848761
1296 182 25371
167 47 647816
2554 1071 67069
2429 870 734190
4159 3278 854445
2873 1799 417697
2268 419 732136
3357 1906 407896
2715 2410 120636
1305 1280 575679
409 292 96738
697 177 752303
2784 50 597837
1403 1253 171357
3220 2697 537155
1451 900 42962
3415 836 606316
2208 450 975963
897 306 487208
538 242 762113
1058 415 224998
563 487 16635
3266 1451 262451
1509 738 504995
1977 827 461519
2800 2667 690919
238 119 649350
1372 870 974977
490 386 780925
3735 2587 322729
1629 300 558476
1308 1257 202505
199 101 944779
4382 1701 560625
4254 917 606512
2692 2555 795020
3822 2488 467224
1115 451 508370
2339 181 598307
1027 175 821120
386 17 832133
1777 790 272005
414 289 265562
2293 2101 249919
4253 304 425594
3210 1567 636389
445 41 381262
3119 1704 823942
2450 779 458850
3850 256 146162
4248 3734 331259
3377 2446 167607
1239 40 594666
885 85 295503
2510 507 127137
595 232 751255
2735 904 285190
1960 1593 20035
2588 1325 577350
2079 947 828560
4036 2732 747564
2180 801 486011
3632 3631 358450
4378 3172 975217
2748 2723 516054
4322 1817 935558
3162 2569 728177
3532 1744 724329
589 279 992389
1694 1600 46616
2804 2093 200213
1741 1075 519888
1804 223 568569
3667 1675 348936
34 20 828017
613 221 824606
681 165 170170
4037 3795 511314
1655 1461 69023
1396 1394 811954
2199 906 855442
1722 695 365013
1015 814 573627
1528 685 139148
4292 2993 253072
4210 1411 438038
3252 3154 943974
2916 1657 664659
3698 1800 121478
1843 373 909819
766 669 745092
3153 96 664976
3562 2517 197260
709 485 359761
661 210 154110
893 469 512049
3752 3307 165436
291 54 198280
3171 1609 931585
2772 1183 850055
1935 737 275380
3886 3317 957297
2061 12 161724
548 170 327368
1562 1373 463575
2092 516 292102
2336 2320 860006
1869 1209 864270
837 449 122251
3701 2914 555554
3866 2624 964470
1898 976 213910
1485 688 473276
1980 1763 305221
677 643 833770
2863 238 706498
4137 1580 940184
2255 1861 456210
4064 1590 944321
4167 612 803032
2698 749 805841
3302 1851 224016
4033 834 446656
3560 1373 24832
479 179 253599
1449 756 48748
2523 2093 462192
51 14 979914
2228 2091 13755
3088 731 14325
2110 1957 697886
4271 361 805541
2724 509 467045
3826 2396 532255
1535 70 899611
3899 1523 634281
3982 720 956127
2726 1103 601537
4201 989 66490
2316 1960 578574
3813 837 590959
3196 490 379095
4193 3678 27988
874 828 931315
1483 271 585889
4169 4127 14401
154 129 876615
3057 1454 655705
102 4 992258
3612 1770 569154
2936 2200 923058
3432 2475 967909
2695 160 188135
3198 2229 488257
1034 176 474171
3815 1375 45089
3168 2328 763684
2456 2211 188491
2854 411 170313
1579 1167 531323
588 483 69141
3745 540 194703
1426 480 75786
3913 1526 45892
1774 1507 281753
60 27 888993
3719 357 845103
390 13 845746
42 29 372497
2471 1175 279288
3781 3428 425003
1331 765 806303
3910 2807 125157
1919 617 417584
3115 1340 558072
2667 1195 978376
633 229 903232
1910 896 390665
3859 621 870738
1138 53 401871
287 60 600079
905 789 596198
3554 883 238649
4324 3339 557242
1167 187 554694
286 73 148174
1675 1635 863539
978 72 782705
781 125 334747
1771 1027 109166
689 415 537032
474 80 300420
515 205 354121
404 183 343318
394 365 546437
680 63 946210
2989 1397 677646
2007 1901 352119
1666 1663 222329
22 8 479587
332 79 668078
1213 617 599979
915 596 833211
3690 1750 757120
1445 1395 66734
320 67 186670
2717 968 580642
679 487 773013
1525 19 731609
3564 1548 674269
3399 3170 548299
2760 561 538342
2559 199 907262
2821 474 629310
2757 1063 300695
2967 91 466967
3478 404 46320
1045 716 372920
3878 2830 956010
3261 3255 374642
3150 4 428549
2602 1936 544598
3120 2567 773677
1070 944 632357
2147 679 909591
3654 27 238408
1479 390 383949
124 37 27137
4031 1744 241990
1056 56 490018
747 399 913338
3610 428 781053
852 603 136372
4216 1321 49243
3384 2859 657897
4118 563 560753
2393 2212 448200
957 175 990927
2430 939 619602
513 178 71259
626 135 649900
3062 1411 701758
3953 1248 528755
3976 1912 254813
4209 128 588239
1550 1272 614987
128 20 434891
799 407 94972
3409 2430 432932
4223 2011 59005
4338 2188 623647
3435 3330 845091
2858 2147 361376
1576 85 210306
1870 867 73273
259 96 726815
4161 2215 630976
3600 1084 836455
1179 874 102244
2677 2013 438369
693 607 285505
2001 1039 176417
2175 914 851313
682 67 718782
21 15 249126
1876 719 967239
4218 1949 731189
4030 2136 168690
3762 2002 127797
3841 1551 120597
1116 102 700873
1389 1316 549209
1401 211 320890
2713 2054 807723
3673 2617 577033
1631 68 820916
465 411 495619
3097 2950 612428
2632 1040 18069
2489 324 951914
1191 218 15266
461 285 23007
1290 301 113363
3794 2877 654725
2004 195 271278
3526 2960 98290
4227 1012 388971
1639 1460 961713
3655 263 719043
960 317 304946
4366 3511 651721
3700 1035 925952
1424 1222 879037
84 56 205108
2613 2346 16607
1444 969 538024
3438 2859 172737
3547 1767 257711
527 285 870752
1314 349 645123
2751 1270 105268
786 464 203967
1281 1269 832006
3558 115 155535
1221 820 98050
1949 694 861476
2771 2581 828941
3695 2252 782828
2442 318 111192
2596 164 84481
1886 1329 990582
2926 772 661088
2078 1924 210666
1986 196 128670
1256 1167 297221
3287 2955 278614
2138 136 732719
2561 1530 215014
1835 1514 462915
2862 2203 278555
385 208 3680
4139 3569 600361
1453 1051 353660
2089 696 90464
3924 363 173436
659 377 708059
3693 3059 276866
4148 3739 465658
3506 77 215111
1481 402 518995
497 382 748777
1615 1368 265253
2091 542 238854
3113 2030 691149
782 45 522505
1518 826 340925
2845 2208 513092
3842 2199 972201
3543 1385 823999
2338 954 344643
3973 3069 29392
2446 981 155882
2969 940 307244
4327 2401 409439
2404 746 287101
1146 215 352440
531 361 356597
3699 3399 726552
2935 1924 240225
1656 1067 294302
1934 1600 990081
4113 319 989725
1693 749 493015
3237 2819 791885
3426 2031 932990
2798 1183 936127
3873 1903 948605
2031 1287 28183
3665 460 579676
1702 684 230517
617 108 284470
2137 1538 720372
3707 2331 957520
1930 385 158807
922 427 335657
3073 1516 501440
4039 3457 620050
2034 1217 861411
3988 3440 83328
454 128 976443
308 1 632480
2910 65 19771
3652 1581 215594
2435 884 998536
1495 88 523129
2651 1489 820261
271 179 47258
1447 675 140015
930 438 196323
1075 275 891722
70 54 786374
670 193 633563
392 379 712614
2292 1008 585848
942 301 566056
2507 1057 643356
3324 1602 161870
4019 1109 387232
2104 1529 97152
2366 1748 231910
3514 1965 116396
3190 243 125016
3304 708 77968
4325 1155 620049
3225 2227 812693
4301 4089 469913
2423 1092 446559
3211 38 601303
191 173 761250
3145 657 876674
556 379 242167
3036 1568 983385
100 30 761135
1049 10 110612
1712 14 489703
1873 954 511770
1748 668 109404
912 430 404212
3206 1687 697473
3549 928 176898
3551 227 223183
4115 4111 9324
4004 709 349277
4236 657 642908
360 148 1776
483 361 797418
2890 451 456404
3801 2264 773080
3917 915 23404
1450 1390 157056
685 494 948166
1855 1123 371210
3965 3302 576434
207 52 70626
1753 212 630933
1176 191 220074
2381 325 131961
3675 1623 37356
899 80 153255
4076 1843 135442
164 37 633912
1128 179 400985
1816 1128 474152
3730 2901 54979
2666 961 444076
699 141 774092
1041 343 366214
2166 1061 125664
2357 635 522838
522 435 301003
4155 394 393011
3743 3154 683313
3670 2152 83834
2101 281 394559
316 276 696102
1302 1139 943457
4111 2327 632481
3618 3093 213366
3439 1406 993882
2365 370 621185
3289 1963 322520
1943 1578 104353
3451 1832 103310
4099 2635 901763
708 156 827439
1469 644 843414
765 98 447875
3154 2305 635199
4312 2857 362107
881 624 201870
3316 1514 441090
95 89 586737
4029 459 874644
3087 1287 753896
2576 715 569171
101 99 398713
2033 462 831576
2638 1690 345381
353 181 115847
3371 1970 932186
1591 53 41958
107 95 697514
1936 1622 82031
809 179 119356
4053 2141 992419
4251 2207 635202
2869 1748 772194
4355 2080 396203
3369 534 557881
2929 1744 113305
2011 1424 670267
511 293 580565
3199 380 300563
610 332 266114
1186 414 600664
989 917 809999
1062 806 849762
2906 2513 430385
3706 2616 338716
58 9 703569
2090 1382 255259
1819 986 638401
1022 593 248238
833 806 292533
3589 424 331127
2490 2274 306160
1511 1121 688057
631 27 752828
512 382 317617
2457 688 272350
1521 14 253162
2191 1573 845065
109 47 414476
1570 1037 217106
1080 719 792628
125 17 639716
853 478 79178
4308 1616 337397
4047 3542 443023
3874 350 847672
970 812 261942
4230 53 405973
4381 981 606389
3254 1535 574934
3686 1166 696859
3877 3092 308451
1030 453 623844
967 697 227888
1329 255 834763
3639 910 349365
1773 1553 775199
3934 2608 89118
3332 456 32793
3521 1304 945860
2725 25 527277
1604 679 59421
4217 2188 480095
3362 2784 926511
2782 1701 329752
1170 511 324811
1194 216 699897
2236 844 115575
1470 562 663535
628 552 312748
3528 1381 853384
1613 1294 112194
1984 751 149253
3827 1212 446312
213 138 492720
402 118 88920
1882 1088 362991
889 34 707978
2174 1414 632282
2609 1034 502056
663 370 777610
726 698 804547
619 562 752754
2420 375 170052
3796 569 919987
2327 984 207397
732 367 439082
2543 127 747297
949 193 18061
804 210 437352
3527 537 414070
285 117 930264
771 406 892670
750 105 482985
540 65 427406
4013 3772 370983
718 139 236978
3774 1699 176614
738 477 630639
4258 2183 64753
8 6 763223
1904 508 732547
2438 1035 848218
2289 2262 940602
888 395 663647
4280 2749 792136
1854 565 170644
3361 1433 754092
4045 933 848386
2897 226 274529
4080 2994 992996
2486 1643 826645
2439 1394 271993
301 207 934940
3620 1688 498584
4266 2721 742438
371 173 447236
3933 343 138670
4336 2102 821312
169 38 207541
1508 702 637348
2961 768 830255
1351 1059 104049
3607 2781 124988
3186 2464 653474
1687 552 787865
849 754 100675
552 156 250136
678 314 974214
2683 1276 417421
2742 1801 809236
1487 1203 487819
2997 2455 113889
1736 132 680079
97 78 935683
3994 3190 278458
2623 2329 185668
2133 708 362693
1622 1245 294326
2917 444 695280
3630 3337 328198
72 9 797563
2035 231 424340
4330 372 175769
53 3 97666
4163 2991 293474
4205 147 142923
1660 1619 546248
2508 1898 178199
551 396 782732
725 718 703628
3601 2443 135217
3343 2855 344678
3882 59 753457
1891 201 596682
2375 2333 12336
4383 1893 391383
1475 178 860590
3780 2859 89343
788 552 385536
2620 2604 636757
2658 1187 625601
1510 1194 146086
884 711 476165
1349 571 746445
1630 653 683726
2665 1312 572546
3773 2113 683587
2135 1302 550771
1269 176 763549
2868 13 768598
4001 2119 420324
2452 2342 118717
2841 2383 992538
1866 811 508587
3584 2001 781878
208 8 150054
4175 925 934931
181 154 588941
4281 1696 956586
4109 3253 296428
1557 585 78846
3167 3025 244622
2783 1351 339094
48 26 644562
2522 2095 481584
1583 11 371521
1683 1012 867508
4318 1887 833567
3410 2108 442215
3753 279 353792
4298 1715 387745
2864 1282 80029
4380 201 459457
3129 2504 598759
2020 921 655903
2392 932 738971
1620 1237 737154
4191 2815 4567
4179 3823 441171
2645 1164 608812
1786 162 811282
2589 2356 676532
832 381 648072
1698 1125 648934
3567 872 109693
4038 1639 616999
3664 2994 248298
1432 120 564387
4194 1705 670321
4108 2129 914141
1474 58 461324
877 180 323651
358 303 304452
2696 1781 133702
3731 613 740707
2373 2188 572329
3835 2334 16683
4087 2968 180695
4369 3321 111176
2605 1403 143609
2792 2147 677444
1818 1469 967112
1641 1266 12794
2932 362 690272
596 468 464589
1273 279 885014
3568 2529 216729
3895 2470 282252
4020 344 143338
3240 811 655747
3258 2245 109036
4211 2753 904304
4173 3759 660579
4000 1261 344977
745 336 144541
2649 359 235137
214 153 446436
312 47 8074
1571 548 774712
1545 613 301627
64 55 714300
3602 231 988987
2424 1660 951983
1988 1887 668893
1577 994 333278
3431 1602 529461
3923 375 439768
3844 1257 890665
3040 3032 149731
2332 1926 180043
3403 2242 596525
3540 1982 48678
3901 1238 274565
2277 1885 664214
1280 1094 227723
3404 3181 31965
2837 1414 41125
2870 2079 737012
3852 900 719220
3298 428 519903
887 11 961479
1815 763 452036
1725 831 681422
4192 1768 287101
1083 250 771537
4365 457 500524
2790 202 46689
3288 2823 306319
1892 855 671055
2211 1784 827668
1860 720 157149
2606 2549 304366
4166 572 976178
3847 2796 796584
1918 1690 174610
4075 322 403001
210 8 700940
4165 3975 379481
3417 310 259510
3854 3291 409492
547 189 591830
2819 2789 412637
1716 582 227874
4095 2205 712356
1625 1125 120107
3623 2208 776427
3428 1137 497621
3347 2596 524117
3851 2763 767434
4100 3561 966848
1282 1051 611247
2600 812 642708
2282 1007 363479
1420 191 170012
3635 1678 523447
4361 1033 527125
839 500 782491
1749 1495 470021
1840 1102 411479
2874 2115 211534
144 14 113727
2808 2471 141635
2855 2322 886234
2615 1796 660666
4294 2091 637845
4261 3552 334499
1734 870 278901
972 456 578520
3090 538 55759
671 574 584181
3990 2131 332411
932 640 600553
2820 515 133958
2940 1974 259725
1431 1061 473063
3213 914 603637
3402 2468 471477
1202 70 264069
1031 339 465814
2121 1548 698438
1486 47 269051
1678 1594 663161
909 357 678858
918 754 437804
293 107 506844
2902 2166 735626
3216 718 436713
3159 1568 314359
1254 1146 702656
2538 193 45597
1441 777 634044
2016 1041 347008
3681 1504 151795
3860 1962 579417
3016 1247 274352
572 192 120481
4293 1527 543076
848 682 844076
870 398 10904
2080 1912 73656
3767 1552 482470
3122 2906 898502
1685 519 547241
297 100 466408
2813 236 778162
3832 3237 88156
1871 1292 429053
1362 929 787800
3376 3352 698851
1231 869 200230
1759 81 888336
2660 1998 973938
940 624 124344
4171 3004 445410
3091 2764 595334
4235 2229 452453
2954 1843 563477
2414 486 249167
530 411 429859
391 302 611364
9 4 494083
1820 1180 488562
4176 2157 222225
4226 3810 287205
328 127 148203
1443 1145 624981
4332 991 553950
4300 2496 320994
1998 341 972063
1325 1226 646595
3722 3096 971196
510 49 781019
1079 724 14738
4319 262 640909
598 475 712767
1762 757 544338
1201 823 540890
2931 1112 20937
3424 3098 789154
4071 3660 123086
943 499 317813
3768 2991 319885
2037 1523 732227
130 77 915096
3395 2362 733441
423 122 45752
868 357 19554
900 533 506561
3043 1444 625347
3617 2220 280106
1294 990 304485
1897 701 849947
2896 2873 551329
707 113 881990
477 203 894871
3919 2863 977531
244 18 545832
3927 659 231479
54 35 553829
2285 1312 430269
3519 1974 26759
3235 1771 110505
4150 3342 164000
4337 2966 964160
4023 812 511889
196 107 308171
1502 136 299646
3749 1198 95078
1713 111 391359
295 176 875796
2569 1667 974040
3594 2097 707541
3978 3062 600236
1242 1135 179707
569 259 429805
585 195 199097
251 36 609175
3330 409 341821
3423 2468 817502
1228 735 81855
1452 1120 155300
351 316 285210
3964 3064 942128
1253 620 992668
2583 2138 127388
3637 2163 163481
1837 441 450765
2134 173 992452
2246 156 609321
3413 3021 915648
1858 756 924483
3555 2157 118259
1603 504 147290
855 801 688156
3761 174 771780
4172 1257 482919
4323 3112 880421
4062 2527 91647
2164 2065 534756
1747 724 139556
3466 2286 186144
16 10 742973
4136 1122 127838
1369 754 10159
997 259 901831
1378 1369 707310
860 559 173520
1232 991 99476
370 236 475385
3253 1845 356720
274 165 582522
1674 1411 740064
3450 2231 19898
1533 1322 59362
140 95 787843
3523 2941 729511
4027 3536 391411
4187 3237 514409
1844 12 219508
2406 2277 986367
2002 1573 39726
4353 4001 532334
1688 1423 818426
2259 1393 102147
2401 109 951962
3127 1543 715230
2444 445 991464
4088 3670 699153
3366 467 623181
3998 1448 906154
338 192 372339
700 158 971276
1667 373 119933
803 28 214725
502 122 154869
2575 168 128987
2494 805 43590
1903 691 590440
553 36 944875
472 450 326184
2563 184 619495
1212 506 484497
1008 297 504311
1957 1285 221091
126 70 423813
2766 1381 252031
3766 562 464990
3189 2845 764860
1800 1285 789030
3928 2951 839608
4357 1738 774474
1373 1176 17388
3606 1015 167223
4056 3365 631043
2482 225 402569
904 156 244589
1632 33 430023
1784 1497 320367
1113 40 263693
3793 2617 472701
3689 3422 130313
2153 1457 877514
253 25 621226
4354 392 996447
1539 1092 692758
3476 2841 446891
175 172 232028
1334 1056 114906
638 334 57513
94 45 465768
2959 2494 161726
2488 613 152760
1124 287 634273
3284 897 940896
377 249 143443
737 45 344839
3648 2230 426243
872 577 174451
1251 775 935041
1306 464 79644
3987 541 489397
73 64 545861
2778 2353 768977
987 781 514508
2994 1014 369156
3593 1553 873983
2097 691 763889
47 36 779121
2215 763 458015
3716 1414 679373
68 34 978034
2403 1446 583467
3379 2470 453786
996 361 502497
2884 1021 170122
2411 2109 348700
754 216 197612
4018 3583 224367
1709 853 230867
1548 1354 582378
4241 2362 506417
3544 3223 922735
197 175 129290
1752 662 449025
1861 1770 163624
2451 802 443678
3026 1752 431440
4360 1919 367631
1642 280 555574
77 19 541629
3742 3274 112301
206 27 120070
4313 3717 745505
2603 2125 312592
1573 957 743624
4025 2343 859549
3032 1376 750294
32 7 3296
2803 2135 360240
2258 101 793808
924 229 959652
378 225 564346
17 15 415255
528 93 215067
1053 1003 241919
282 277 197870
2962 373 635154
623 100 499779
3925 3261 909117
1626 501 219345
890 439 877402
356 299 549517
4104 1238 389532
1733 1706 954491
1954 698 683533
306 228 103237
2066 1796 833083
2750 2749 659466
438 103 445230
2243 64 109368
2558 845 547293
2642 1159 181213
2974 1333 474593
1324 68 26938
2428 1719 308393
2736 605 288410
1595 1418 675440
4224 2483 448737
80 70 237100
1004 244 681192
2995 928 53192
3306 3124 5832
2126 622 69653
2402 261 991221
3776 669 899388
729 42 372814
3579 2999 997560
3100 758 620273
3837 3567 163266
350 94 452244
1193 92 21964
4391 2384 958546
2272 804 526833
1244 199 565250
1845 315 917100
2737 1678 859534
1336 1313 580489
1180 412 243395
4138 1415 897306
3352 3114 531428
3520 328 858155
2407 192 51780
413 321 995320
254 205 644307
3453 1437 354333
1376 240 119353
2555 273 459917
200 90 894497
3945 609 715783
702 52 565592
2216 2157 126982
463 80 682582
740 304 526008
4195 2675 601563
1433 1334 35442
746 148 281278
4343 3090 776738
3368 1324 465730
342 172 434565
3975 120 702891
1010 901 272282
3625 2653 485200
1467 1034 909078
4264 830 114160
1737 619 872409
393 50 938634
4065 1456 731873
640 112 598247
354 76 561790
4362 352 884859
2465 1973 80133
2980 639 726188
948 516 263561
1223 660 240178
798 439 635143
3649 813 889696
2346 2015 3937
3022 388 214401
3123 1892 565774
4122 395 763111
2064 698 616271
1219 303 962816
74 38 346469
509 239 669674
1499 134 832897
2723 155 749001
3226 2007 700796
3437 1694 577558
3728 415 596744
4243 2811 15546
4008 1388 957478
3911 339 393307
192 99 432858
567 302 859382
3633 2234 699612
3286 2093 954734
1588 1144 494737
3713 3589 575075
1063 408 753145
2029 1018 825607
2483 1418 252394
3096 1322 995757
2745 1357 927165
913 800 285219
1921 1334 76551
1589 797 705474
273 9 736971
1512 1498 984835
1696 1251 563117
2894 1539 405716
3888 219 198762
186 39 155563
3770 2059 884743
793 59 632987
4135 1294 967495
869 702 351845
272 144 980897
3989 1893 85392
1646 1508 22193
802 309 750460
2493 2387 607406
1407 678 238579
1358 1098 636636
895 106 850113
2351 1137 420995
3656 2301 853894
1482 826 766495
1836 685 152457
303 184 927193
3814 753 910799
3608 1015 980150
1014 931 178284
1987 390 426703
2032 1449 591450
2900 2859 772993
1750 1290 809608
947 768 632293
3406 655 783924
835 321 618179
4311 1650 757436
163 104 702402
2048 202 252210
1779 301 175459
2670 343 89390
427 293 432687
219 65 37864
3208 2552 916590
1720 521 198662
146 57 507802
1425 1124 844274
976 410 134355
3744 3712 684848
923 645 5652
2730 2602 41902
430 148 101990
2562 2418 795485
1405 567 416404
4116 2692 729472
2359 1836 529822
3897 1593 299587
1208 363 975794
1411 246 334797
1235 1072 524823
606 346 245720
1706 915 66156
1312 108 607297
4106 1364 228753
1419 351 467931
1581 1176 120484
789 304 375369
3565 1401 225263
1069 232 213388
2764 1317 594271
2476 378 331161
2709 852 68664
2132 2079 600495
2624 2397 575304
797 214 751911
104 100 814874
2794 2152 275981
2353 1519 387883
1513 866 822766
299 87 993762
2704 2306 734770
2887 1035 973947
2454 1277 449196
1795 1129 551045
2421 1554 355248
2679 1792 711501
3515 1619 990629
3614 1179 71578
2526 248 970010
346 84 882970
721 273 381598
476 205 870045
2196 296 21066
4092 497 264961
1250 1114 382370
3297 2803 243693
397 241 574301
2515 1343 876291
3301 1318 398016
2060 589 941135
262 197 274737
3782 105 974789
3142 294 750603
4041 2953 920362
2306 1048 771950
830 159 642193
3341 794 655001
236 172 232329
1131 451 82170
4346 933 966293
4186 3323 352708
3494 2945 993308
153 109 141571
1611 164 709154
1316 1086 982188
1971 652 293943
3997 1820 251577
3241 2824 260526
3099 527 381747
2005 1683 586449
3355 3157 788752
2468 650 745683
3353 1308 858304
3687 923 127750
1177 975 802819
1019 41 393806
2195 1726 237373
19 17 748758
4370 2533 231756
61 49 540226
89 22 559001
838 407 937700
4052 3995 754733
2415 1681 176306
2026 245 55047
2767 1728 627064
2323 1812 865067
462 101 981258
523 483 936252
1465 347 15549
3613 3254 265037
2851 2065 409942
2801 2118 263989
2303 1349 540355
2781 2346 611809
1020 177 393801
2518 1964 467951
2343 315 462654
1544 741 577528
3473 2116 290360
3848 501 440108
2148 1536 640005
2892 2020 329701
1456 435 515420
2625 249 848565
1536 1368 71764
1073 67 551361
1084 682 997716
2611 2547 835091
150 105 533323
1381 677 463402
4121 4024 189281
1211 950 678229
862 787 81517
1077 544 899136
478 405 709480
1636 207 836173
3726 3292 456226
882 482 671974
2432 1603 471283
3708 1326 151826
2349 1909 156533
1718 625 679431
1498 1059 871344
983 132 241024
1463 271 93334
2111 395 936014
1271 584 450161
3323 1139 268339
1286 853 850969
1192 955 153581
2250 2203 46250
1404 21 750160
3427 2994 492469
2542 482 959703
3111 433 547318
3331 2719 417660
602 219 814022
1746 61 921670
2394 8 381906
1480 768 754403
1144 633 335628
2149 1677 597750
1997 1619 271328
141 14 946482
3232 84 835434
1833 385 66408
3922 2294 164838
3657 2700 154845
2566 2298 755176
864 632 453984
174 133 201997
227 102 199899
1326 469 887153
3176 2257 842087
2389 1640 968226
3552 370 920997
594 177 801365
1783 919 919050
1556 749 384472
3482 1108 210426
411 404 299848
2368 661 7257
3448 2532 627908
2449 1580 943581
1150 142 418465
405 218 543592
216 113 792864
3677 10 100118
938 514 353757
2823 2608 583185
1236 942 931464
1035 436 592557
2074 274 297625
3401 2011 690673
2260 1827 154304
1198 466 281970
865 819 33243
988 440 215271
2769 2129 827628
1333 918 635512
294 250 82314
1661 566 35992
2095 1695 535767
1514 755 218517
1788 343 715825
3939 3440 673389
281 86 336749
1471 1021 828452
3740 1683 282817
110 17 736723
1857 1242 69888
1635 506 688835
535 451 410444
2301 546 249978
1864 1403 825799
3591 3436 637589
193 96 612682
2176 1085 382679
1001 155 414554
2710 1714 961217
3704 458 319319
1929 523 59811
3929 3699 660663
2076 1309 510385
1853 1832 255859
4225 2055 877977
2140 547 220544
933 596 100884
3009 1838 105025
3050 1610 122300
3505 650 255611
608 294 15325
2087 1782 10441
3117 730 937486
1964 1714 45969
2107 1359 814914
4185 3414 583478
2273 1591 399130
103 68 660175
1922 23 244093
1568 1112 43288
3646 3461 484907
3915 779 463464
3615 995 465102
1905 416 798307
366 206 327379
780 749 514225
3868 112 787575
425 126 124335
1932 163 181925
2694 1585 298340
3758 2614 601023
3411 1881 902582
4081 478 410235
2716 2419 20126
748 699 297776
3307 1763 577689
92 3 408240
1792 200 772448
3039 1190 288665
1293 960 208283
4196 2594 680679
1006 357 926674
412 234 17036
1654 312 647076
132 118 725187
2512 1894 320379
81 72 94369
3383 2185 580415
