306 12152650
238976657
670573788
246768966
129985393
782304611
746354497
331380217
642150423
827288660
851542952
218373349
307058211
619058816
643393289
954295752
723141695
353784551
39934306
58595714
968781146
590181099
267846194
154945177
321468198
888688854
73337598
27882424
24282267
55153746
454516176
201079339
919711859
611459824
703620531
5470309
637944747
280957601
234113848
777143931
210117640
553918016
307409652
494965927
55805072
152192518
249065984
662669765
985730061
836382227
7292024
450776537
21197709
702508268
464061948
148179591
933586661
231027192
382623794
398525337
600727337
120347650
845328705
893676925
788206901
725306811
633432
146515397
42823208
427533364
628136485
164388773
305310180
53057384
127197535
316243064
751063951
42396336
28524861
837196859
382296597
552560461
700362236
495886864
257731747
753624802
216234332
225856189
474481453
582908406
41119011
476672811
82039017
578392695
435842457
792622823
10969298
907099698
532253707
553257124
261329959
145848156
422539593
826250935
73142505
698371852
328696360
54895002
356823648
408249790
670912512
5514346
400437143
513165778
331566894
466576744
132102619
351644171
555523475
110408315
68995392
854811153
456008467
729508781
821634332
84485359
746948120
962630058
612375690
557014933
195266061
35093572
989030632
433476439
185427939
21911794
175271001
232284781
298552463
272828748
58249284
884410481
938834825
64312720
896538579
655253732
482217295
856639776
729238645
31052713
586716640
598060290
325598301
178521479
698301250
403270239
541524737
810391724
78228988
542071556
838142875
296503589
107926428
180312036
142765483
509168999
705853235
232155028
52011891
618428617
201940948
342898382
671878778
589523464
816205081
541262063
358098442
989638082
807317406
643791481
355342770
252480251
341006723
706245521
369198532
54550938
322731758
260075649
742741976
116406509
655444615
743209527
860327751
525742113
19568634
945958085
270616497
370500299
404436601
11194847
775119736
156710242
278090040
121781600
530557506
10598851
65694703
37987270
641569147
158407084
445662043
174407345
537827024
697831233
70599101
231319400
103200438
467234698
105079641
841129300
999846625
174131954
73178360
556867714
629483213
718632393
48317543
920286245
289358393
88770243
70426358
397167378
79910822
958245752
692273146
687430723
450659548
118830818
671184203
82256725
87062886
467407330
199640518
721104650
287927057
975317435
954235852
43133383
209930353
621953173
895177666
318713367
666124636
786543099
557091471
342726438
612731757
128096606
238638113
912792902
42040451
809069712
976697833
944516206
185688895
323007561
831038298
44072630
469964681
696360614
395345005
570597084
698220811
706309029
355760672
630160579
985538484
619359658
801736946
232944623
35374647
650721789
26485609
528901130
316365962
535143753
406865549
91740513
760691816
375356447
561007722
659183463
298019279
455182193
60081298
133664562
680221058
67046167
712273560
974659577
847461768
714251342
74639510
883260316
962868139
885827636
421280680
