270 853569456
71713628
134777631
209559499
267088332
750538267
555550639
717321636
244392301
48347089
428834429
604004205
924729993
626761501
980248087
749276974
362222696
308523153
914560160
140945700
499528232
207178036
7158353
844044351
230714170
9921790
227376115
155605154
174677474
496974175
14914918
815302183
307118523
361467320
87369758
812460760
238421553
707724255
695817632
460932983
972376837
965804704
84353033
5338615
278554828
779179063
430203016
495401472
282809201
308702423
429945311
404200815
524308654
541872934
743985893
6771923
50173079
953881279
152271111
387621873
41704463
796493999
798127811
93955137
3778897
442843128
880625196
647256943
927694441
66229265
730687337
913791451
869991352
79241059
745170229
972703514
799957619
939077070
852042080
170945139
272385828
976322850
424183628
708518754
549343272
704668071
838931057
607405592
220692527
809013909
928624346
129081337
419273920
811872412
77029286
164897821
863665842
893549662
206928777
600707023
167991988
95588080
855612744
801736465
421036486
87402588
224610368
661281046
443356093
939282466
414543071
65236167
788012483
836070323
421571881
477504831
92341973
649493748
876678453
56376910
320304707
515814081
54155693
72044794
93551667
912946535
557538385
149534201
880980511
922635561
274874485
633295417
161485138
286413500
44673919
219562328
592907119
320146379
147239786
152527916
826631403
391478643
655340358
541426492
213285773
781389000
872615861
61038917
892158197
551259983
515867503
985228214
148447506
236083586
690310591
834749748
924330666
248213327
166488324
505378839
828485591
960260249
924494641
484264683
36422788
203338677
345774669
188239600
721887476
623735278
473964787
896626331
51455547
128623618
743211731
594040851
5298371
779382947
301743408
30177204
171469000
69028087
193666401
951743631
430800604
57964312
187456336
109355752
697711205
40091796
904568829
206089910
700283930
68119790
69448700
114132007
552361097
189492764
175544306
949915162
922954388
328091911
681802524
680032931
588324335
762269710
68242377
733616523
400032163
575881603
306878427
439897805
669193359
525355564
863649097
292596505
671572450
143290819
411972768
514100309
273584546
289562487
256260478
856829463
416589096
971340905
844572438
409689132
984967073
956927024
434337455
83108629
384908431
132028245
731724836
805413509
686524486
978022359
94341221
102129124
149579887
138054568
117317620
861355214
50426505
579041582
815500138
713120149
596541027
285106628
156579824
593561019
290469027
513880631
517318598
283837561
971536706
731521353
163590847
331354939
241411597
553803313
243881666
125098017
222726437
660368664
100814411
354191999
521420672
387466654
63978729
