198 388984956
884638452
768218021
135107796
541425282
687038348
321524876
341720824
596326937
342914764
583351847
80364155
12655445
494552152
506539570
339304955
935351994
70549479
516492062
10776682
855924164
588688324
338364559
222308235
901656928
399871309
387936733
558468728
770533489
233196919
840777875
748780574
82062924
714096968
2384627
573990846
734440764
561355867
766676081
976060270
201895166
789610848
933207091
878534807
871374150
885734041
792608151
308414069
24483896
400859231
127768237
311114906
825530608
73118619
303866553
576472939
283345915
252204109
544016562
218265761
71142364
1204744
851209669
199511497
434726280
25366643
640575955
796223684
697305834
196170186
83338223
264982088
146902880
426641243
981082849
990657117
897744956
879889418
499010982
133474529
199982404
528880333
871826413
281233413
280115506
459303729
84226203
223151822
565532724
113708499
703569480
286480277
93809261
426348264
359402944
204578951
569058930
13933238
851213444
695672357
128865230
995067928
574177094
752773061
969308031
12882173
163856496
874020367
763904631
1282282
49222302
184647041
563195932
187043188
601581855
499328236
307919048
392512710
666537591
95896053
117923402
837754401
397835488
904567700
637419107
422254167
326071493
670924440
123157321
653745743
434156870
682248226
653943336
992418693
468165815
614830629
428244892
495869575
844647200
59409900
510813752
553033081
940769471
200752276
846812930
33725073
653478529
764706190
70611956
591805595
374169229
907047711
89178749
203724151
526878393
697872607
689942526
123889302
637810450
579345981
661621838
992871808
557729369
944653561
823737398
591678033
773035649
100343209
209220597
634348600
165430578
709114933
957961661
59274743
449806921
699467355
4698165
506356326
585529941
655432235
656368885
997222127
46633243
295190668
553939213
64791059
769552915
660432309
607747966
592396772
107751657
131883445
380196287
300457097
169241598
450512620
115850298
122477757
570177764
