107 992942232
677930188
5062456
64245983
85771439
606235163
23664967
738412992
145663965
124589626
93017063
93390152
194524854
326336349
754490360
207908423
985219968
353410830
181161034
478502687
849040569
223439017
634682916
211898952
287574417
334373345
420943808
485529805
357442668
943567673
884374733
538792652
60845409
61513867
605059308
465706490
709956286
500181380
372471348
585434653
2191233
861968422
772241838
787115409
625957856
91322693
253865946
436968900
577934274
33776395
844513064
997425082
748443460
671700340
16358527
28855433
775381814
335152338
526945210
197965277
429021595
769936458
528295974
521601141
592884268
32027734
92064005
501563557
185094357
650682177
117745678
610621138
234139702
649740717
984775659
521751545
631744036
804610320
440102585
15805480
303055398
53291059
754613900
10208516
234110968
732654514
295074280
413602369
293576715
494029951
807560777
166295085
944706051
256132703
788829340
746813990
194057016
362300011
601268675
11751198
250362678
890920849
676440853
714294302
714897980
824223504
281750236
848172225
