342 170670308
406272453
353853593
284011202
992816918
814038186
789609171
945438799
39941313
606230230
126767827
980160606
836870077
758938083
306538492
159281761
936577046
546464060
312693795
123696607
290615948
973085859
675952147
465780467
559771411
619972271
66815497
752708813
726370644
613366086
41568313
734340144
384788778
8903207
319904072
50963442
889984294
1674596
772508368
93354879
595342092
142031328
383015391
984626007
833120851
525140437
67830648
682454411
688683689
364094800
732122384
497319491
370570349
10660018
184170770
437103675
817000242
655656753
760525660
556945218
12266563
444299606
744980416
840849593
572733210
860319613
120674436
645741082
157984743
788804696
378101986
415051631
740661776
879324524
361773961
807233494
702170283
998264722
205105946
355899396
344723717
276248951
976508075
135804095
966087454
950032412
593603143
844241250
875786795
356802903
6162796
971747933
597320467
197396561
794655628
272798642
158305522
773198854
710094990
505741689
207184282
48657352
989531978
850699869
872764941
161890236
285364240
301025309
122774787
24766298
779831073
93308940
12861802
337679345
241529139
455615890
24281313
53860130
86852082
16857768
670136893
46357345
857959546
239554655
549651460
403606135
788939742
628176730
491287284
191459842
115624868
436891728
816543357
580473843
473632839
824326795
905020227
144455950
449799604
393096811
142383517
377440622
222394829
734682596
579758617
529020159
91753193
504789756
566253558
363296258
657565777
63375950
355298216
268475789
853775557
119176073
158751575
225053704
842551541
431378929
995316576
780165041
143809032
23875805
101591762
814966553
65964569
276037688
234587123
613121957
929982645
936654081
292400313
50423309
36682078
488516043
858480465
52409568
165374987
257471293
686634651
288383230
488248742
460812946
307596460
51137565
605392524
558279194
787772747
340204869
553869585
132845496
20371572
983331668
969688569
777784162
988904664
404056954
780878080
72474532
627186779
132812222
874344787
711013918
325274261
111477112
210532373
342390785
735655250
888448980
731929307
908884117
259009810
17725013
425032752
170042294
387279241
791178576
945637394
20674643
578559520
58799725
889997938
256905966
989893746
318505770
399546296
430916126
741167824
220678999
558966077
563742480
774978749
637012379
652755919
716997122
214794611
407122925
247928881
62482630
171931228
944309276
134578072
580788549
525427610
371527752
92906031
520630266
970803328
811414374
486226324
43865714
894329366
911689152
596929881
254098899
253926809
524639091
313619844
494230866
990120184
916852463
709513999
911450811
296135001
985613691
413811304
586502381
565992338
857738158
579227634
931012699
53969072
495755766
85339778
468539276
359473267
980911893
748164068
915966876
65768912
361131680
60150100
944179385
24476014
208580479
494154757
648753831
236076073
971859567
960642973
552478525
146094994
70740610
173081782
465639141
735331437
964650910
379667806
467703071
57754930
309942010
413346200
714353407
47384205
449729956
74958298
546281899
855842782
665952510
310598541
243232990
901214649
910727996
131411857
964249959
37184103
332939240
622698678
891376554
433606755
104086111
925853251
411651102
988118238
334068305
111635058
240465870
858354747
139080772
846502642
992563417
737498772
831333393
180575076
547307762
481255475
934644582
225484767
9403872
35572250
762737218
184054124
