500 2000
1998
1996
2000
2000
1997
2000
1999
1992
1999
2000
1997
1994
1999
2000
1998
1998
1996
2000
1995
2000
2000
2000
2000
1998
1995
2000
2000
1999
1998
1999
2000
1998
2000
1999
2000
1999
1999
2000
1996
1247
1999
1998
2000
1998
2000
2000
2000
2000
1999
2000
2000
2000
2000
1999
1994
2000
2000
2000
2000
2000
2000
2000
2000
2000
1992
1989
1999
1997
2000
1999
2000
2000
1994
2000
2000
2000
1999
2000
2000
1997
1999
2000
1999
1999
2000
2000
2000
1999
2000
2000
1999
1998
1996
2000
2000
1999
1999
1999
2000
1997
1999
1999
2000
1999
1997
1975
1998
1911
2000
1999
2000
1987
1999
2000
1998
2000
1995
2000
1999
1999
1998
1994
1993
1995
1999
1998
1999
1998
2000
1999
1999
2000
1997
1999
1999
1999
2000
2000
1998
1999
1999
2000
2000
2000
2000
1998
1999
2000
1998
2000
2000
1998
1999
2000
2000
1995
1996
1998
1999
1998
2000
1998
1999
2000
2000
1995
2000
1998
2000
2000
2000
2000
2000
1997
1998
2000
2000
1993
2000
1996
2000
1996
1997
2000
1999
1998
1999
2000
2000
1999
1998
2000
1999
2000
2000
1999
2000
1998
1997
2000
1994
1995
2000
1996
2000
2000
2000
2000
1999
1997
1998
2000
1996
2000
1999
1998
2000
2000
1997
2000
1997
2000
1999
1999
1998
2000
1998
1998
2000
2000
1996
1997
1996
1999
2000
2000
1998
1995
1992
1999
2000
1997
2000
1997
2000
1990
2000
2000
2000
1996
1998
1992
1999
1996
1999
1999
1989
1999
1999
2000
2000
1999
2000
2000
1999
1993
2000
1996
2000
1998
1996
1998
1998
1998
1995
2000
2000
2000
1999
1999
1999
1999
2000
1998
2000
2000
1999
2000
2000
1998
1997
1999
1999
1997
1999
1999
1998
2000
1999
1998
2000
1999
1998
2000
1998
1998
1996
2000
1999
1923
1998
1999
1999
1996
1998
2000
2000
2000
1999
1997
1994
2000
1999
1999
1975
1998
2000
2000
1992
2000
1999
1998
2000
1999
1999
1998
1998
2000
1999
1998
2000
1998
1998
1999
1999
2000
2000
1999
2000
1998
1997
1998
1998
2000
1996
1998
1999
1998
2000
1998
1999
1999
1995
1999
2000
2000
1999
1998
1999
1997
1998
2000
1998
1995
2000
1995
1998
2000
1995
1999
1803
2000
1999
2000
1999
1997
1993
2000
1998
2000
2000
1995
2000
1999
1996
1999
2000
2000
1999
2000
1984
2000
1999
2000
1997
2000
1996
1999
1998
2000
2000
1999
2000
2000
2000
2000
1994
2000
2000
2000
2000
2000
2000
1997
2000
2000
1997
1999
1999
1998
2000
2000
1997
1997
1997
1998
1999
2000
1997
1999
1998
1998
1996
1999
2000
1999
2000
1998
1998
1997
1999
1999
2000
1999
2000
1998
1997
1996
2000
1996
1999
1999
2000
1997
1998
1997
1999
2000
1999
1996
2000
1999
2000
1996
1999
1999
2000
1999
2000
1997
2000
1997
2000
2000
2000
1999
1995
2000
1999
1997
1998
1999
2000
1996
1998
1993
1999
2000
1998
2000
