750 5000
4
1
6
3
2
6
11
8
9
1
2
6
1
3
2
2
1
17
28
5
4
15
5
7
3
4
2
7
10
14
10
3
4
5
2
3
1
3
7
8
2
2
7
18
9
4
2
22
1
5
11
10
16
3
3
3
4
5
3
1
3
18
3
3
1
9
1
2
3
6
2
1
12
8
1
1
10
2
4
6
4
11
9
4
10
3
7
4
7
12
3
19
1
11
15
7
14
3
5
2
6
3
1
4
6
11
18
2
4
11
1
2
2
19
3
11
5
2
3
2
1
6
7
1
6
12
2
1
3
1
1
12
11
10
15
10
19
4
2
2
13
2
8
2
2
5
200
12
4
8
2
2
11
1
12
2
4
2
8
4
1
5
16
9
11
3
6
2
6
5
11
2
1
2
5
4
5
6
6
18
1
1
6
38
17
3
35
1
5
4
3
6
2
13
9
3
1
3
5
12
5
9
17
5
13
7
2
4
6
9
19
2
2
11
2
5
4
12
2
10
3
23
6
2
18
19
4
1
1
1
6
1
1
3
7
3
2
6
1
7
5
32
4
44
1
2
4
26
2
24
2
4
3
2
3
8
2
2
10
7
4
6
1
18
3
13
2
15
9
1
2
15
8
1
9
1
11
1
2
1
9
1
25
7
2
1
1
9
11
5
5
11
13
2
10
22
5
3
9
3
31
10
23
2
1
2
8
5
5
3
3
3
18
16
1
4
9
19
3
3
5
6
4
5
4
1
3
1
8
3
1
1
8
1
1
20
6
1
3
2
4
24
3
3
16
14
9
5
2
1
11
1
3
4
10
8
5
1
8
1
13
19
17
21
6
5
16
2
11
8
8
5
2
5
3
2
1
8
4
10
7
16
11
5
9
17
5
4
5
2
2
5
5
4
5
7
7
9
2
3
7
10
1
9
17
5
9
5
20
7
3
5
18
9
28
9
2
4
3
3
6
4
7
2
3
3
4
1
8
1
3
10
6
3
1
9
19
16
1
10
8
14
10
11
8
12
6
2
1
7
7
5
10
2
1
1
2
3
12
8
16
2
1
13
2
11
7
4
17
7
12
8
2
5
1
9
5
3
8
4
8
2
7
2
11
7
15
20
5
4
8
1
6
24
15
7
8
20
5
3
3
6
13
4
12
12
1
30
5
1
159
8
2
5
12
6
1
5
1
12
8
7
9
12
8
5
3
5
1
23
6
6
2
10
1
3
6
13
3
1
4
3
3
6
5
1
9
1
9
3
4
10
5
3
4
1
2
2
7
13
6
4
14
8
12
4
3
3
5
6
8
5
8
8
9
9
1
15
4
8
4
7
1
5
5
10
4
14
1
8
7
6
4
14
13
2
2
30
16
15
3
8
4
2
2
6
1
9
2
18
7
3
1
5
1
1
5
7
5
2
8
5
7
1
11
3
4
6
38
14
1
6
19
4
5
7
5
4
22
10
1
12
1
7
2
11
4
9
14
15
14
9
7
8
2
7
5
3
6
2
2
2
7
3
7
19
18
3
2
4
2
30
3
1
4
7
3
5
6
9
7
1
4
11
6
6
16
1
5
12
16
4
2
11
6
6
2
9
5
4
4
18
1
18
4
5
18
19
2
7
2
5
2
3
4
6
27
5
2
11
7
19
9
5
10
3
4
10
2
6
16
8
2
4
5
1
13
1
1
1
2
1
18
2
4
3
5
8
11
12
