1000 10000
9998
9997
10000
9998
9999
10000
10000
9989
9994
10000
10000
9999
10000
9994
9998
9998
10000
10000
9997
10000
9998
10000
10000
9998
9997
10000
10000
9996
9998
9996
9999
9996
10000
9999
10000
10000
10000
10000
10000
9999
9999
9998
9994
9999
10000
10000
9996
10000
9999
9999
9999
10000
9996
9998
9998
9995
10000
10000
10000
9999
9996
9999
10000
10000
9999
10000
9997
9999
9997
10000
10000
10000
10000
10000
10000
9999
9998
10000
9996
9997
10000
9990
10000
10000
9998
9994
9994
10000
10000
9999
10000
9985
9995
10000
10000
9991
9999
9997
10000
10000
9999
10000
10000
9999
9996
9998
9997
9997
9998
10000
10000
9998
9996
9999
9999
9998
10000
10000
10000
9999
9999
10000
9995
9999
9997
9997
9999
10000
9998
10000
9997
9996
9998
9999
9999
9994
10000
10000
9999
9991
9994
10000
10000
10000
9997
10000
9999
9996
10000
9997
9999
9998
10000
9996
10000
10000
9999
9999
9990
9997
9999
10000
9994
9998
9991
9998
9993
9997
9994
10000
9992
10000
9997
9997
9997
10000
9998
10000
9999
10000
9995
10000
10000
9998
9736
9998
9996
9997
9990
10000
9996
10000
9997
10000
9998
9993
9999
10000
9998
10000
9998
9999
10000
10000
9997
9999
10000
9997
9993
9995
10000
9993
9998
9999
9999
10000
9999
9987
9999
9999
9998
9998
10000
9998
10000
9999
9996
9997
9996
9999
9998
9998
10000
10000
10000
9995
9998
9996
9999
10000
9992
9997
9996
9997
9997
10000
9999
9997
9999
9998
10000
9999
10000
9996
10000
9995
10000
9998
9996
9994
10000
10000
10000
10000
10000
9997
9999
9988
9995
10000
9999
9990
10000
9995
9995
9999
10000
9998
9999
10000
9999
10000
10000
9997
9996
9999
10000
9999
9997
9994
9993
9999
10000
10000
9996
10000
9999
10000
9998
9998
9995
9997
9998
9999
10000
9998
9998
10000
9997
9997
9982
9993
10000
9999
9999
9998
10000
9998
9999
9998
10000
9996
9994
10000
10000
9998
10000
10000
9992
9998
10000
10000
10000
9999
9998
10000
10000
9998
10000
9999
10000
9999
10000
9999
9994
10000
9997
9998
9998
9994
9998
9996
9998
9999
10000
9997
9998
9998
9997
9996
9995
10000
10000
9994
10000
9997
9998
10000
9996
9996
9998
9994
9999
9999
10000
9998
10000
10000
9999
9998
9996
10000
9995
9999
9997
9998
9999
9999
9999
9999
10000
9998
9993
10000
10000
10000
9994
10000
9998
9990
10000
9998
10000
9755
9993
9999
9993
9986
9999
9999
9999
9996
9999
9997
9999
10000
9998
9992
10000
10000
9994
10000
10000
9999
10000
10000
9991
9993
9997
9999
10000
9992
10000
9997
9999
9998
9996
9999
9999
10000
9998
9997
9999
9999
10000
9997
9998
10000
10000
9997
10000
9997
9998
9998
9999
10000
9999
10000
9996
9998
9993
9999
9994
10000
9999
9996
10000
10000
9995
9998
9999
9999
10000
10000
9997
10000
9998
10000
9999
9999
10000
9999
9997
10000
9993
9999
10000
9997
10000
9995
10000
10000
10000
10000
10000
9997
9999
9998
9997
10000
9999
10000
10000
10000
9999
10000
9998
9992
10000
9996
9989
10000
9999
9997
10000
9998
9999
10000
9999
10000
9993
9999
9996
10000
9998
9998
10000
9995
9999
9997
10000
9988
9996
9999
9998
9998
10000
10000
9995
10000
10000
9999
10000
10000
9989
9993
9997
9999
9989
9999
9993
10000
9999
9997
9994
10000
10000
9997
10000
10000
9997
10000
9995
9998
9997
10000
9998
9995
10000
9997
9996
9999
9999
9999
9998
9996
10000
10000
9999
9999
10000
9999
9999
9986
9993
9994
9999
9999
10000
9998
9994
10000
10000
10000
9997
10000
9999
9998
10000
9992
10000
10000
10000
10000
9999
10000
10000
10000
9989
9999
9999
9998
10000
9998
10000
10000
9996
9995
9997
9995
9996
10000
10000
9999
9999
10000
10000
10000
9994
10000
9997
9992
9998
9996
10000
10000
9999
10000
9999
10000
9998
9995
9993
10000
9994
9999
10000
9996
10000
9997
9998
9998
9998
9997
10000
10000
9997
9999
9998
9998
9998
9996
9999
10000
10000
9999
9999
10000
10000
9997
9999
10000
9999
9998
10000
10000
9998
9998
9998
9994
9998
9996
9992
9995
9987
9997
9998
9996
9994
10000
9999
10000
10000
10000
9999
9999
9995
9999
9995
9999
9997
10000
10000
10000
9999
9998
10000
10000
10000
9995
9999
9997
9998
10000
9998
9999
10000
9999
9997
9998
10000
10000
10000
9999
9995
10000
9999
9999
9999
10000
10000
9999
9999
10000
9998
9999
9998
9999
10000
10000
9998
10000
9998
9996
9998
9999
10000
10000
9993
10000
10000
9998
10000
9999
9999
9992
10000
10000
9999
10000
9993
9999
10000
10000
9995
9999
9998
10000
10000
9996
9999
9997
9995
9999
10000
9999
9999
9993
9996
9997
9997
9998
9998
10000
9999
9999
9994
10000
9996
9995
9993
10000
9995
10000
10000
9998
9999
9998
10000
10000
9999
9992
10000
10000
9999
9998
9996
10000
9996
9996
9997
10000
9992
9998
10000
9999
10000
9999
9998
10000
9990
9998
9999
10000
10000
9999
9998
9998
10000
9995
9996
10000
9993
9997
10000
10000
9999
9998
10000
10000
9990
10000
10000
10000
9999
10000
9996
9997
9997
10000
9999
9992
9996
9990
9999
9999
9997
9999
9999
9996
10000
9999
9996
9997
10000
9999
9998
9998
9998
10000
10000
9999
9996
10000
9998
9996
9998
9999
9993
9999
10000
10000
10000
9999
10000
9999
10000
9997
9999
9999
9997
10000
9999
10000
9999
9999
9997
10000
9991
9999
9995
9996
10000
10000
9997
10000
9999
9998
9998
10000
10000
10000
10000
9997
10000
9998
9998
10000
10000
9999
9999
9996
9999
9998
9999
9999
10000
9994
9998
9999
10000
9996
10000
9997
9996
9999
9994
9999
9997
9999
9993
10000
9999
9993
10000
10000
9998
10000
10000
9999
10000
10000
9999
9999
9996
9989
9998
10000
10000
9998
9997
9998
9998
9999
10000
9991
9996
10000
9996
10000
9998
10000
9999
9997
9999
9999
9999
10000
10000
9998
10000
9999
9999
10000
9999
10000
10000
9993
10000
9999
10000
10000
9999
10000
9999
10000
9998
9996
9999
9993
